0.4215396046638489,0.4148079752922058,0.7224875092506409,0.45834511518478394,0.34747591614723206,0.7337782382965088,0.6651408672332764,0.23992803692817688,0.6748185157775879,0.775199830532074,0.253288209438324,0.5556660294532776,0.6779293417930603,0.2791764438152313,0.6218704581260681,0.5959861278533936,0.45584267377853394,0.7431157827377319,0.2896081507205963,-0.006731629371643066,0.300947904586792,0.043537139892578125,-0.3750115931034088,0.27543312311172485,0.3176649510860443,-0.4938502013683319,0.009677648544311523,0.5352717638015747,-0.4215303063392639,-0.2195338010787964,0.42464113235473633,-0.27648958563804626,-0.05605888366699219,0.31680968403816223,-0.16602778434753418,0.14712965488433838,-0.16623452305793762,-0.4535076320171356,0.30767953395843506,0.05026876926422119,-0.6759594678878784,0.23189598321914673,0.6926765441894531,-0.7692832946777344,-0.3079873025417328,1.029121994972229,-0.43120795488357544,-0.7548055648803711,0.8461714386940002,-0.05695578455924988,-0.4807000160217285,0.5932992696762085,-0.10996890068054199,-0.16968002915382385,-0.00020673871040344238,-0.6006373167037964,-0.287273108959198,0.8395110964775085,0.8141096234321594,0.7272495627403259,0.5637848377227783,0.4988762140274048,0.7900105118751526,0.8038285970687866,0.47431430220603943,0.7845590710639954,0.8143234848976135,0.4906477630138397,0.7768199443817139,0.7716109156608582,0.5290157198905945,0.8000785112380981,0.7002283930778503,0.5907453894615173,0.7957634329795837,0.6220870018005371,-0.02540147304534912,-0.11226153373718262,-0.2503247857093811,-0.22837334871292114,0.22622567415237427,0.30495238304138184,-0.31569620966911316,-0.01926952600479126,0.3400091826915741,-0.29391130805015564,-0.03750354051589966,0.28096315264701843,-0.24780422449111938,0.02846759557723999,0.17121267318725586,-0.2093331217765808,0.0955350399017334,0.031341612339019775,-0.17367643117904663,-0.0868600606918335,-0.22492331266403198,-0.11611181497573853,0.47655045986175537,0.533325731754303,-0.541921854019165,-0.3242219090461731,0.6557053923606873,-0.2746417820453644,-0.37751272320747375,0.5748744606971741,-0.21030068397521973,-0.25249555706977844,0.41901689767837524,-0.2378007173538208,-0.07567763328552246,0.24067473411560059,-0.26921147108078003,-0.2050180435180664,1.8320038318634033,1.8023958206176758,1.715636134147644,1.8637510538101196,1.8637510538101196,2.0662789344787598,2.0662789344787598,1.7309634685516357,2.4607908725738525,2.4607908725738525,1.3029226064682007,2.9523122310638428,2.9523122310638428,1.2647254467010498,2.115046262741089,2.115046262741089,2.4939005374908447,2.6208901405334473,2.6208901405334473,-0.02960801124572754,-0.11636769771575928,0.06135523319244385,0.14811491966247559,0.20252788066864014,0.20252788066864014,-0.335315465927124,0.3945119380950928,0.7298274040222168,-1.1578682661056519,0.49152135848999023,1.649389624595642,-1.687586784362793,-0.8372659683227539,0.8503208160400391,0.37885427474975586,0.5058438777923584,0.12698960304260254,0.0,-0.08675968647003174,0.09096324443817139,0.26448261737823486,0.1411726474761963,0.05441296100616455,-0.5378433465957642,0.19198405742645264,1.0651428699493408,-1.5523802042007446,-0.23830604553222656,2.807257890701294,-2.179108142852783,-2.4866557121276855,2.537907600402832,1.2161202430725098,-0.34447693824768066,-0.2518646717071533,-0.5058438777923584,-0.12698960304260254,1.8320038318634033,1.8023958206176758,1.715636134147644,1.8637510538101196,1.8637510538101196,2.0662789344787598,2.0662789344787598,1.7309634685516357,2.4607908725738525,2.4607908725738525,1.3029226064682007,2.9523122310638428,2.9523122310638428,1.2647254467010498,2.115046262741089,2.115046262741089,2.4939005374908447,2.6208901405334473,2.6208901405334473,-0.02960801124572754,-0.11636769771575928,0.06135523319244385,0.14811491966247559,0.20252788066864014,0.20252788066864014,-0.335315465927124,0.3945119380950928,0.7298274040222168,-1.1578682661056519,0.49152135848999023,1.649389624595642,-1.687586784362793,-0.8372659683227539,0.8503208160400391,0.37885427474975586,0.5058438777923584,0.12698960304260254,0.0,-0.08675968647003174,0.09096324443817139,0.26448261737823486,0.1411726474761963,0.05441296100616455,-0.5378433465957642,0.19198405742645264,1.0651428699493408,-1.5523802042007446,-0.23830604553222656,2.807257890701294,-2.179108142852783,-2.4866557121276855,2.537907600402832,1.2161202430725098,-0.34447693824768066,-0.2518646717071533,-0.5058438777923584,-0.12698960304260254,-1.5229195356369019,-1.5229195356369019,-0.24386699497699738,-0.7268154621124268,-0.7609163522720337,-0.7609163522720337,-0.7818931341171265,-0.879987895488739,-0.879987895488739,-0.568864107131958,-1.0102635622024536,-1.0102635622024536,-0.7271556854248047,-0.9959388375282288,-0.9959388375282288,-0.6031979918479919,-0.6031979918479919,-0.533255398273468,-1.791944980621338,0.0,1.279052495956421,0.7961040735244751,-0.5170493721961975,-0.034100890159606934,-0.020976781845092773,-0.11907154321670532,-0.09809476137161255,0.311123788356781,-0.1302756667137146,-0.4413994550704956,0.2831078767776489,0.014324724674224854,-0.2687831521034241,0.3927408456802368,0.3927408456802368,0.06994259357452393,-1.1887469291687012,-1.2586896419525146,1.279052495956421,0.7961040735244751,-1.7961018085479736,-0.830204963684082,0.49607259035110474,-0.08497065305709839,-0.07711797952651978,0.43019533157348633,-0.03218090534210205,-0.7525232434272766,0.4133835434913635,0.45572417974472046,-0.551891028881073,0.37841612100601196,0.6615239977836609,-0.3227982521057129,-1.581487774848938,-1.3286322355270386,-0.06994271278381348,0.004513179883360863,0.004513179883360863,0.028864657506346703,0.005020931363105774,0.0004775896668434143,0.0004775896668434143,0.0012015290558338165,0.0012015290558338165,0.0056618619710206985,0.00456617958843708,0.00456617958843708,0.0063653262332081795,0.0063653262332081795,0.00324746104888618,0.00324746104888618,9.748357115313411e-05,9.748357115313411e-05,0.0034546961542218924,0.0,0.0,0.02435147762298584,0.0005077514797449112,-0.02838706783950329,-0.00454334169626236,0.0007239393889904022,0.0007239393889904022,0.004460332915186882,0.003364650532603264,-0.0010956823825836182,0.001799146644771099,0.001799146644771099,-0.0031178651843219995,-0.0031178651843219995,-0.003149977419525385,-0.003149977419525385,0.0033572125248610973,-9.748357115313411e-05,-0.0034546961542218924,0.02435147762298584,0.0005077514797449112,-0.05273854732513428,-0.005051093176007271,0.02911100722849369,0.005267281085252762,0.00373639352619648,0.0026407111436128616,-0.0055560152977705,-0.0015655038878321648,0.0028948290273547173,-0.004917011596262455,-0.004917011596262455,-3.211223520338535e-05,-3.211223520338535e-05,0.006507189944386482,0.00305249379016459,-0.006811908446252346,-0.0033572125248610973,0.30908429622650146,0.2794762849807739,1.471769094467163,1.1369355916976929,1.102834701538086,1.305362582206726,1.2843858003616333,0.8509755730628967,1.5808029174804688,1.8919267654418945,0.29265904426574707,1.9420486688613892,2.225156545639038,0.26878660917282104,1.1191074848175049,1.5118482112884521,1.890702486038208,2.087634801864624,0.8289451599121094,-0.02960801124572754,1.1626847982406616,0.857459306716919,-0.36893439292907715,0.1684269905090332,0.18155109882354736,-0.45438700914382935,0.29641711711883545,1.0409512519836426,-1.2881438732147217,0.05012190341949463,1.932497501373291,-1.673262119293213,-1.1060490608215332,1.2430615425109863,0.7715950012207031,0.5757865905761719,-1.0617573261260986,-1.2586896419525146,1.1922928094863892,0.8870673179626465,-1.5316191911697388,-0.6890323162078857,0.5504854917526245,-0.6228139996528625,0.11486601829528809,1.4953382015228271,-1.5845609903335571,-0.990829348564148,3.2206413745880127,-1.7233840227127075,-3.038546562194824,2.916323661804199,1.8776440620422363,-0.6672749519348145,-1.8333523273468018,-1.8344762325286865,-0.19693231582641602,3.3549232482910156,3.325315475463867,1.959503173828125,2.590566635131836,2.6246674060821533,2.827195167541504,2.848172187805176,2.6109514236450195,3.3407788276672363,3.0296549797058105,2.3131861686706543,3.962575912475586,3.6794679164886475,2.260664224624634,3.110985040664673,2.7182443141937256,3.0970985889434814,3.1541454792022705,4.412835121154785,-0.029607772827148438,-1.3954200744628906,-0.7347488403320312,0.6651642322540283,0.23662853240966797,0.22350478172302246,-0.21624374389648438,0.49260663986206055,0.418703556060791,-1.027592658996582,0.9329209327697754,1.3662817478179932,-1.7019116878509521,-0.5684828758239746,0.4575800895690918,-0.013886451721191406,0.4359011650085449,1.3157365322113037,1.2586896419525146,-1.3658123016357422,-0.7051410675048828,2.060584306716919,0.9713773727416992,-0.44165945053100586,-0.45287227630615234,0.2691018581390381,0.6349472999572754,-1.5201992988586426,0.5142173767089844,2.393874406814575,-2.6348326206207275,-1.9347646236419678,2.159491777420044,0.5545964241027832,-0.021678924560546875,1.3296229839324951,0.8227884769439697,-0.05704689025878906,0.6611913442611694,0.6622779369354248,0.6568231582641602,0.7863074541091919,0.8397372364997864,0.7487856149673462,0.7359989285469055,0.7695822715759277,0.8691526651382446,0.865956723690033,0.6056572794914246,1.0585477352142334,1.0601447820663452,0.5676039457321167,0.7724320292472839,0.7987233996391296,1.0108040571212769,0.9456523656845093,1.0365368127822876,0.001086592674255371,-0.004368185997009277,0.12402951717376709,0.18291407823562622,-0.0375218391418457,-0.10373830795288086,0.020796656608581543,0.1331537365913391,0.09637445211410522,-0.26349538564682007,0.19259101152420044,0.45448750257492065,-0.4909437894821167,-0.2877127528190613,0.23111945390701294,0.23837202787399292,0.14692896604537964,0.025732755661010742,0.09088444709777832,-0.0054547786712646484,0.12294292449951172,0.1872822642326355,-0.1615513563156128,-0.2866523861885071,0.058318495750427246,0.23689204454421997,0.07557779550552368,-0.3966491222381592,0.09621655941009521,0.7179828882217407,-0.6835348010063171,-0.7422002553939819,0.7220632433891296,0.5260847806930542,-0.0841904878616333,-0.21263927221298218,-0.05604451894760132,0.06515169143676758,0.4580577313899994,0.26449084281921387,1.55927312374115,0.5135870575904846,1.0771689414978027,0.0894317775964737,0.008326646871864796,1.1530587673187256,0.5019778609275818,0.07655712962150574,0.3142263889312744,0.774893045425415,0.6606485843658447,1.1343297958374023,1.0219683647155762,0.8046174645423889,0.3697650730609894,0.10808506608009338,2.5624163150787354,-0.19356688857078552,1.1012153625488281,0.24909621477127075,-0.48210418224334717,-0.4241552948951721,-1.0688422918319702,1.063627004623413,0.49365121126174927,-1.0765016078948975,-0.18775147199630737,0.6983358860015869,0.3464221954345703,0.3594367504119873,0.36131978034973145,-0.3297123312950134,-0.6522033214569092,-0.6965323686599731,2.1926512718200684,2.454331159591675,1.294782280921936,0.4426631033420563,-1.5833195447921753,-0.6732515096664429,-0.586738109588623,1.4877822399139404,1.5624935626983643,-2.1401286125183105,-0.6814026832580566,1.7748374938964844,0.5341736674308777,-0.3388991355895996,0.014897584915161133,-0.6891490817070007,-1.0135231018066406,-0.3668200373649597,2.8448545932769775,3.1508636474609375,0.26167988777160645,24.331396102905273,22.646949768066406,19.216629028320312,13.030233383178711,10.017240524291992,23.93844223022461,25.645858764648438,10.565779685974121,26.526792526245117,26.92056655883789,8.841723442077637,24.979148864746094,24.828962326049805,10.175918579101562,23.206438064575195,20.298503875732422,15.297435760498047,24.357868194580078,16.874326705932617,-1.6844463348388672,-5.114767074584961,-9.616716384887695,-9.19938850402832,10.908208847045898,15.628618240356445,-13.372662544250488,0.8809337615966797,16.354785919189453,-17.685070037841797,-1.9414176940917969,15.987238883972168,-14.803230285644531,-1.6225242614746094,10.12258529663086,-7.909002304077148,4.059364318847656,1.5768909454345703,-7.483541488647461,-3.4303207397460938,-7.932270050048828,-4.084621429443359,20.524925231933594,24.828006744384766,-24.280872344970703,-14.747684478759766,29.727447509765625,-18.566003799438477,-18.29620361328125,33.67230987548828,-12.861812591552734,-17.609764099121094,24.92581558227539,-6.286478042602539,-6.063220977783203,9.485893249511719,-11.542905807495117,-9.060432434082031,0.0011646460043266416,0.00017227220814675093,0.0016918142791837454,-0.0005679306341335177,0.00038300215965136886,3.72266185877379e-05,0.001522211590781808,6.219973147381097e-05,0.0010323385940864682,-0.0004978058277629316,-0.0008980449056252837,2.7045785827795044e-05,-0.0005153753445483744,6.00593966737506e-06,-0.0004492099105846137,0.0002119962009601295,0.006957371719181538,0.00032529584132134914,0.007975221611559391,-0.0009923737961798906,0.0005271682748571038,-0.0007402028422802687,-0.0013088120613247156,0.000605157227255404,0.0011392093729227781,2.4973112886073068e-05,-0.0004898729966953397,-0.0005600055446848273,-0.001930383499711752,0.0005248516099527478,0.0003826695610769093,-2.1039846615167335e-05,6.616543396376073e-05,0.0002059902617475018,0.007406581658869982,0.00011329964036121964,0.0010178498923778534,0.007649925537407398,0.0015195420710369945,0.00025217095389962196,-0.0018359803361818194,0.0013453600695356727,0.0024480214342474937,-0.0005801841034553945,-0.0016290823696181178,-0.0005849786684848368,-0.0014405105030164123,0.0010848571546375751,0.0023130530025810003,-0.0005458914674818516,-0.00031650412711314857,0.00022703010472469032,0.007340416312217712,-9.269062138628215e-05,-0.006388731766492128,0.0075366259552538395,0.006632075645029545,-241962816.0,-229742880.0,-202522224.0,-122513248.0,-90043392.0,-248619888.0,-264733120.0,-97578936.0,-273703744.0,-284285888.0,-79172080.0,-252270432.0,-254203712.0,-89703696.0,-234971520.0,-204010128.0,-144394608.0,-255348528.0,-157087232.0,12219936.0,39440592.0,107229632.0,112478832.0,-126106640.0,-174689728.0,151040960.0,-8970624.0,-186706944.0,194531664.0,32015456.0,-175031632.0,162566736.0,19232192.0,-114306432.0,90576912.0,-51338400.0,-12692624.0,98261296.0,27220656.0,95009696.0,73038240.0,-233336272.0,-287168576.0,277147584.0,165719104.0,-337747904.0,203502288.0,218722400.0,-369563296.0,130551280.0,194263824.0,-276873152.0,71344720.0,62968032.0,-103269536.0,149599696.0,110953920.0,3.5544145107269287,2.810778856277466,2.2031116485595703,1.503079891204834,0.9240152835845947,5.162264347076416,5.671069622039795,1.026416301727295,9.990687370300293,9.916426658630371,0.22840727865695953,15.26024341583252,15.226058959960938,0.28958550095558167,4.320570945739746,4.186831474304199,3.3763175010681152,8.699721336364746,5.993575096130371,-0.7436356544494629,-1.3513028621673584,-1.3076989650726318,-1.2790963649749756,3.659184455871582,4.747054100036621,-4.135848045349121,4.319617748260498,8.890010833740234,-9.762280464172363,5.343816757202148,14.997652053833008,-14.970658302307129,-10.905488014221191,3.8972458839416504,-0.9442534446716309,4.512889862060547,2.617257595062256,-2.706146240234375,-0.6076672077178955,-0.564063310623169,0.07220649719238281,4.966883659362793,6.026150703430176,-7.795032501220703,-0.42743635177612305,13.025858879089355,-14.081897735595703,-3.546194076538086,24.759933471679688,-20.314476013183594,-25.903141021728516,18.867904663085938,9.961235046386719,0.6156439781188965,3.5615110397338867,-7.219036102294922,-5.323403835296631,0.2106134444475174,0.20809327065944672,0.3614206314086914,0.22981424629688263,0.17394408583641052,0.36776602268218994,0.33415231108665466,0.11977921426296234,0.33881956338882446,0.3887290060520172,0.12668299674987793,0.27797603607177734,0.33950817584991455,0.1391707956790924,0.311440646648407,0.29889115691185,0.2274012416601181,0.3725771903991699,0.14410215616226196,-0.0025201737880706787,0.150807186961174,0.021720975637435913,-0.18747654557228088,0.1379517763853073,0.16020822525024414,-0.2479868084192276,0.0046672523021698,0.26894980669021606,-0.21213656663894653,-0.11075296998023987,0.21282517910003662,-0.13880524039268494,-0.02806752920150757,0.15972036123275757,-0.08403940498828888,0.07368603348731995,-0.08329908549785614,-0.22847503423690796,0.1533273607492447,0.024241149425506592,-0.3382837176322937,0.1162308007478714,0.347684770822525,-0.3859385848045349,-0.15554097294807434,0.5169366002082825,-0.21680381894111633,-0.37970277667045593,0.42496174573898315,-0.02805227041244507,-0.2408927083015442,0.2985256016254425,-0.05597187578678131,-0.08603432774543762,0.0007403194904327393,-0.3021610677242279,-0.14517594873905182,0.8629587888717651,0.8285269141197205,0.45359066128730774,0.532598078250885,0.5088366270065308,0.6069105267524719,0.7275310754776001,0.5856773853302002,0.7414291501045227,0.6471518278121948,0.5206073522567749,0.7987062931060791,0.6936222314834595,0.5548135042190552,0.7018470168113708,0.643346905708313,0.6098647117614746,0.6086280345916748,0.7455898523330688,-0.03443187475204468,-0.4093681275844574,-0.29592883586883545,0.05524596571922302,0.07431244850158691,0.21869444847106934,-0.02123314142227173,0.013898074626922607,0.06147444248199463,-0.2208217978477478,0.15155446529388428,0.17301487922668457,-0.24389278888702393,0.008224785327911377,0.08853340148925781,-0.09198230504989624,-0.034718871116638184,0.13572514057159424,0.13696181774139404,-0.3749362528324127,-0.26149696111679077,0.4646140933036804,0.37024128437042236,0.1634484827518463,-0.09554558992385864,-0.20479637384414673,0.08270758390426636,-0.2347198724746704,0.09008002281188965,0.3938366770744324,-0.3954472541809082,-0.1647900938987732,0.33242619037628174,-0.10020709037780762,-0.123252272605896,0.22770744562149048,0.17168068885803223,0.0012366771697998047,0.7446978688240051,0.6864568591117859,0.20574449002742767,0.2836607098579407,0.2589147388935089,0.3683403730392456,0.5293014645576477,0.3430179953575134,0.5497171878814697,0.4188055098056793,0.2710320055484772,0.637931764125824,0.4811117649078369,0.3078180253505707,0.49258923530578613,0.41389527916908264,0.3719349503517151,0.3704281151294708,0.5559042096138,-0.05824100971221924,-0.5389533638954163,-0.4027961492538452,0.05317024886608124,0.08467966318130493,0.2703867256641388,-0.025322377681732178,0.02041572332382202,0.0757875144481659,-0.27868518233299255,0.21912625432014465,0.21007975935935974,-0.3301137387752533,0.011477470397949219,0.10607725381851196,-0.12065428495407104,-0.043467164039611816,0.18396925926208496,0.18547609448432922,-0.480712354183197,-0.344555139541626,0.5921236276626587,0.48747581243515015,0.21721647679805756,-0.11000204086303711,-0.24997100234031677,0.10110989212989807,-0.2991009056568146,0.14333873987197876,0.4887649416923523,-0.549239993095398,-0.19860228896141052,0.43619099259376526,-0.13213175535202026,-0.14954441785812378,0.304623544216156,0.22894325852394104,0.0015068352222442627,-0.4166189134120941,-0.5198599696159363,0.379111647605896,0.28899362683296204,0.20704728364944458,0.08528315275907516,-0.040252357721328735,0.5797370672225952,0.2821917235851288,0.42962756752967834,-0.43289366364479065,0.35287564992904663,0.5941773056983948,-0.32876551151275635,-0.3073961138725281,0.19759801030158997,0.49824270606040955,0.3940384089946747,-0.056531935930252075,-0.10324105620384216,0.7957305908203125,0.8088536262512207,-0.17206436395645142,-0.20371046662330627,-0.24729964137077332,0.49445390701293945,0.3224440813064575,-0.15010949969291687,-0.7150853872299194,-0.07675191760063171,1.0270709991455078,-0.681641161441803,-0.9015734195709229,0.5263634920120239,0.8056387901306152,0.19644039869308472,-0.5547746419906616,-0.45057034492492676,0.898971676826477,0.9120947122573853,-0.9677949547767639,-1.0125640630722046,-0.0752352774143219,0.6981643438339233,0.5697437524795532,-0.6445634365081787,-1.037529468536377,0.07335758209228516,1.7421563863754272,-0.6048892736434937,-1.9286444187164307,1.2080047130584717,1.707212209701538,-0.3299230933189392,-1.3604134321212769,-0.6470107436180115,0.10420429706573486,2.2206315994262695,2.3994388580322266,2.274838924407959,2.9350404739379883,3.2004683017730713,2.545386791229248,1.8814553022384644,2.665523052215576,2.330550193786621,2.646200180053711,2.610703229904175,3.107222080230713,3.6729040145874023,2.2127957344055176,2.5298869609832764,2.2838375568389893,2.876586675643921,3.276188850402832,3.9523205757141113,0.17880725860595703,0.05420732498168945,0.5356016159057617,0.9256293773651123,-0.38965368270874023,-1.319012999534607,0.12013626098632812,0.44909489154815674,-0.019322872161865234,0.2801530361175537,0.46102190017700195,1.0622007846832275,-0.8944263458251953,-1.143017053604126,0.07104182243347168,0.34669971466064453,0.9923512935638428,1.0757339000701904,0.6761317253112793,-0.12459993362426758,0.3567943572998047,0.8714220523834229,-0.925255298614502,-2.2446422576904297,0.5097899436950684,1.7681078910827637,-0.13945913314819336,-0.16894185543060303,0.4803447723388672,0.7820477485656738,-1.3554482460021973,-2.2052178382873535,0.965468168258667,1.4897167682647705,0.9213094711303711,0.7290341854095459,-0.3162195682525635,-0.39960217475891113,211.61288452148438,208.2335968017578,362.688720703125,230.08924865722656,174.4329071044922,368.356689453125,333.9007263183594,120.44387817382812,338.7588806152344,389.15032958984375,127.15068054199219,278.9443359375,340.3205261230469,140.14657592773438,312.178955078125,299.1850280761719,228.83302307128906,373.04412841796875,145.38328552246094,-3.3792877197265625,151.07583618164062,21.85565185546875,-188.2558135986328,138.26744079589844,159.4678192138672,-247.91281127929688,4.858154296875,268.7064514160156,-211.6082000732422,-110.20599365234375,213.1698455810547,-138.79776000976562,-28.141571044921875,159.0384521484375,-83.34593200683594,73.85910034179688,-83.44973754882812,-227.6608428955078,154.4551239013672,25.234939575195312,-339.3316650390625,116.41178894042969,347.7236328125,-386.18023681640625,-154.6096649169922,516.6192626953125,-216.4663543701172,-378.9124450683594,424.7780456542969,-28.591766357421875,-241.31141662597656,297.8362121582031,-55.20436096191406,-85.17935180664062,-0.1038055419921875,-301.51995849609375,-144.2111053466797,0.5861546993255615,0.59568852186203,0.6792978048324585,0.41321057081222534,0.36688363552093506,0.7253754138946533,0.7843009233474731,0.13804909586906433,0.556046724319458,0.6909463405609131,0.35352712869644165,0.518571138381958,0.6602010726928711,0.35727596282958984,0.7236546277999878,0.5972212553024292,0.42005178332328796,0.7269988059997559,0.3307061791419983,0.009533822536468506,0.09314310550689697,-0.1824779510498047,-0.31241416931152344,0.312164843082428,0.4174172878265381,-0.5873262882232666,-0.22825419902801514,0.5528972148895264,-0.20251959562301636,-0.17237520217895508,0.30667394399642944,-0.16129517555236816,0.0634535551071167,0.23994529247283936,-0.30360284447669983,0.12977755069732666,-0.08934560418128967,-0.39629262685775757,0.08360928297042847,-0.1920117735862732,-0.4055572748184204,0.49464279413223267,0.7298314571380615,-0.8994911313056946,-0.6456714868545532,1.140223503112793,0.02573460340499878,-0.7252724170684814,0.5091935396194458,0.011080026626586914,-0.24322038888931274,0.4012404680252075,-0.36705639958381653,-0.1101677417755127,0.21425724029541016,-0.5260701775550842,-0.3069470226764679
0.03249306604266167,0.02617262862622738,0.6051122546195984,0.2588161528110504,-0.40828290581703186,0.6307026147842407,0.40723082423210144,-0.46511510014533997,0.31872013211250305,0.7045863270759583,-0.09132295101881027,-0.053283099085092545,0.5256929397583008,0.3132190704345703,-0.204437717795372,0.283364474773407,0.6194905042648315,-0.24200721085071564,-0.05036192387342453,-0.006320437416434288,0.5726191997528076,0.23264352977275848,-1.0133951902389526,0.3718864619731903,0.8155137300491333,-1.0958176851272583,-0.08851069211959839,1.1697014570236206,-0.4100430905818939,-0.7578694224357605,0.6170158982276917,0.36650216579437256,-0.730130672454834,-0.02985459566116333,0.8239282369613647,-0.5253716707229614,-0.6698524355888367,0.1916452944278717,0.5789396166801453,0.23896396160125732,-1.5860143899917603,0.13924293220043182,1.828908920288086,-1.467704176902771,-0.9040244221687317,2.265519142150879,-0.32153239846229553,-1.9275708198547363,1.0270589590072632,1.1243715286254883,-1.3471465110778809,-0.3963567614555359,1.5540589094161987,-0.4955170750617981,-1.4937806129455566,0.7170169353485107,0.8614977598190308,1.1074748039245605,0.9799582958221436,1.0349318981170654,1.1907274723052979,1.173433780670166,1.4035362005233765,1.5533936023712158,1.278401494026184,1.0803335905075073,0.9685027003288269,0.9138901829719543,1.0275182723999023,1.103763222694397,1.0393974781036377,0.9939649701118469,1.2442456483840942,1.2089548110961914,1.0546690225601196,0.9423555731773376,-0.127516508102417,-0.07254290580749512,0.2107691764831543,0.13850188255310059,0.2128087282180786,0.3799598217010498,-0.12513470649719238,-0.4730600118637085,-0.3098987936973572,-0.16644340753555298,0.05901557207107544,0.18987303972244263,0.011879205703735352,-0.10979825258255005,0.20484817028045654,0.21498984098434448,-0.1895766258239746,-0.26659923791885376,-0.11231344938278198,0.054973602294921875,0.3382856845855713,0.2110447883605957,0.0020395517349243164,0.24145793914794922,-0.337943434715271,-0.8530198335647583,-0.1847640872001648,0.3066166043281555,0.3689143657684326,0.3563164472579956,-0.04713636636734009,-0.2996712923049927,0.1929689645767212,0.32478809356689453,-0.39442479610443115,-0.48158907890319824,0.07726317644119263,0.15428578853607178,3.3205299377441406,3.3205299377441406,2.9177732467651367,2.9177732467651367,2.632042169570923,4.710803985595703,4.710803985595703,3.3010153770446777,2.7671432495117188,2.7671432495117188,2.386317491531372,3.5830767154693604,3.5830767154693604,3.2741246223449707,1.996201515197754,3.1973698139190674,3.1973698139190674,2.8133738040924072,2.0225167274475098,0.0,-0.4027566909790039,-0.4027566909790039,-0.28573107719421387,1.7930307388305664,2.0787618160247803,-1.4097886085510254,-1.9436607360839844,-0.533872127532959,-0.3808257579803467,0.8159334659576416,1.1967592239379883,-0.30895209312438965,-1.5868752002716064,-0.07675480842590332,1.2011682987213135,-0.38399600982666016,-1.1748530864715576,-0.7908570766448975,-0.4027566909790039,-0.4027566909790039,0.11702561378479004,2.1957874298095703,2.364492893218994,-3.202819347381592,-4.022422790527344,0.8759164810180664,1.5628349781036377,1.3498055934906006,1.577584981918335,-1.1248855590820312,-2.7836344242095947,0.23219728469848633,2.78804349899292,-0.30724120140075684,-2.376021385192871,-0.4068610668182373,0.38399600982666016,3.3205299377441406,3.3205299377441406,2.9177732467651367,2.9177732467651367,4.144240379333496,4.710803985595703,4.710803985595703,3.4390087127685547,2.809795379638672,2.7671432495117188,2.386317491531372,3.5830767154693604,3.5830767154693604,3.2741246223449707,3.5155787467956543,3.5155787467956543,3.1973698139190674,2.8133738040924072,2.795323610305786,0.0,-0.4027566909790039,-0.4027566909790039,1.2264671325683594,1.7930307388305664,0.566563606262207,-1.2717952728271484,-1.9010086059570312,-0.6718654632568359,-0.4234778881072998,0.8159334659576416,1.1967592239379883,-0.30895209312438965,-0.06749796867370605,0.2414541244506836,-0.3182089328765869,-0.7022049427032471,-0.40204620361328125,-0.018050193786621094,-0.4027566909790039,-0.4027566909790039,1.6292238235473633,2.1957874298095703,-0.6599035263061523,-3.064826011657715,-2.4675722122192383,0.5999298095703125,1.4775307178497314,1.4877989292144775,1.620237112045288,-1.1248855590820312,-1.2642571926116943,0.5504062175750732,-0.25071096420288086,-0.9436590671539307,-0.08383727073669434,0.684154748916626,0.38399600982666016,-3.2499465942382812,-3.2499465942382812,-2.141838788986206,-2.8946609497070312,-4.144240379333496,-4.144240379333496,-3.4390087127685547,-3.4390087127685547,-2.809795379638672,-2.037071704864502,-2.284989833831787,-2.284989833831787,-2.2223916053771973,-3.1292076110839844,-3.5155787467956543,-3.5155787467956543,-2.567566156387329,-2.795323610305786,-2.795323610305786,0.0,1.1081078052520752,0.35528564453125,-2.00240159034729,-1.2495794296264648,0.7052316665649414,0.7052316665649414,0.6292133331298828,1.4019370079040527,0.5248055458068848,-0.24791812896728516,0.06259822845458984,-0.8442177772521973,-1.293187141418457,-0.3863711357116699,0.9480125904083252,0.7202551364898682,-0.22775745391845703,0.0,1.1081078052520752,0.35528564453125,-3.1105093955993652,-1.6048650741577148,2.7076332569122314,1.9548110961914062,-0.0760183334350586,0.6967053413391113,-0.10440778732299805,-1.649855136871338,-0.4622073173522949,-0.5962996482849121,-1.3557853698730469,0.45784664154052734,2.2411997318267822,1.106626272201538,-1.1757700443267822,-0.7202551364898682,0.22775745391845703,0.003856658935546875,0.0032149553298950195,0.0032149553298950195,0.009574949741363525,0.009574949741363525,0.0044963061809539795,0.0044963061809539795,0.0004572868347167969,0.0004572868347167969,0.0016129612922668457,0.0031307339668273926,0.003948219120502472,0.0016524791717529297,0.001241445541381836,0.001241445541381836,0.004210293292999268,0.005636665970087051,0.005636665970087051,0.0,-0.0006417036056518555,-0.0006417036056518555,0.006359994411468506,0.006359994411468506,-0.005078643560409546,-0.005078643560409546,-0.004039019346237183,-0.004039019346237183,0.0011556744575500488,0.0026734471321105957,0.0023352578282356262,-0.0014782547950744629,-0.002706773579120636,-0.00041103363037109375,0.0029688477516174316,0.0043952204287052155,0.0014263726770877838,-0.005636665970087051,-0.005636665970087051,0.0,0.007001698017120361,0.007001698017120361,-0.011438637971878052,-0.011438637971878052,0.0010396242141723633,0.0010396242141723633,0.0051946938037872314,0.006712466478347778,0.0011795833706855774,-0.004151701927185059,-0.005042031407356262,0.0010672211647033691,0.005675621330738068,0.004806254059076309,-0.0015424750745296478,-0.010031886398792267,-0.007063038647174835,0.0,0.07058334350585938,0.07058334350585938,0.7759344577789307,0.02311229705810547,-1.5121982097625732,0.566563606262207,1.2717952728271484,-0.13799333572387695,-0.042652130126953125,0.7300715446472168,0.10132765769958496,1.2980868816375732,1.360685110092163,0.14491701126098633,-1.5193772315979004,-0.3182089328765869,0.6298036575317383,0.018050193786621094,-0.7728068828582764,0.0,0.7053511142730713,-0.047471046447753906,-2.288132667541504,0.5434513092041016,2.7839934825897217,-0.704556941986084,-1.3144474029541016,0.8680648803710938,0.14397978782653809,0.5680153369903564,1.2593574523925781,-1.153169870376587,-2.8800623416900635,-0.46312594413757324,2.1491808891296387,0.336259126663208,-1.4026105403900146,-0.7908570766448975,0.7053511142730713,-0.047471046447753906,-2.993483781814575,0.5909223556518555,5.072126388549805,-1.2480082511901855,-4.098441123962402,1.5726218223571777,1.4584271907806396,-0.3000495433807373,1.11537766456604,-1.7211852073669434,-4.1394195556640625,0.6900439262390137,5.029243469238281,0.7993850708007812,-3.5517914295196533,-1.1271162033081055,0.6117534637451172,6.570476531982422,6.570476531982422,5.059612274169922,5.812434196472168,6.77628231048584,8.8550443649292,8.149812698364258,6.740024089813232,5.576938629150391,4.804214954376221,4.671307563781738,5.868066787719727,5.805468559265137,6.403332233428955,5.511780261993408,6.712948799133301,5.7649359703063965,5.608697414398193,4.817840576171875,0.0,-1.5108642578125,-0.7580423355102539,1.716670036315918,3.0426101684570312,1.373530387878418,-2.115020275115967,-2.572874069213867,-1.9358091354370117,-0.9056310653686523,1.0638518333435059,1.1341609954833984,0.5352654457092285,-0.2936882972717285,0.3096165657043457,0.2531557083129883,-1.1042513847351074,-0.9470953941345215,-0.7908568382263184,-1.5108642578125,-0.7580423355102539,3.227534294128418,3.800652503967285,-0.3431396484375,-5.157630443572998,-3.946404457092285,0.17921113967895508,1.6672430038452148,2.9996609687805176,2.039792060852051,-0.5285863876342773,-1.427849292755127,-0.2256488800048828,0.5468440055847168,-1.4138679504394531,-1.2002511024475098,0.31339454650878906,0.15623855590820312,1.0148833990097046,1.0701631307601929,0.9317564368247986,0.8775456547737122,0.7859722375869751,1.277759313583374,1.230146050453186,0.9428988695144653,0.8579253554344177,0.8952905535697937,0.8006256222724915,1.1428841352462769,1.08099365234375,1.0043931007385254,0.624667763710022,0.919069766998291,0.9439902901649475,0.8837803602218628,0.6643717885017395,0.05527973175048828,-0.083126962184906,-0.1926174759864807,-0.1457841992378235,0.40021365880966187,0.44417381286621094,-0.3348604440689087,-0.3722206950187683,-0.04760831594467163,-0.05729973316192627,0.24759358167648315,0.28036803007125854,-0.13849103450775146,-0.456325888633728,-0.08532333374023438,0.31932252645492554,-0.03528940677642822,-0.279618501663208,-0.2194085717201233,-0.1384066939353943,-0.247897207736969,-0.06265723705291748,0.5928311347961426,0.5899580121040344,-0.7350741028785706,-0.8163945078849792,0.28725212812423706,0.31492096185684204,0.2952018976211548,0.3376677632331848,-0.3860846161842346,-0.7366939187049866,0.05316770076751709,0.7756484150886536,0.05003392696380615,-0.5989410281181335,-0.18411916494369507,0.06020992994308472,0.25905442237854004,1.3542777299880981,0.36723780632019043,0.16193658113479614,1.6475005149841309,0.5942920446395874,1.8135441541671753,2.400193452835083,1.5331406593322754,1.008944034576416,1.9366583824157715,1.5374478101730347,0.808050274848938,1.5437722206115723,0.23715730011463165,0.17379987239837646,0.57968670129776,0.9254292845726013,0.24152147769927979,1.095223307609558,0.10818338394165039,-1.1923410892486572,1.2802627086639404,0.43235546350479126,0.16604363918304443,1.8059014081954956,-0.2804034948348999,-1.391249418258667,0.4035177230834961,0.5285037755966187,-1.1286081075668335,0.006324410438537598,-0.5708929896354675,-1.3699723482131958,0.34252941608428955,0.7516294121742249,-0.3381652235984802,-0.6839078068733215,-0.9870399236679077,-2.287564277648926,1.17207932472229,1.6246964931488037,-1.114219069480896,1.3735458850860596,-0.44644713401794434,-3.197150707244873,0.683921217918396,1.9197531938552856,-1.5321258306503296,-0.522179365158081,0.557715117931366,-1.3762967586517334,0.9134224057197571,2.1216018199920654,-0.6806946396827698,-1.4355372190475464,-0.3457425832748413,47.30805969238281,38.26484298706055,39.697818756103516,50.45420837402344,51.917381286621094,76.27005767822266,88.78174591064453,62.01545333862305,44.678504943847656,37.67390441894531,32.581050872802734,39.88280487060547,49.831275939941406,46.61611557006836,43.05179977416992,60.47107696533203,54.33397674560547,42.39381408691406,35.456329345703125,-9.043216705322266,-7.610240936279297,12.18936538696289,12.219562530517578,25.81584930419922,36.86436462402344,-14.25460433959961,-44.103240966796875,-24.341548919677734,-12.097454071044922,2.2089004516601562,17.250225067138672,6.733310699462891,-6.779476165771484,13.854961395263672,11.282176971435547,-18.07726287841797,-18.877647399902344,-6.9374847412109375,1.4329757690429688,21.232582092285156,19.829803466796875,13.626483917236328,24.64480209350586,-40.07045364379883,-80.96760559082031,-10.086944580078125,32.00578689575195,26.55044937133789,29.347679138183594,4.524410247802734,-24.029701232910156,7.121650695800781,18.06165313720703,-31.93222427368164,-30.15982437133789,11.139778137207031,11.940162658691406,0.002729165367782116,0.005913255736231804,0.0024389878381043673,0.0008534192456863821,0.004808444529771805,0.01132106501609087,0.01084243506193161,0.01263574417680502,0.01143006794154644,0.012628217227756977,0.0032658714335411787,0.008915256708860397,-0.0007465999224223197,0.0019072049763053656,-0.0008144672028720379,-0.000340089580276981,-0.0009663221426308155,0.0017982216086238623,-0.00036491802893579006,0.003184090368449688,-0.0002901775296777487,-0.005059836432337761,0.0023694566916674376,0.010467645712196827,0.006033990532159805,0.0013146791607141495,0.00058763287961483,-7.526949048042297e-06,-0.008164196275174618,-0.0037129605188965797,-0.004012471530586481,-0.007008051499724388,-6.786728044971824e-05,-0.002247294643893838,-0.00015185493975877762,0.0021383112762123346,0.0006014041136950254,-0.0021631396375596523,-0.0034742678981274366,-0.008243926800787449,0.0026596342213451862,0.015527482144534588,0.0036645338404923677,-0.009152966551482677,-0.005446357652544975,-0.0013222061097621918,-0.008751829154789448,-0.0037054335698485374,0.004151724744588137,-0.0032950909808278084,0.003944604191929102,0.004760757088661194,-8.398765930905938e-05,0.0043856059201061726,0.0007532590534538031,-0.004301451146602631,-0.0027645437512546778,-480671296.0,-378964032.0,-404215840.0,-529526912.0,-537678528.0,-793974400.0,-955144960.0,-648120704.0,-449795648.0,-387779936.0,-331493408.0,-397570080.0,-518091200.0,-485330752.0,-432538336.0,-622168704.0,-568623488.0,-436262432.0,-361229984.0,101707264.0,76455456.0,-150562880.0,-133462688.0,-264447488.0,-417466432.0,145853696.0,505349312.0,260340768.0,118302240.0,-9790144.0,-186597792.0,-87760672.0,85552864.0,-136837952.0,-136085152.0,185906272.0,207393504.0,75032448.0,-25251808.0,-252270144.0,-209918144.0,-113884608.0,-284003744.0,410301184.0,922815744.0,114487072.0,-387047072.0,-270130912.0,-304900032.0,-77970528.0,272150656.0,-49077280.0,-221638016.0,322744224.0,343478656.0,-110873824.0,-132361056.0,55.59324264526367,41.875457763671875,22.72878074645996,37.48115921020508,95.84221649169922,322.12554931640625,316.8103942871094,89.28556823730469,32.40455627441406,21.723346710205078,11.717050552368164,34.49802017211914,75.79634857177734,67.61296844482422,62.1305046081543,88.4344253540039,57.559810638427734,29.785160064697266,21.113903045654297,-13.717784881591797,-32.864463806152344,-4.394298553466797,73.11343383789062,284.6443786621094,220.96817016601562,-232.83998107910156,-284.40582275390625,-67.56222534179688,-20.6875057220459,12.774673461914062,64.07929992675781,33.11494827270508,-13.665843963623047,20.821456909179688,-4.5706939697265625,-58.64926528930664,-36.44590759277344,-8.671257019042969,-19.146678924560547,9.323486328125,105.97789764404297,289.0386657714844,147.854736328125,-517.484375,-505.3739929199219,165.2777557373047,263.71832275390625,80.33689880371094,84.76680755615234,20.340274810791016,-77.74514770507812,-12.29349136352539,9.095149993896484,-79.47071838378906,-31.875213623046875,49.97800827026367,27.77465057373047,0.016759775578975677,0.013652559369802475,0.30320703983306885,0.13004592061042786,-0.20666350424289703,0.3155434727668762,0.20429997146129608,-0.23403890430927277,0.15978878736495972,0.35502487421035767,-0.04719976708292961,-0.026683242991566658,0.26333075761795044,0.15651735663414001,-0.10307057201862335,0.14167606830596924,0.3104906976222992,-0.12164764106273651,-0.025402486324310303,-0.0031072162091732025,0.2864472568035126,0.11639335751533508,-0.5098705291748047,0.18549755215644836,0.4109634757041931,-0.5495823621749878,-0.044511184096336365,0.5890637636184692,-0.20698855817317963,-0.3817081153392792,0.31053051352500916,0.18320059776306152,-0.3664013147354126,-0.014841288328170776,0.41356128454208374,-0.26332372426986694,-0.3358931839466095,0.09624515473842621,0.2895544767379761,0.11950057744979858,-0.7963178157806396,0.06910419464111328,0.9208340048789978,-0.7350798845291138,-0.4554746747016907,1.138646125793457,-0.16247737407684326,-0.9707719087600708,0.5175190567970276,0.5649087429046631,-0.6769318580627441,-0.1980418860912323,0.7799625992774963,-0.24848243594169617,-0.7494544982910156,0.35956889390945435,0.4321383237838745,1.3390518426895142,1.2043571472167969,1.0670583248138428,1.3587908744812012,1.3423471450805664,1.5792078971862793,1.7890793085098267,1.4612040519714355,1.261985421180725,0.96504807472229,1.1078141927719116,1.2286887168884277,1.270002007484436,1.2921204566955566,1.2612788677215576,1.4875675439834595,1.294618010520935,1.2446143627166748,1.1584949493408203,-0.13469469547271729,-0.2719935178756714,0.1544337272644043,0.27528882026672363,0.22041702270507812,0.44673216342926025,-0.11800384521484375,-0.5270938873291016,-0.4961559772491455,-0.15417122840881348,0.2636406421661377,0.16218781471252441,0.0634317398071289,-0.008723139762878418,0.19544708728790283,0.03333914279937744,-0.24295318126678467,-0.13612306118011475,-0.08611941337585449,-0.1372988224029541,0.2891284227371216,0.547282338142395,0.06598329544067383,0.17144334316253662,-0.3384208679199219,-0.9738260507583618,-0.37815213203430176,0.3729226589202881,0.7597966194152832,0.3163590431213379,-0.2002089023590088,-0.17091095447540283,0.13201534748077393,0.04206228256225586,-0.4384002685546875,-0.1694622039794922,0.15683376789093018,0.050003647804260254,1.7930598258972168,1.450476050376892,1.1386134624481201,1.8463127613067627,1.8018958568572998,2.4938974380493164,3.2008047103881836,2.135117292404175,1.5926071405410767,0.9313177466392517,1.2272522449493408,1.5096758604049683,1.6129051446914673,1.6695753335952759,1.5908244848251343,2.212857246398926,1.6760356426239014,1.5490649938583374,1.342110514640808,-0.3425837755203247,-0.6544463634490967,0.3958367109298706,0.6632823944091797,0.6475846767425537,1.3989088535308838,-0.3587801456451416,-1.608197569847107,-1.2037994861602783,-0.36535489559173584,0.5783581137657166,0.38565289974212646,0.15989947319030762,-0.022080659866333008,0.5432819128036499,0.08521115779876709,-0.6637922525405884,-0.33392512798309326,-0.2069544792175293,-0.311862587928772,0.7384204864501953,1.3177287578582764,0.2517479658126831,0.7356264591217041,-1.0063648223876953,-3.007106304168701,-0.8450193405151367,1.242842674255371,1.7821576595306396,0.7510077953338623,-0.41845864057540894,-0.4077335596084595,0.3833824396133423,0.1072918176651001,-1.2070741653442383,-0.41913628578186035,0.4568377733230591,0.12697064876556396,-0.02873404696583748,-0.049012791365385056,-0.39721769094467163,-0.25796887278556824,0.032615069299936295,-0.27150556445121765,-0.13570602238178253,0.09088700264692307,-0.4515480399131775,-0.21614207327365875,0.12831421196460724,0.25730714201927185,0.1205691397190094,-0.06280304491519928,-0.5458075404167175,-0.3242630958557129,-0.2340547740459442,0.09268099814653397,-0.46328434348106384,-0.020278744399547577,-0.36848363280296326,-0.20895607769489288,0.4298327565193176,-0.013536691665649414,-0.16832108795642853,0.3623925745487213,-0.31584203243255615,-0.3070290684700012,0.5798622369766235,0.4734492301940918,-0.007745072245597839,-0.3201102018356323,-0.6663767099380493,-0.2614600658416748,0.3117527663707733,0.41694408655166626,-0.22922956943511963,-0.5559653639793396,-0.3482048809528351,-0.1886773407459259,0.7983163595199585,0.19541938602924347,-0.598153829574585,0.3759292662143707,-0.14752094447612762,-0.6694216728210449,0.8957042694091797,0.780478298664093,-0.5876073241233826,-0.7935594320297241,-0.6586316227912903,0.05865013599395752,0.978129506111145,0.6784041523933411,-0.5409823656082153,-0.9729094505310059,-0.32673579454421997,2.5646557807922363,2.909569263458252,2.6592648029327393,2.1240639686584473,2.6933603286743164,3.3202402591705322,2.388577938079834,2.240053415298462,2.620539665222168,2.7772727012634277,2.271742343902588,2.4824256896972656,2.5491180419921875,3.04091215133667,2.790560245513916,2.5662431716918945,2.384817123413086,2.32177472114563,2.419590711593628,0.3449134826660156,0.09460902214050293,-0.7855052947998047,0.03409552574157715,1.196176290512085,-0.3047823905944824,-1.0801868438720703,0.23196172714233398,0.5372192859649658,-0.3487973213195801,-0.2948470115661621,0.2773756980895996,0.5584864616394043,0.24144220352172852,-0.4746689796447754,-0.4057431221008301,-0.24446845054626465,0.03477358818054199,0.09781599044799805,-0.2503044605255127,-1.1304187774658203,-0.06051349639892578,1.9816815853118896,-0.33887791633605957,-2.2763631343841553,0.5367441177368164,1.6174061298370361,-0.5807590484619141,-0.8320662975311279,0.6261730194091797,0.8533334732055664,-0.035933494567871094,-1.0331554412841797,-0.6471853256225586,0.23020052909851074,0.44051671028137207,0.3422844409942627,0.06304240226745605,16.311519622802734,13.138659477233887,303.766357421875,129.9257049560547,-204.95802307128906,316.6127014160156,204.42987060546875,-233.48777770996094,159.9975128173828,353.70233154296875,-45.844120025634766,-26.74811553955078,263.8978576660156,157.23597717285156,-102.62773132324219,142.24896240234375,310.9842224121094,-121.48761749267578,-25.28168487548828,-3.1728601455688477,287.454833984375,116.78704833984375,-508.724365234375,186.68699645996094,409.38787841796875,-550.1004638671875,-44.43235778808594,587.1901245117188,-205.8416290283203,-380.450439453125,309.7419738769531,183.98410034179688,-366.52557373046875,-14.987014770507812,413.6119384765625,-263.736572265625,-336.2658996582031,96.2059326171875,290.627685546875,119.95990753173828,-796.17919921875,69.89994812011719,918.1122436523438,-736.7874755859375,-453.82025146484375,1137.29052734375,-161.40927124023438,-967.6405639648438,515.5836181640625,564.4345703125,-676.267578125,-198.9711151123047,780.1375122070312,-248.7495574951172,-749.8778076171875,359.9425048828125,432.4718322753906,0.03552411124110222,0.03653714433312416,0.7918987274169922,0.399132639169693,-0.6148656606674194,0.8775929808616638,0.6836490035057068,-0.40251874923706055,0.5189591646194458,0.6572774648666382,-0.12050288915634155,-0.10256969928741455,0.48786917328834534,0.2859213948249817,-0.031017974019050598,0.47566917538642883,0.7141887545585632,-0.23204047977924347,0.02460363321006298,0.0010130330920219421,0.7563745975494385,0.36259549856185913,-1.4067643880844116,0.4784603416919708,1.2985146045684814,-1.2801117897033691,-0.164689838886261,1.0597962141036987,-0.6394620537757874,-0.7598471641540527,0.6083720922470093,0.38849109411239624,-0.5188871622085571,0.18974778056144714,0.7452067136764526,-0.7077096700668335,-0.6895851492881775,0.2566440999507904,0.7553615570068359,0.3615824580192566,-2.1631388664245605,0.1158648431301117,2.7052788734436035,-1.7585721015930176,-1.4632043838500977,2.3399081230163574,-0.47477221488952637,-1.8196433782577515,1.2478342056274414,1.1483383178710938,-1.1272592544555664,-0.1987433135509491,1.2640938758850098,-0.897457480430603,-1.4347918033599854,0.9643537998199463,0.9462292194366455
0.005865993909537792,0.15011349320411682,0.3576887845993042,-0.16481907665729523,0.030092574656009674,0.5677949786186218,-0.20231755077838898,-0.19380158185958862,0.5656468272209167,0.21061141788959503,-0.40869295597076416,0.10392553359270096,0.4195033311843872,0.018698422238230705,0.22816021740436554,-0.04409640654921532,0.09128354489803314,0.35094478726387024,-0.10396743565797806,0.14424750208854675,0.35182279348373413,-0.31493258476257324,-0.3275962173938751,0.7326140403747559,-0.23241013288497925,-0.7615965604782104,0.7679643630981445,0.40441298484802246,-0.9743397831916809,-0.10668588429689407,0.8281962871551514,-0.0852271094918251,-0.19134311378002167,-0.06279482692480087,-0.1368766725063324,0.39504119753837585,-0.1952509880065918,-0.4549122154712677,0.20757529139518738,-0.45918008685112,-0.6794190406799316,1.047546625137329,0.09518608450889587,-1.4942106008529663,1.0003745555877686,1.166009545326233,-1.7423040866851807,-0.5110988616943359,1.8025360107421875,0.02145877480506897,-1.0195393562316895,0.02243228256702423,0.05446644127368927,0.4578360319137573,-0.0583743155002594,-0.8499534130096436,-0.2596612274646759,0.8350975513458252,0.9111790060997009,1.0432324409484863,1.1540449857711792,1.0162264108657837,0.995013415813446,1.117803931236267,1.160555124282837,1.023903489112854,0.8570342063903809,0.8814190626144409,0.9542185068130493,1.0432562828063965,1.1736959218978882,1.0991290807724,1.0060631036758423,1.0668277740478516,1.004091739654541,0.8597291111946106,0.07608145475387573,0.20813488960266113,0.24286597967147827,-0.027006030082702637,-0.15903156995773315,0.1015775203704834,0.16554170846939087,-0.09390044212341309,-0.30352091789245605,-0.14248442649841309,0.09718430042266846,0.16183722019195557,0.21947741508483887,0.05587279796600342,-0.1676328182220459,-0.03230130672454834,-0.0019713640213012695,-0.20709866285324097,-0.14436262845993042,0.1320534348487854,0.16678452491760254,-0.23514091968536377,-0.4018975496292114,0.12858355045318604,0.324573278427124,-0.19547796249389648,-0.4690626263618469,-0.048583984375,0.4007052183151245,0.30432164669036865,0.12229311466217041,-0.10596442222595215,-0.38711023330688477,-0.08817410469055176,0.16566145420074463,-0.17479735612869263,-0.14239126443862915,0.06273603439331055,2.149374485015869,2.3156898021698,3.0547938346862793,3.0547938346862793,3.640929937362671,3.640929937362671,3.453120708465576,3.8394453525543213,3.8394453525543213,2.4376633167266846,1.895596981048584,2.6469366550445557,2.9759531021118164,3.9489481449127197,3.9489481449127197,3.295081853866577,3.2191829681396484,3.2191829681396484,2.656275749206543,0.16631531715393066,0.9054193496704102,0.7391040325164795,0.5861361026763916,0.5861361026763916,-0.18780922889709473,0.1985154151916504,0.3863246440887451,-1.4017820358276367,-1.9438483715057373,0.2092733383178711,1.0803561210632324,1.302011489868164,0.9729950428009033,-0.6538662910461426,-0.7297651767730713,-0.07589888572692871,-0.5629072189331055,-0.5629072189331055,0.7391040325164795,0.5727887153625488,-0.31928324699401855,-0.1529679298400879,-0.7739453315734863,-0.3876206874847412,0.5741338729858398,-1.600297451019287,-2.3301730155944824,1.6110553741455078,3.0242044925689697,1.092738151550293,-0.1073610782623291,-1.9558777809143066,-1.7027602195739746,0.5779674053192139,0.16685795783996582,-0.48700833320617676,0.0,2.784229040145874,2.784229040145874,3.0547938346862793,4.616145133972168,4.616145133972168,3.640929937362671,3.453120708465576,3.8394453525543213,3.8394453525543213,2.4429850578308105,4.40142822265625,4.40142822265625,2.9759531021118164,3.9489481449127197,3.9489481449127197,3.295081853866577,3.2191829681396484,3.2191829681396484,2.656275749206543,0.0,0.2705647945404053,1.831916093826294,1.5613512992858887,-0.9752151966094971,-1.1630244255065918,0.1985154151916504,0.3863246440887451,-1.3964602947235107,0.5619828701019287,1.9584431648254395,-1.4254751205444336,-0.4524800777435303,0.9729950428009033,-0.6538662910461426,-0.7297651767730713,-0.07589888572692871,-0.5629072189331055,-0.5629072189331055,0.2705647945404053,1.831916093826294,1.2907865047454834,-2.807131290435791,-2.7243757247924805,1.1737306118011475,1.549349069595337,-1.5949757099151611,0.1756582260131836,3.35490345954895,-1.9874579906463623,-2.4109232425689697,2.398470163345337,-0.2013862133026123,-1.7027602195739746,0.5779674053192139,0.16685795783996582,-0.48700833320617676,0.0,-2.784229040145874,-2.784229040145874,-2.845899820327759,-4.616145133972168,-4.616145133972168,-2.073849678039551,-2.7422075271606445,-2.7422075271606445,-2.214293956756592,-2.4429850578308105,-4.40142822265625,-4.40142822265625,-2.8381669521331787,-3.193586587905884,-3.193586587905884,-2.8630049228668213,-2.8630049228668213,-2.5294973850250244,-2.648038625717163,0.0,-0.061670780181884766,-1.831916093826294,-1.7702453136444092,2.542295455932617,1.8739376068115234,-0.6683578491210938,0.5279135704040527,0.299222469329834,-2.187134265899658,-1.9584431648254395,1.5632612705230713,1.2078416347503662,-0.3554196357727051,0.3305816650390625,0.3305816650390625,0.3335075378417969,0.2149662971496582,-0.11854124069213867,-0.061670780181884766,-1.831916093826294,-1.7085745334625244,4.374211311340332,3.6441829204559326,-3.210653305053711,-1.3460240364074707,0.9675803184509277,-2.715047836303711,-2.2576656341552734,3.7503955364227295,3.1662847995758057,-1.9186809062957764,-0.8772599697113037,0.6860013008117676,0.002925872802734375,-0.1156153678894043,-0.45204877853393555,-0.3335075378417969,0.00415840744972229,0.002426251769065857,0.002426251769065857,0.004018932580947876,0.00266912579536438,0.00266912579536438,0.007498189806938171,0.00560799241065979,0.0035143569111824036,0.0035143569111824036,0.0022164583206176758,0.0012131929397583008,0.0012131929397583008,0.007281295955181122,0.002298469189554453,0.0008800327777862549,0.0008800327777862549,0.0021991655230522156,0.0,-0.001732155680656433,-0.001732155680656433,0.001592680811882019,0.00024287402629852295,-0.001349806785583496,0.0048290640115737915,0.00293886661529541,-0.003983832895755768,-0.0020936354994773865,-0.0012978985905647278,-0.002301163971424103,-0.001003265380859375,0.006068103015422821,0.0010852762497961521,-0.006401263177394867,-0.001418436411768198,0.0013191327452659607,-0.0008800327777862549,-0.0021991655230522156,0.0,0.003324836492538452,0.001975029706954956,-0.002942487597465515,0.0045861899852752686,0.004288673400878906,-0.00881289690732956,-0.005032502114772797,0.00268593430519104,-0.0002075284719467163,0.0002946332097053528,0.008369266986846924,0.002088541630655527,-0.012469366192817688,-0.00250371266156435,0.007720395922660828,0.0005384036339819431,-0.0035182982683181763,-0.0013191327452659607,-0.6348545551300049,-0.4685392379760742,0.2088940143585205,-1.5613512992858887,-0.9752151966094971,1.5670802593231201,0.7109131813049316,1.0972378253936768,1.6251513957977295,-0.0053217411041259766,-2.505831241607666,-1.7544915676116943,0.1377861499786377,0.7553615570068359,0.7553615570068359,0.43207693099975586,0.35617804527282715,0.689685583114624,0.008237123489379883,0.16631531715393066,0.8437485694885254,-1.0928120613098145,-1.1841092109680176,3.128431558609009,1.6861283779144287,-0.46984243392944336,0.9142382144927979,-1.1025595664978027,-4.130982398986816,-1.7491698265075684,2.6436173915863037,2.5098531246185303,0.6175754070281982,-0.3232846260070801,-0.3991835117340088,0.25760865211486816,-0.34794092178344727,-0.6814484596252441,0.6774332523345947,-1.2591273784637451,-2.027857780456543,4.221243858337402,2.8702375888824463,-3.598273992538452,-0.7718901634216309,-0.6327171325683594,-5.045220375061035,-0.6466102600097656,6.774600028991699,4.2590227127075195,-2.0260419845581055,-2.8331377506256104,-1.016758918762207,0.5808932781219482,0.05124258995056152,-0.9390571117401123,-0.3335075378417969,4.933603286743164,5.099918842315674,5.900693893432617,7.670938968658447,8.257075309753418,5.714779853820801,6.195328235626221,6.581652641296387,6.053739547729492,4.880648612976074,6.297025203704834,7.048364639282227,5.814120292663574,7.1425347328186035,7.1425347328186035,6.158086776733398,6.082187652587891,5.748680114746094,5.304314613342285,0.16631555557250977,0.9670906066894531,2.5710201263427734,2.356381416320801,-1.9561591148376465,-2.0617470741271973,0.8668727874755859,-0.14158868789672852,-1.7010040283203125,0.2432856559753418,2.1677160263061523,-0.48290491104125977,0.09417009353637695,1.3284144401550293,-0.9844479560852051,-1.060347080230713,-0.4094066619873047,-0.7778730392456055,-0.4443655014038086,0.8007750511169434,2.4047045707702637,1.3892908096313477,-4.52717924118042,-4.418128490447998,2.8230319023132324,1.9201583862304688,-2.5678768157958984,0.3848743438720703,3.868720054626465,-0.7261905670166016,-2.0735459327697754,1.811319351196289,-1.078618049621582,-2.388761520385742,0.5750412940979004,0.2824740409851074,-0.034958839416503906,0.3335075378417969,0.7511889338493347,0.7688758373260498,0.9528379440307617,0.9023712277412415,1.1103794574737549,1.1430652141571045,1.0534086227416992,1.1374794244766235,1.1922906637191772,0.834204912185669,0.6112415194511414,0.8275092840194702,0.9330225586891174,1.156468391418457,1.1844669580459595,1.0598657131195068,1.0036870241165161,1.0264809131622314,0.911708652973175,0.017686903476715088,0.201649010181427,0.13349539041519165,0.15754151344299316,0.24069398641586304,-0.056970834732055664,-0.005585789680480957,0.13888204097747803,-0.3032745122909546,-0.5810491442680359,-0.0066956281661987305,0.3217810392379761,0.3289591073989868,0.25144439935684204,-0.0966026782989502,-0.18077993392944336,-0.03338479995727539,-0.09197837114334106,-0.1147722601890564,0.18396210670471191,0.11580848693847656,-0.04410749673843384,0.10719859600067139,-0.21451234817504883,-0.246279776096344,0.1958528757095337,-0.29768872261047363,-0.7199311852455139,0.29657888412475586,0.902830183506012,0.33565473556518555,-0.07033663988113403,-0.425561785697937,-0.4322243332862854,0.0632178783416748,0.0888015627861023,-0.081387460231781,-0.022793889045715332,0.43067100644111633,1.0951740741729736,1.4573867321014404,0.44731250405311584,1.0871033668518066,0.1907748579978943,0.3654627799987793,0.3779752552509308,0.2287437468767166,0.052420735359191895,0.6915706992149353,0.9723378419876099,1.6623793840408325,0.8824314475059509,0.6090620160102844,0.9229947328567505,1.2146462202072144,1.1238281726837158,2.656275749206543,0.6645030975341797,1.0267157554626465,-0.6478615999221802,-0.3702833652496338,-0.25653764605522156,-0.7216405868530273,0.1872003972530365,-0.13671903312206268,-0.3255545198917389,0.4628269672393799,0.919917106628418,0.9708086848258972,-0.08990639448165894,-1.0533173084259033,0.04056328535079956,0.6055842041969299,0.20083343982696533,1.4416295289993286,1.5324475765228271,0.3622126579284668,-1.3123646974563599,-1.3969991207122803,0.3913239538669586,-0.35135722160339355,0.44373804330825806,0.5849215388298035,-0.5127549171447754,0.5995460152626038,1.2454715967178345,0.5079817175865173,-1.0098235607147217,-2.0241260528564453,0.1304696798324585,1.6589014530181885,0.16027015447616577,0.8360453248023987,1.3316141366958618,0.09081804752349854,27.670801162719727,33.96775436401367,43.613555908203125,54.219661712646484,47.723670959472656,42.49476623535156,47.668304443359375,53.58829116821289,44.393104553222656,30.10051155090332,38.185882568359375,43.21682357788086,42.72734451293945,56.125572204589844,51.003990173339844,38.56840896606445,43.6877326965332,39.934600830078125,29.746671676635742,6.296953201293945,15.942754745483398,20.251907348632812,4.110115051269531,-11.724895477294922,-0.05536651611328125,11.093524932861328,-3.2751998901367188,-23.48777961730957,-6.207221984863281,13.116312026977539,4.541461944580078,12.908748626708984,8.27664566040039,-17.55716323852539,-7.316257476806641,1.3661918640136719,-13.941061019897461,-10.187929153442383,9.645801544189453,13.954954147338867,-11.832639694213867,-31.976802825927734,-4.1654815673828125,22.81842041015625,-3.2198333740234375,-34.58130645751953,-2.9320220947265625,36.60409164428711,10.74868392944336,-0.2075634002685547,3.7351837158203125,-30.465911865234375,-15.592903137207031,18.923355102539062,-6.62480354309082,-11.554121017456055,3.753131866455078,-0.00029505585553124547,0.004108356777578592,0.0019195982022210956,-0.00040430965600535274,-6.104420754127204e-05,0.0010084141977131367,-0.0009175915620289743,0.0008744816877879202,-0.0008123752195388079,0.0029176410753279924,0.0013488252880051732,0.0034408716019243,0.004004474729299545,-0.00039542492595501244,0.00648622727021575,-0.00037224561674520373,0.015520540997385979,0.0017563668079674244,0.008763994090259075,0.0044034128077328205,0.002214654115960002,-0.004512666258960962,-0.0019806423224508762,0.0014127239119261503,-0.0008565473835915327,-0.00013393250992521644,0.00010521634249016643,0.002043159445747733,0.002161200623959303,0.0005232305265963078,0.002655649557709694,-0.003836296498775482,0.0024817525409162045,2.3179309209808707e-05,0.009034313261508942,0.002128612482920289,-0.0067565469071269035,0.007007627282291651,-0.0021887586917728186,-0.008916079066693783,-0.0041952962055802345,0.005925389938056469,0.0011240949388593435,-0.0015466564800590277,0.0009617637260816991,0.0021770920138806105,0.0020559842232614756,-0.0015199289191514254,0.000494448933750391,-0.00435952702537179,-0.00017389701679348946,0.0038594757206737995,0.006552560720592737,0.0021054332610219717,-0.01579086109995842,0.004879014566540718,0.013764174655079842,-258924320.0,-327867200.0,-442982464.0,-544549056.0,-475346592.0,-418959648.0,-475030688.0,-552443648.0,-448219712.0,-292078816.0,-374160224.0,-437005600.0,-425673888.0,-569879936.0,-522254464.0,-391502208.0,-432403424.0,-392680000.0,-280582176.0,-68942880.0,-184058144.0,-216681856.0,-32364128.0,125589408.0,315904.0,-133484000.0,26810976.0,260364832.0,74059488.0,-144926784.0,-51513664.0,-132874336.0,-96580576.0,178377728.0,89851040.0,-1177792.0,151821248.0,112097824.0,-115115264.0,-147738976.0,151694016.0,342271264.0,32680032.0,-259073408.0,26495072.0,393848832.0,47248512.0,-405291616.0,-125573152.0,12052448.0,-45066912.0,311252064.0,186431616.0,-179555520.0,61970208.0,113275616.0,-39723424.0,11.744850158691406,17.32025909423828,31.009279251098633,145.97592163085938,168.62657165527344,73.98206329345703,47.373477935791016,75.56011199951172,63.47450256347656,12.873790740966797,129.4396209716797,133.8211212158203,35.1583366394043,106.14714050292969,101.12239837646484,32.073848724365234,39.46003341674805,34.054264068603516,12.973854064941406,5.575408935546875,19.264429092407227,128.65567016601562,137.61729431152344,-71.99385833740234,-121.25309753417969,1.5780487060546875,16.101024627685547,-62.68632125854492,65.96511840820312,120.94732666015625,-94.28128051757812,-27.673980712890625,65.96406555175781,-74.07328796386719,-61.6623649597168,1.9804153442382812,-26.48617935180664,-21.08041000366211,13.689020156860352,123.08026123046875,118.35286712646484,-200.6495361328125,-258.8703918457031,73.57190704345703,137.3541259765625,-64.26437377929688,49.86409378051758,183.63365173339844,-160.24639892578125,-148.62130737304688,160.24534606933594,-46.39930725097656,-127.62643432617188,76.05370330810547,35.176185607910156,-23.06082534790039,5.405769348144531,0.002184811048209667,0.07572129368782043,0.1782113015651703,-0.08294162899255753,0.014489389955997467,0.2852422595024109,-0.10192321985960007,-0.09714426100254059,0.2835223078727722,0.10611478984355927,-0.20629362761974335,0.05228476971387863,0.2100476324558258,0.00849837064743042,0.11538545787334442,-0.023031122982501984,0.04502497985959053,0.17586053907871246,-0.053519830107688904,0.07353648543357849,0.17602649331092834,-0.15866291522979736,-0.16372191905975342,0.3681838810443878,-0.11641260981559753,-0.3823865056037903,0.3854455351829529,0.20325905084609985,-0.48981595039367676,-0.053830020129680634,0.41634124517440796,-0.04378639906644821,-0.09466217458248138,-0.031529493629932404,-0.07036048173904419,0.19889166951179504,-0.09854480624198914,-0.22938036918640137,0.10249000787734985,-0.23219940066337585,-0.33974841237068176,0.5268467664718628,0.047309309244155884,-0.7505704164505005,0.501858115196228,0.5856455564498901,-0.8752614855766296,-0.2570890784263611,0.9061571955680847,0.010043621063232422,-0.5110034346580505,0.012256905436515808,0.024301692843437195,0.23042115569114685,-0.028184324502944946,-0.4282720386981964,-0.13083556294441223,1.0243810415267944,1.1249970197677612,1.2352371215820312,1.4244353771209717,1.3449805974960327,1.1351397037506104,1.3291974067687988,1.412323236465454,1.1674652099609375,1.0474213361740112,1.1317259073257446,1.275985598564148,1.2016922235488892,1.4588229656219482,1.3719046115875244,1.2086046934127808,1.2839279174804688,1.1794395446777344,1.05701744556427,0.1006159782409668,0.21085608005523682,0.29943835735321045,0.10974347591400146,-0.28929567337036133,-0.015783190727233887,0.27718353271484375,-0.16173219680786133,-0.36490190029144287,-0.03573930263519287,0.22856426239013672,0.06996631622314453,0.1828373670578003,0.17021238803863525,-0.2502182722091675,-0.08797669410705566,-0.029165148735046387,-0.22691047191619873,-0.12242209911346436,0.11024010181427002,0.19882237911224365,-0.10111260414123535,-0.5887340307235718,-0.12552666664123535,0.5664792060852051,-0.14594900608062744,-0.6420854330062866,0.12599289417266846,0.5934661626815796,0.1057056188583374,-0.045726895332336426,0.10024607181549072,-0.4330556392669678,-0.2581890821456909,0.2210531234741211,-0.13893377780914307,-0.09325695037841797,0.10448837280273438,1.049356460571289,1.2656183242797852,1.5258108377456665,2.0290162563323975,1.8089728355407715,1.2885420322418213,1.7667655944824219,1.9946568012237549,1.362975001335144,1.097091555595398,1.2808035612106323,1.6281393766403198,1.4440642595291138,2.128164291381836,1.8821223974227905,1.4607254266738892,1.6484708786010742,1.3910776376724243,1.1172858476638794,0.2162618637084961,0.47645437717437744,0.7633979320526123,0.283161997795105,-0.7404742240905762,-0.04220724105834961,0.7061147689819336,-0.40379059314727783,-0.8975652456283569,-0.08217144012451172,0.5310478210449219,0.16326069831848145,0.5000249147415161,0.43805813789367676,-0.6674388647079468,-0.2336515188217163,-0.06964778900146484,-0.5311850309371948,-0.2737917900085449,0.26019251346588135,0.5471360683441162,-0.19329237937927246,-1.5038721561431885,-0.3253692388534546,1.4465889930725098,-0.3615833520889282,-1.6036800146102905,0.3216191530227661,1.4286130666732788,0.24543213844299316,-0.03102290630340576,0.2747974395751953,-1.167463779449463,-0.6717096567153931,0.5977910757064819,-0.2975335121154785,-0.20414400100708008,0.2573932409286499,-0.19050085544586182,-0.1038840115070343,-0.31194832921028137,-0.3980129361152649,-0.337763249874115,0.3195226490497589,0.24140572547912598,0.4223998188972473,0.07334823906421661,-0.21041610836982727,-0.8802061676979065,-0.842536985874176,-0.4455588757991791,0.10475161671638489,0.06315901130437851,0.16867931187152863,0.17487864196300507,0.06183011084794998,0.0338849276304245,0.08661684393882751,-0.12144747376441956,-0.2941289246082306,-0.025814920663833618,0.7175356149673462,0.579168975353241,0.1028771698474884,-0.16805748641490936,-0.632815957069397,-0.9535543918609619,-0.6321208477020264,0.4346472918987274,0.9472886323928833,0.5087178945541382,0.06392769515514374,0.11171963065862656,-0.10684920102357864,-0.14099371433258057,-0.027945183217525482,-0.20806431770324707,-0.3807457685470581,0.09563255310058594,1.0116645097732544,0.604983925819397,-0.6146584749221802,-0.7472264766693115,-0.735693097114563,-0.7854968905448914,0.0006951093673706055,1.3882017135620117,1.5794094800949097,0.07407060265541077,-0.8833609223365784,-0.39699825644493103,-0.17077690362930298,-0.2527133524417877,0.07890401780605316,0.11304853111505508,2.633275032043457,2.5298011302948,2.55953311920166,2.850879192352295,4.159693717956543,3.102383852005005,2.4912586212158203,2.7185399532318115,2.868204355239868,2.693013906478882,4.267704010009766,4.5056681632995605,2.9873507022857666,2.756732225418091,3.0016555786132812,2.5878825187683105,2.40195894241333,2.4597437381744385,2.5331432819366455,-0.10347390174865723,-0.07374191284179688,0.3210780620574951,1.6001605987548828,0.25150465965270996,-1.6684350967407227,-0.38384389877319336,0.37694573402404785,-0.025526046752929688,1.3994996547698975,1.8126542568206787,-1.280353307723999,-1.7489359378814697,0.014304876327514648,-0.16884970664978027,-0.5996966361999512,-0.12813878059387207,0.13118433952331543,0.07339954376220703,0.02973198890686035,0.42455196380615234,1.6739025115966797,-0.06957340240478516,-3.2685956954956055,-0.6353485584259033,2.0453808307647705,0.35831785202026367,1.0225539207458496,1.8381803035736084,-2.6798529624938965,-3.5615901947021484,1.2946581840515137,1.5800862312316895,-0.6140015125274658,0.0407109260559082,0.7308809757232666,0.2015383243560791,-0.0577847957611084,2.9447288513183594,75.35697174072266,179.5597686767578,-82.73917388916016,15.10647201538086,285.0330810546875,-101.56340789794922,-97.28839111328125,283.9547119140625,105.7269287109375,-205.1638641357422,52.170616149902344,210.59066772460938,9.386608123779297,114.53643035888672,-22.136396408081055,45.8243408203125,176.17428588867188,-52.191654205322266,72.41224670410156,176.6150360107422,-158.0961456298828,-164.4532928466797,367.7722473144531,-116.66987609863281,-382.32147216796875,385.51812744140625,203.01531982421875,-489.11859130859375,-53.556312561035156,415.7545166015625,-42.78400802612305,-96.05423736572266,-31.52300453186035,-68.71208953857422,198.31068420410156,-98.0159912109375,-228.36593627929688,104.20278930664062,-230.50839233398438,-341.0683288574219,525.868408203125,47.783416748046875,-750.09375,502.18798828125,585.3367919921875,-874.63671875,-256.5716247558594,904.8731079101562,10.77230453491211,-511.8087463378906,11.261003494262695,27.342147827148438,229.8336944580078,-29.30390167236328,-426.6766357421875,-130.34994506835938,0.05854562669992447,0.11898209899663925,0.3410211205482483,-0.011816020123660564,0.07948794960975647,0.5580365061759949,-0.24031871557235718,-0.25915563106536865,0.5128561854362488,0.22526952624320984,-0.23721593618392944,0.1586645543575287,0.49395978450775146,0.06250450015068054,0.26591649651527405,-0.04810735210776329,-0.0017265528440475464,0.3371434211730957,-0.12179706245660782,0.06043647229671478,0.2824755012989044,-0.1307981163263321,-0.2615331709384918,0.5698525309562683,-0.31980666518211365,-0.8171921372413635,0.753174901008606,0.4844251573085785,-0.7500721216201782,-0.06660497188568115,0.7311757206916809,-0.09616005420684814,-0.22804328799247742,-0.11061185598373413,-0.2676430344581604,0.3852507770061493,-0.12007050961256027,-0.4589404761791229,0.22203902900218964,-0.19123458862304688,-0.5440086722373962,0.7006506323814392,-0.058273494243621826,-1.3870446681976318,1.072981595993042,1.3016172647476196,-1.5032470226287842,-0.551030158996582,1.481247901916504,-0.029555082321166992,-0.9592189788818359,-0.014451801776885986,-0.03959974646568298,0.4958626329898834,0.14757251739501953,-0.8441912531852722,-0.33886995911598206
-0.014069827273488045,0.029074883088469505,0.04689949005842209,0.008125637657940388,0.013862666673958302,0.01676752045750618,0.04281587153673172,0.024966929107904434,-0.0006250476581044495,0.03680797293782234,0.03478299453854561,0.0003152516728732735,0.02572355791926384,0.02676813304424286,0.02061704732477665,0.026471976190805435,0.010926817543804646,0.022962158545851707,0.024479348212480545,0.04314471036195755,0.060969315469264984,-0.020949244499206543,-0.03303682431578636,0.008641882799565792,0.028953205794095993,0.008199408650398254,-0.04344091936945915,0.011841043829917908,0.03540804237127304,-0.036492720246315,-0.009059436619281769,0.02645288221538067,-0.00510651059448719,-0.0002961568534374237,-0.009690229780972004,-0.0035098176449537277,0.0135525306686759,0.0015171896666288376,0.017824605107307434,-0.06409395486116409,-0.09400613605976105,0.02959112823009491,0.061990030109882355,-0.0004424741491675377,-0.07239412516355515,0.0036416351795196533,0.0788489580154419,-0.04833376407623291,-0.04446747899055481,0.06294560432434082,0.0039529260247945786,-0.026749039068818092,-0.004583719186484814,-0.003213660791516304,0.023242760449647903,0.005027007311582565,-0.012035341002047062,0.047267764806747437,0.07566112279891968,0.07018431276082993,0.040021318942308426,0.03795715421438217,0.0368642695248127,0.04812091961503029,0.04457356035709381,0.029298899695277214,0.048434942960739136,0.044792693108320236,0.027517858892679214,0.04581292346119881,0.04332537204027176,0.03583202883601189,0.04498840868473053,0.038931697607040405,0.03880779817700386,0.04219932109117508,0.02839335799217224,0.02291654795408249,-0.03563980385661125,-0.032227158546447754,-0.0031570494174957275,0.010163765400648117,0.007709290832281113,-0.018822019919753075,0.0038613826036453247,0.015493793413043022,-0.02091708406805992,0.0010202303528785706,0.015807513147592545,-0.00998089462518692,0.0016630366444587708,0.0030996687710285187,-0.006180610507726669,0.003267623484134674,0.003391522914171219,-0.005476810038089752,-0.06403316557407379,-0.05514370650053024,0.032482754439115524,0.04239092394709587,0.01086634024977684,-0.02898578532040119,-0.003847908228635788,0.0343158133327961,-0.024778466671705246,-0.014473563060164452,0.036724597215652466,-0.01100112497806549,-0.014144476503133774,0.013080563396215439,-0.00784364715218544,0.0001679547131061554,0.009572133421897888,0.0001238994300365448,0.10376118123531342,0.2012937068939209,0.2012937068939209,0.11313124001026154,0.10694650560617447,0.08781211823225021,0.17946957051753998,0.17946957051753998,0.07855477929115295,0.1517324596643448,0.1517324596643448,0.09235956519842148,0.15714527666568756,0.15714527666568756,0.12570805847644806,0.1827453076839447,0.1827453076839447,0.13661125302314758,0.13661125302314758,0.09753252565860748,0.09753252565860748,-0.08816246688365936,-0.09434720128774643,-0.025319121778011322,0.07252306491136551,0.09165745228528976,-0.10091479122638702,-0.02773711085319519,0.07317768037319183,-0.05937289446592331,0.0054128170013427734,0.06478571146726608,-0.0314372181892395,0.02560003101825714,0.05703724920749664,-0.04613405466079712,-0.04613405466079712,0.0,0.0,-0.18569499254226685,-0.19187971949577332,0.06284334510564804,0.16687026619911194,0.11697657406330109,-0.17343786358833313,-0.11939456313848495,0.17409247159957886,-0.03163578361272812,-0.06776486337184906,0.12415860593318939,-0.036850035190582275,-0.03918568044900894,0.08847446739673615,-0.07173408567905426,-0.10317130386829376,0.04613405466079712,0.04613405466079712,0.1599002182483673,0.2012937068939209,0.2012937068939209,0.11313124001026154,0.10694650560617447,0.09941913932561874,0.17946957051753998,0.17946957051753998,0.08130285143852234,0.1517324596643448,0.1517324596643448,0.10463068634271622,0.15714527666568756,0.15714527666568756,0.12570805847644806,0.1827453076839447,0.1827453076839447,0.13661125302314758,0.17675068974494934,0.04139348864555359,0.04139348864555359,-0.08816246688365936,-0.09434720128774643,-0.013712100684642792,0.07252306491136551,0.08005043119192123,-0.09816671907901764,-0.02773711085319519,0.07042960822582245,-0.04710177332162857,0.0054128170013427734,0.052514590322971344,-0.0314372181892395,0.02560003101825714,0.05703724920749664,-0.04613405466079712,-0.005994617938995361,0.04013943672180176,0.0,-0.12955595552921295,-0.13574069738388062,0.07445036619901657,0.16687026619911194,0.09376253187656403,-0.17068979144096375,-0.10778754204511642,0.1685963273048401,-0.01936466246843338,-0.06501679122447968,0.09961636364459991,-0.036850035190582275,-0.026914559304714203,0.08847446739673615,-0.07173408567905426,-0.063031867146492,0.08627349138259888,0.04613405466079712,-0.1599002182483673,-0.1599002182483673,-0.09764451533555984,-0.09764451533555984,-0.09941913932561874,-0.09941913932561874,-0.0776834636926651,-0.08130285143852234,-0.08130285143852234,-0.05084191635251045,-0.06532090902328491,-0.10463068634271622,-0.10463068634271622,-0.07191017270088196,-0.07191017270088196,-0.14416271448135376,-0.14416271448135376,-0.0537506565451622,-0.17675068974494934,0.0,0.062255702912807465,0.062255702912807465,-0.001774623990058899,-0.001774623990058899,0.021735675632953644,0.018116287887096405,-0.0036193877458572388,0.030460935086011887,0.015981942415237427,-0.053788769990205765,-0.039309777319431305,0.03272051364183426,0.03272051364183426,-0.0722525417804718,-0.0722525417804718,0.09041205793619156,-0.03258797526359558,-0.12300003319978714,0.062255702912807465,0.062255702912807465,-0.06403032690286636,-0.06403032690286636,0.023510299623012543,0.019890911877155304,-0.025355063378810883,0.012344647198915482,0.019601330161094666,-0.08424970507621765,-0.05529171973466873,0.08650928735733032,0.07203029096126556,-0.10497305542230606,-0.10497305542230606,0.16266459226608276,0.03966456651687622,-0.2134120911359787,-0.09041205793619156,2.835638588294387e-05,9.474111720919609e-05,0.00011835584882646799,2.286030212417245e-05,2.286030212417245e-05,1.0451884008944035e-05,1.0451884008944035e-05,0.00027547383797354996,0.00027547383797354996,0.0002840710512828082,0.0005795280449092388,5.111075006425381e-05,5.111075006425381e-05,9.783869609236717e-05,0.0001131740864366293,9.96156595647335e-05,9.96156595647335e-05,0.00018094165716320276,0.0,6.638473132625222e-05,8.999946294352412e-05,-7.188081508502364e-05,-9.549554670229554e-05,-1.2408418115228415e-05,-1.2408418115228415e-05,0.00026502195396460593,0.00026502195396460593,8.597213309258223e-06,0.00030405420693568885,-0.00023296030121855438,-0.000528417294844985,4.6727946028113365e-05,6.206333637237549e-05,1.776963472366333e-06,-1.355842687189579e-05,8.132599759846926e-05,-9.96156595647335e-05,-0.00018094165716320276,2.36147316172719e-05,-0.00013826554641127586,-0.00018549500964581966,5.947239696979523e-05,8.308712858706713e-05,0.00027743037207983434,0.00027743037207983434,-0.0002564247406553477,3.9032252971082926e-05,-0.0002415575145278126,-0.0008324715308845043,0.00027968824724666774,0.0005904806312173605,-4.495098255574703e-05,-7.562176324427128e-05,7.954903412610292e-05,-8.605723269283772e-05,-0.000262267654761672,-8.132599759846926e-05,-0.056139037013053894,0.04139348864555359,0.10364919155836105,0.01548672467470169,0.007527366280555725,-0.01160702109336853,0.10178610682487488,0.09816671907901764,-0.0027480721473693848,0.10089054703712463,0.08641155064105988,-0.012271121144294739,0.052514590322971344,0.0852351039648056,0.0537978857755661,0.03858259320259094,0.03858259320259094,0.08286059647798538,-0.04013943672180176,0.09753252565860748,0.15978822112083435,-0.025906763970851898,-0.09612182527780533,-0.02709374576807022,0.09425874054431915,0.10977374017238617,-0.10453417897224426,0.0027238279581069946,0.08915962278842926,-0.11316166818141937,-0.03389696031808853,0.09750622510910034,0.001283295452594757,-0.04665251076221466,-0.015215292572975159,0.04427800327539444,-0.0787220299243927,-0.12300003319978714,0.06225569546222687,-0.12343928962945938,-0.2559100389480591,-0.0011869817972183228,0.19038057327270508,0.136867493391037,-0.19879291951656342,-0.10704991221427917,0.19369380176067352,-0.11588549613952637,-0.12305658310651779,0.21066789329051971,0.03518025577068329,-0.144158735871315,-0.016498588025569916,0.0909305140376091,-0.06350673735141754,-0.16727803647518158,-0.04427800327539444,0.26366138458251953,0.3611939251422882,0.29893821477890015,0.21077576279640198,0.2063656449317932,0.18723125755786896,0.2571530342102051,0.2607724070549011,0.1598576307296753,0.20257437229156494,0.2170533686876297,0.1969902515411377,0.2617759704589844,0.22905544936656952,0.19761823117733002,0.32690802216529846,0.32690802216529846,0.19036191701889038,0.3133619427680969,0.09753254055976868,0.035276830196380615,-0.15041816234588623,-0.09257256984710693,-0.02354450523853302,0.050787389278411865,0.07354114949703217,-0.09729540348052979,-0.05819803476333618,0.05719573795795441,-0.005584120750427246,0.044722601771354675,0.032065197825431824,-0.06415773928165436,0.09785257279872894,0.12928979098796844,-0.13654610514640808,-0.013546079397201538,0.12300002574920654,-0.06225571036338806,-0.2479507029056549,-0.12784940004348755,0.1268736571073532,0.1433599591255188,0.09708565473556519,-0.14808279275894165,-0.13173918426036835,0.1544911414384842,0.052613914012908936,-0.012473136186599731,0.03764931857585907,-0.10888034105300903,0.06578737497329712,0.1934475302696228,-0.23439867794513702,-0.14283587038516998,0.2595461308956146,0.13654610514640808,0.14942695200443268,0.23613430559635162,0.24482928216457367,0.1839265525341034,0.17690575122833252,0.14759309589862823,0.25771012902259827,0.2636534869670868,0.14932018518447876,0.22045668959617615,0.22409875690937042,0.17327159643173218,0.22940903902053833,0.23579047620296478,0.2116965651512146,0.2734105885028839,0.28834110498428345,0.21518808603286743,0.20401784777641296,0.08670735359191895,0.09540233016014099,-0.05220775306224823,-0.06792353093624115,-0.03633345663547516,0.08080437779426575,0.11606039106845856,-0.1083899438381195,-0.043196797370910645,0.07477857172489166,-0.04718509316444397,0.005310282111167908,0.0625188797712326,-0.01771247386932373,0.03762011229991913,0.07664453983306885,-0.05822250247001648,-0.08432325720787048,-0.011170238256454468,0.008694976568222046,-0.13891510665416718,-0.16332586109638214,0.01587429642677307,0.1487279087305069,0.15239384770393372,-0.18919432163238525,-0.1592571884393692,0.18316851556301117,-0.003988295793533325,-0.06946828961372375,0.10970397293567657,-0.023022755980491638,-0.024898767471313477,0.09435701370239258,-0.09584261476993561,-0.16096779704093933,0.04705226421356201,0.07315301895141602,0.10376118123531342,0.07687604427337646,0.046252742409706116,0.11313124001026154,0.036795955151319504,0.04288637638092041,0.0776834636926651,0.04858117178082466,0.018448183313012123,0.010886631906032562,0.04860023036599159,0.023392297327518463,0.002824035007506609,0.001832400681450963,0.03940647840499878,0.03740366920828819,0.02158610336482525,0.021779794245958328,0.09337583184242249,-0.02688513696193695,-0.0575084388256073,0.03625519573688507,-0.009456787258386612,-0.07024486362934113,0.040887508541345596,0.005694795399904251,-0.059235282242298126,-0.0376945398747921,0.03015204705297947,0.012505665421485901,-0.04577619582414627,-0.02155989594757557,0.03658244386315346,0.03557126969099045,-0.01782037504017353,-0.015623874962329865,0.07178972661495209,0.07159604132175446,-0.03062330186367035,0.06314033269882202,0.04805165156722069,-0.1065000593662262,0.05034429579973221,0.07593965530395508,-0.10012279450893402,-0.04338933527469635,0.08938732743263245,0.050200205296278,-0.07592824101448059,-0.03406555950641632,0.08235864341259003,0.05713116377592087,-0.05440282076597214,-0.05119514465332031,0.08961009979248047,0.08721991628408432,-0.00019368529319763184,0.09598290920257568,0.21799902617931366,0.18864159286022186,0.059091173112392426,0.05514024943113327,0.051727768033742905,0.09709739685058594,0.08863379806280136,0.03162179887294769,0.09263840317726135,0.08676137775182724,0.03332638740539551,0.09089359641075134,0.08144613355398178,0.05132952705025673,0.08239366114139557,0.06660837680101395,0.06705684959888458,0.08299335837364197,0.12201611697673798,0.09265868365764618,-0.15890786051750183,-0.1335013508796692,-0.007363405078649521,0.04195714741945267,0.036906030029058456,-0.06547559797763824,0.0040046051144599915,0.05513957887887955,-0.059312015771865845,0.004132218658924103,0.04811974614858627,-0.039564069360494614,0.0009475275874137878,0.015278849750757217,-0.015336811542510986,0.01638498157262802,0.015936508774757385,-0.029357433319091797,-0.2809239625930786,-0.22616003453731537,0.151544451713562,0.17545849084854126,0.04426943510770798,-0.10743274539709091,-0.032901424914598465,0.12061517685651779,-0.06331662088632584,-0.051007360219955444,0.10743176192045212,-0.043696288019418716,-0.047172218561172485,0.05484291911125183,-0.016284339129924774,0.0011061318218708038,0.03127332031726837,-0.000448472797870636,-0.000258470478001982,-4.0954237192636356e-05,3.595157522795489e-06,-0.0002869505260605365,0.0002441891992930323,-0.00017384019156452268,0.00013379304436966777,-6.550840771524236e-05,-0.00012051111116306856,-3.070604725508019e-05,-8.346197864739224e-05,-4.6253036998678e-05,-5.6226788728963584e-05,-6.832509825471789e-05,-9.860863792710006e-05,-0.00013656752707902342,-0.00020975057850591838,-0.00016404312918893993,-0.00016863901691976935,0.0002175162371713668,0.00026206564507447183,-0.00024599628522992134,0.00024059404677245766,0.00011311033449601382,-0.00011039615492336452,0.00010833178384928033,-0.0002543041482567787,3.480236046016216e-05,3.704913251567632e-05,-1.5546989743597806e-05,2.723518991842866e-05,-2.2072061256039888e-05,-4.238184919813648e-05,-6.824242882430553e-05,-0.00011114194057881832,-2.7475602109916508e-05,4.111156158614904e-05,-4.595887730829418e-06,4.454940790310502e-05,-0.00046351252240128815,-2.1471598302014172e-05,0.0003591066342778504,-0.0003509902162477374,-4.778550646733493e-06,-0.0001439079933334142,-7.352942338911816e-05,0.0002913532662205398,-5.034935020375997e-05,-9.81394259724766e-06,-6.525071512442082e-06,-6.961703911656514e-05,-4.617036756826565e-05,-6.876009138068184e-05,4.0766826714389026e-05,0.00015225350216496736,2.287971437908709e-05,-4.5707449316978455e-05,-572667.875,-1471327.25,-1243937.75,-284448.25,-280475.625,-261150.21875,-591026.0,-508488.375,-144398.0625,-559082.375,-500630.3125,-148445.53125,-524629.25,-462292.875,-276577.5,-447495.625,-329998.71875,-362422.09375,-435621.03125,-898659.375,-671269.875,1186879.0,963462.125,23298.03125,-310550.375,-247338.15625,446627.9375,-50594.0,-356232.25,410636.84375,-23998.9375,-313847.34375,248051.75,14797.25,-53421.21875,85073.53125,-105622.3125,-73198.9375,227389.5,2085538.375,1634732.0,-1163581.0,-1274012.5,-270636.1875,757178.3125,196744.15625,-802860.1875,461230.84375,332233.3125,-724484.1875,272050.6875,328644.59375,-301472.96875,70276.28125,-52201.09375,-158272.46875,32423.375,5.287006956677942e-07,3.649665359262144e-06,3.233842107874807e-06,7.595975404228739e-08,6.723784906625951e-08,4.860749314161694e-08,7.778912163303175e-07,7.676311497561983e-07,1.161612583899796e-08,5.101216515868146e-07,5.061657475380343e-07,3.2459936960549385e-08,5.772082545263402e-07,5.504864475369686e-07,8.59772839589823e-08,5.231901809565898e-07,4.787613079315634e-07,2.515694461635576e-07,6.088285431360418e-07,3.120964720437769e-06,2.7051414690504316e-06,-3.5737054986384464e-06,-3.1666043014411116e-06,-2.7352260900670444e-08,7.106533530532033e-07,7.19023660167295e-07,-7.662750931558548e-07,-2.5750949816938373e-07,4.945496243635716e-07,-4.776617288371199e-07,7.104250698830583e-08,5.18026524787274e-07,-4.912309918836399e-07,-2.729626658037887e-08,3.927840168671537e-07,-2.7162073479303217e-07,1.300672352044785e-07,3.5725909697248426e-07,-4.158232513873372e-07,-6.694670446449891e-06,-5.871745997865219e-06,3.546353127603652e-06,3.877257768181153e-06,7.463759175152518e-07,-1.4769284462090582e-06,-9.765331014932599e-07,1.2608247743628453e-06,-2.2015223066773615e-07,-4.235071173752658e-07,9.95688196780975e-07,-5.622734988719458e-07,-5.453227913676528e-07,8.840149803290842e-07,-2.443244682126533e-07,-2.627167816626752e-07,6.288798317655164e-07,2.2719186176800577e-07,-0.007134042680263519,0.014575513079762459,0.02354241907596588,0.003999597392976284,0.007016610354185104,0.008371556177735329,0.021524004638195038,0.012515690177679062,-0.00034517579479143023,0.018469465896487236,0.01743891090154648,0.00014637314598076046,0.012898596003651619,0.013419747352600098,0.010324163362383842,0.013253390789031982,0.0054280757904052734,0.011483452282845974,0.012241939082741737,0.021709555760025978,0.0306764617562294,-0.010575915686786175,-0.016525808721780777,0.004371958784759045,0.014507394284009933,0.004144133999943733,-0.021869180724024773,0.005953775718808174,0.017784086987376213,-0.01832309365272522,-0.004540314897894859,0.013273374177515507,-0.0025744326412677765,-0.00016635656356811523,-0.004896087571978569,-0.0017699385061860085,0.006813863292336464,0.0007584867998957634,0.008966905996203423,-0.03228547051548958,-0.04720227047801018,0.01494787447154522,0.03103320300579071,-0.00022782478481531143,-0.03637657314538956,0.001809641718864441,0.039653267711400986,-0.024276869371533394,-0.022324401885271072,0.03159646689891815,0.001965882256627083,-0.013439730741083622,-0.0023216549307107925,-0.0016035819426178932,0.011709950864315033,0.002528425306081772,-0.0060553764924407005,0.05866613984107971,0.0861416682600975,0.0703570768237114,0.046635016798973083,0.043572813272476196,0.04098806902766228,0.042959000915288925,0.052314139902591705,0.03462424501776695,0.04642953723669052,0.04558597505092621,0.03554961830377579,0.05276401340961456,0.04869096726179123,0.0389963835477829,0.04921935871243477,0.04905540123581886,0.044886067509651184,0.05046800896525383,0.027475528419017792,0.011690936982631683,-0.03950665146112442,-0.0267842635512352,-0.005646947771310806,-0.0006138123571872711,0.011326070874929428,-0.008334755897521973,-0.005884602665901184,0.010961730033159256,-0.010879918932914734,0.0071780383586883545,0.013141348958015442,-0.013767629861831665,0.0005283914506435394,0.010059017688035965,-0.004333291202783585,0.001412607729434967,0.005581941455602646,-0.01578459143638611,-0.06698217988014221,-0.03847520053386688,0.033859703689813614,0.026170451194047928,0.016973018646240234,-0.0077209435403347015,-0.017210673540830612,0.01929648593068123,-0.00499531626701355,-0.0037836916744709015,0.024021267890930176,-0.02094566822052002,-0.012612957507371902,0.02382664754986763,-0.004861682653427124,-0.008646409958600998,0.00991523265838623,0.004169333726167679,0.003441715845838189,0.007420387119054794,0.004950118716806173,0.002174824709072709,0.0018985900096595287,0.0016800217563286424,0.0018454757519066334,0.0027367693837732077,0.0011988382320851088,0.002155702095478773,0.0020780812483280897,0.0012637752806767821,0.002784040989354253,0.0023708101361989975,0.0015207179822027683,0.0024225451052188873,0.002406432293355465,0.0020147589966654778,0.002547019859775901,0.003978671506047249,0.0015084028709679842,-0.005245562642812729,-0.0030515287071466446,-0.0004948029527440667,-5.3114257752895355e-05,0.0010567476274445653,-0.0006466375198215246,-0.0005810672882944345,0.000879243016242981,-0.000891926814801991,0.0007059597410261631,0.0011070348555222154,-0.0012633230071514845,5.173496901988983e-05,0.0008857143111526966,-0.0004077861085534096,0.0001405875664204359,0.0005322608631104231,-0.0024702686350792646,-0.009224234148859978,-0.004559931345283985,0.004750759806483984,0.0029984144493937492,0.001551550580188632,-0.0005935232620686293,-0.0016378149157389998,0.0015258805360645056,-0.00031085952650755644,-0.00017328327521681786,0.0019989616703242064,-0.0019692827481776476,-0.0010552998865023255,0.002149037318304181,-0.0004595210775732994,-0.0007451267447322607,0.0009400469716638327,0.0003916732966899872,-0.21963448822498322,-0.15080048143863678,0.022864891216158867,0.0008278274326585233,-0.2539837658405304,-0.6246221661567688,0.4501640796661377,0.5291147232055664,0.19125908613204956,0.23027826845645905,0.3838196098804474,-0.19683216512203217,0.16844607889652252,0.4651847183704376,0.0431891493499279,-0.5615479946136475,-0.017915546894073486,0.5364336371421814,-0.6294347047805786,0.06883400678634644,0.24249938130378723,0.151628315448761,-0.2768486440181732,-0.6254500150680542,0.7041478157043457,1.1537368297576904,-0.25890499353408813,-0.29883646965026855,0.19256052374839783,-0.4271104335784912,-0.21537353098392487,0.6620168685913086,-0.12525692582130432,-1.0267326831817627,-0.06110469624400139,1.0979816913604736,-0.6115191578865051,-1.1658682823181152,0.1736653745174408,0.08279430866241455,-0.5193480253219604,-0.7770783305168152,0.9809964895248413,1.7791868448257446,-0.9630528092384338,-1.452573299407959,0.45146551728248596,-0.12827396392822266,-0.4079340696334839,1.0891273021697998,0.09011660516262054,-1.6887495517730713,0.06415222585201263,2.1247143745422363,-0.5504144430160522,-2.263849973678589,-0.5543491244316101,2.577707529067993,2.2215611934661865,2.2514333724975586,2.1668648719787598,2.5419118404388428,3.027432918548584,3.6451754570007324,2.9625539779663086,2.21280837059021,2.5470006465911865,2.8154444694519043,3.2627975940704346,2.8538224697113037,2.927694320678711,2.670121192932129,4.612607002258301,4.175376892089844,2.500612258911133,5.243318557739258,-0.35614633560180664,-0.32627415657043457,-0.05469632148742676,0.2904784679412842,0.8605680465698242,1.1032636165618896,-0.06487894058227539,-1.4323670864105225,-0.41555333137512207,0.6026360988616943,0.715796947479248,0.038378000259399414,-0.33510327339172363,-0.1837012767791748,1.6849126815795898,1.5052556991577148,-2.111994743347168,1.067941665649414,2.742706298828125,0.02987217903137207,0.3014500141143799,0.6167526245117188,0.915264368057251,0.8127851486206055,-0.9254469871520996,-2.535630702972412,-0.3506743907928467,2.035003185272217,1.1313502788543701,-0.5642580986022949,-1.0509002208709717,-0.22207927703857422,2.0200159549713135,1.6889569759368896,-3.796907424926758,-0.4373140335083008,4.854701042175293,1.674764633178711,-7.063053131103516,14.59559154510498,23.54354476928711,4.079070091247559,6.95905876159668,8.417295455932617,21.493568420410156,12.533398628234863,-0.3137739300727844,18.477602005004883,17.461063385009766,0.15825633704662323,12.913226127624512,13.437602996826172,10.34975814819336,13.288931846618652,5.485262393951416,11.527003288269043,12.2886323928833,21.658645629882812,30.606597900390625,-10.516521453857422,-16.58448600769043,4.338225364685059,14.534509658813477,4.116103172302246,-21.807342529296875,5.9442033767700195,17.774837493896484,-18.319345474243164,-4.547837257385254,13.279346466064453,-2.5634679794311523,-0.14867115020751953,-4.864495754241943,-1.7619285583496094,6.803369998931885,0.7616291046142578,8.947952270507812,-32.175167083740234,-47.19108581542969,14.85474681854248,31.118995666503906,-0.2221221923828125,-36.34185028076172,1.8281002044677734,39.58218002319336,-24.2635498046875,-22.322673797607422,31.598691940307617,1.9843692779541016,-13.428017616271973,-2.301027774810791,-1.6132574081420898,11.667865753173828,2.523557662963867,-6.041740894317627,-0.010700834915041924,0.029836708679795265,0.051801860332489014,0.006135010160505772,0.017120327800512314,0.021266059949994087,0.03980940580368042,0.017553657293319702,-0.0019237720407545567,0.03817852959036827,0.030687805265188217,0.001104199094697833,0.02181098982691765,0.0219498872756958,0.02169855311512947,0.03284338861703873,0.011102085001766682,0.01566465012729168,0.02348301187157631,0.04053754359483719,0.06250269711017609,-0.02370169758796692,-0.0346815325319767,0.015131049789488316,0.022689078003168106,-0.003712402656674385,-0.04173317924141884,0.02062487229704857,0.032611578702926636,-0.03707433119416237,-0.008876815438270569,0.0208456888794899,-0.00011243671178817749,0.010893501341342926,-0.01059646811336279,-0.017178738489747047,0.012380926869809628,0.00781836174428463,0.021965153515338898,-0.06423924118280411,-0.09718422591686249,0.03883274644613266,0.057370610535144806,-0.018843453377485275,-0.06442225724458694,0.024337274953722954,0.07434475421905518,-0.05769920349121094,-0.041488394141197205,0.05792002007365227,0.008764378726482391,-0.009952187538146973,-0.010484031401574612,-0.028072239831089973,0.022977394983172417,0.024997100234031677,-0.004562565125524998
-0.19406180083751678,-0.2226424515247345,-0.21005509793758392,-0.20372501015663147,-0.08496721088886261,-0.03930145874619484,-0.27535754442214966,-0.13524536788463593,-0.07083214074373245,-0.3261219561100006,-0.2577686607837677,-0.08049799501895905,-0.028723355382680893,-0.16277574002742767,-0.24845507740974426,-0.27836543321609497,-0.2324061095714569,-0.11459622532129288,-0.10783745348453522,-0.028580650687217712,-0.01599329710006714,0.018917441368103027,0.1250878870487213,0.16442355513572693,-0.19039033353328705,-0.09594391286373138,0.2045254111289978,-0.19087658822536469,-0.18693652749061584,0.24562396109104156,0.2290453016757965,-0.08227774500846863,-0.21973171830177307,-0.1155896931886673,0.016048967838287354,0.1637692153453827,0.12456865608692169,0.00675877183675766,0.012587353587150574,0.04749809205532074,0.14108118414878845,0.1455061137676239,-0.31547820568084717,-0.2603674530982971,0.39491575956344604,-0.0949326753616333,-0.39146193861961365,0.43650054931640625,0.41598182916641235,-0.3279017210006714,-0.4487770199775696,-0.03331194818019867,0.23578068614006042,0.2793589234352112,0.10851968824863434,-0.15701043605804443,-0.11780988425016403,4.543740272521973,4.47830867767334,4.1017351150512695,3.228182315826416,4.592228889465332,5.292354106903076,5.510679244995117,5.604372501373291,4.239236831665039,3.308628797531128,4.027559757232666,4.960075855255127,3.7401063442230225,3.443397283554077,3.891204357147217,4.109151363372803,5.018503665924072,4.709311008453369,4.574139595031738,-0.06543159484863281,-0.4420051574707031,-1.2501263618469238,0.4904937744140625,2.06417179107666,0.9184503555297852,0.31201839447021484,-1.2714424133300781,-2.295743703842163,-0.21167707443237305,1.651447057723999,-0.28745341300964355,-1.5166785717010498,0.15109801292419434,0.6657540798187256,1.1272993087768555,0.6001596450805664,-0.444364070892334,-0.13517141342163086,-0.3765735626220703,-1.184694766998291,0.9324989318847656,3.314298152923584,0.42795658111572266,-1.7521533966064453,-2.1898927688598633,-2.607762098312378,1.059765338897705,3.947190761566162,-0.07577633857727051,-3.168125629425049,0.4385514259338379,2.1824326515197754,0.9762012958526611,-0.06559443473815918,-1.5716633796691895,-0.7353310585021973,0.3091926574707031,12.380587577819824,15.079127311706543,15.079127311706543,12.442989349365234,16.649070739746094,16.649070739746094,11.632241249084473,13.806342124938965,13.806342124938965,8.583123207092285,12.691600799560547,13.063070297241211,13.063070297241211,15.77706241607666,15.77706241607666,12.968539237976074,13.991080284118652,13.991080284118652,11.121051788330078,2.6985397338867188,2.6985397338867188,-2.6361379623413086,1.5699434280395508,4.206081390380859,-5.016829490661621,-2.842728614807129,2.174100875854492,-5.22321891784668,-1.114741325378418,4.479947090148926,0.37146949768066406,2.713992118835449,2.713992118835449,-2.808523178100586,-1.7859821319580078,1.0225410461425781,-2.870028495788574,-2.870028495788574,0.0,-5.334677696228027,-1.128596305847168,6.842219352722168,-6.586772918701172,-7.048810005187988,7.190930366516113,-2.380490303039551,-3.28884220123291,9.703166007995605,1.486210823059082,-1.7659549713134766,2.342522621154785,-5.522515296936035,-4.499974250793457,3.831064224243164,-1.0840463638305664,-3.8925695419311523,0.0,12.380587577819824,18.52093505859375,18.52093505859375,12.442989349365234,17.050804138183594,17.050804138183594,14.356457710266113,14.356457710266113,13.806342124938965,8.972676277160645,14.716745376586914,14.716745376586914,14.364588737487793,15.77706241607666,15.77706241607666,13.0830717086792,16.918243408203125,16.918243408203125,15.650469779968262,6.140347480773926,6.140347480773926,-6.077945709228516,-1.4701309204101562,4.607814788818359,-2.6943464279174805,-2.6943464279174805,-0.5501155853271484,-5.383781433105469,0.9104032516479492,5.7440690994262695,-0.3521566390991211,1.060317039489746,1.4124736785888672,-2.693990707397461,1.1411809921264648,3.835171699523926,-1.2677736282348633,-1.2677736282348633,0.0,-12.218293190002441,-7.610478401184082,10.685760498046875,-1.2242155075073242,-7.30216121673584,2.144230842590332,-2.6894350051879883,1.4605188369750977,11.127850532531738,-1.2625598907470703,-4.683752059936523,1.7646303176879883,-3.754307746887207,-0.27129268646240234,6.529162406921387,-2.408954620361328,-5.102945327758789,0.0,-12.278607368469238,-18.52093505859375,-18.52093505859375,-11.290006637573242,-17.050804138183594,-17.050804138183594,-14.356457710266113,-14.356457710266113,-12.804536819458008,-8.972676277160645,-14.716745376586914,-14.716745376586914,-14.364588737487793,-13.401165008544922,-13.401165008544922,-13.0830717086792,-16.918243408203125,-16.918243408203125,-15.650469779968262,-6.242327690124512,-6.242327690124512,7.230928421020508,1.4701309204101562,-5.760797500610352,2.6943464279174805,2.6943464279174805,1.5519208908081055,5.383781433105469,-1.9122085571289062,-5.7440690994262695,0.3521566390991211,1.3155803680419922,0.9634237289428711,0.31809329986572266,-3.517078399658203,-3.835171699523926,1.2677736282348633,1.2677736282348633,0.0,13.47325611114502,7.712458610534668,-12.99172592163086,1.2242155075073242,8.455143928527832,-1.142425537109375,2.6894350051879883,-3.4641294479370117,-11.127850532531738,2.2643651962280273,7.059649467468262,0.61126708984375,-0.9974870681762695,-4.480502128601074,-4.153264999389648,4.784852027893066,5.102945327758789,0.0,0.03713541850447655,0.03713541850447655,0.03089144080877304,0.011068813502788544,0.011068813502788544,0.013566779904067516,0.023991454392671585,0.03527265414595604,0.03527265414595604,0.016434183344244957,0.009195320308208466,0.009195320308208466,0.018289664760231972,0.00013756356202065945,0.00013756356202065945,0.002574991201981902,0.018201172351837158,0.012970976531505585,0.0,0.0,-0.0062439776957035065,-0.026066605001688004,-0.019822627305984497,0.0024979664012789726,0.012922640889883041,0.02170587331056595,0.011281199753284454,-0.018838470801711082,-0.026077333837747574,-0.007238863036036491,0.009094344452023506,-0.009057756513357162,-0.01815210096538067,0.0024374276399612427,0.018063608556985855,0.010395985096693039,-0.018201172351837158,-0.012970976531505585,-0.0062439776957035065,-0.026066605001688004,-0.01357864961028099,0.02856457233428955,0.03274526819586754,0.0192079059779644,-0.001641441136598587,-0.04054434597492218,-0.03735853359103203,0.011599607765674591,0.03517168015241623,-0.001818893477320671,-0.027246445417404175,0.011495184153318405,0.036215707659721375,0.007958557456731796,-0.03626478090882301,-0.023366961628198624,0.0052301958203315735,0.10198020935058594,-3.441807746887207,-3.441807746887207,1.1529827117919922,-0.4017333984375,-0.4017333984375,-2.7242164611816406,-0.5501155853271484,1.001805305480957,-0.3895530700683594,-2.025144577026367,-1.6536750793457031,-1.301518440246582,2.3758974075317383,2.3758974075317383,-0.114532470703125,-2.9271631240844727,-2.9271631240844727,-4.529417991638184,-3.543787956237793,-3.543787956237793,4.594790458679199,3.040074348449707,-1.5547161102294922,-2.3224830627441406,-0.14838218688964844,3.7260217666625977,0.16056251525878906,-3.026949882507324,-1.2641220092773438,0.7236261367797852,4.029572486877441,3.6774158477783203,-2.4904298782348633,-5.303060531616211,-2.8126306533813477,-1.602254867553711,-1.602254867553711,0.0,8.138578414916992,6.5838623046875,-6.149506568908691,-5.362557411193848,1.4063339233398438,6.048504829406738,0.3089447021484375,-6.752971649169922,-1.4246845245361328,3.7505760192871094,5.293694496154785,2.953789710998535,-6.520002365112305,-8.980476379394531,-0.3222007751464844,3.7008056640625,1.2103757858276367,0.0,24.659194946289062,33.60006332397461,33.60006332397461,23.732995986938477,33.69987487792969,33.69987487792969,25.988698959350586,28.162799835205078,26.610877990722656,17.55579948425293,27.40834617614746,27.779815673828125,27.427658081054688,29.178226470947266,29.178226470947266,26.051610946655273,30.909324645996094,30.909324645996094,26.771522521972656,8.940868377685547,8.940868377685547,-9.867067337036133,0.09981155395507812,9.966878890991211,-7.711175918579102,-5.537075042724609,0.6221790313720703,-10.607000350952148,0.7974681854248047,10.224016189575195,0.019311904907226562,1.3984107971191406,1.7505683898925781,-3.126615524291992,1.7310981750488281,4.85771369934082,-4.1378021240234375,-4.1378021240234375,0.0,-18.80793571472168,-8.841056823730469,19.833946228027344,-7.81098747253418,-15.50395393371582,8.333354949951172,-5.069925308227539,0.17528915405273438,20.831016540527344,-0.7781562805175781,-8.825605392456055,1.7312564849853516,-4.525026321411133,-0.01947021484375,7.9843292236328125,-5.868900299072266,-8.995515823364258,0.0,1.8645976781845093,2.228041648864746,2.2825255393981934,2.1959903240203857,2.451462745666504,2.3144173622131348,1.617092251777649,1.9068894386291504,2.15316104888916,1.5225709676742554,2.0042452812194824,1.8843077421188354,2.114224433898926,2.6066484451293945,2.488569498062134,2.012834310531616,1.979017972946167,2.0593416690826416,1.65762460231781,0.3634439706802368,0.4179278612136841,-0.03205132484436035,0.16893720626831055,0.11842703819274902,-0.834370493888855,-0.4075279235839844,0.5360687971115112,-0.384318470954895,-0.14891576766967773,0.3617367744445801,0.10997915267944336,0.7223407030105591,0.374345064163208,-0.5938141345977783,-0.5095515251159668,0.04650735855102539,-0.32139337062835693,-0.40171706676483154,0.054483890533447266,-0.39549529552459717,-0.24899065494537354,0.15047836303710938,-1.0033077001571655,-0.5259549617767334,1.3704392910003662,0.023209452629089355,-0.684984564781189,0.7460552453994751,0.2588949203491211,0.360603928565979,0.26436591148376465,-1.3161548376083374,-0.8838965892791748,0.6403214931488037,0.18815815448760986,-0.44822442531585693,-0.08032369613647461,6.596622467041016,5.945273399353027,2.3033201694488525,1.3781758546829224,1.6181182861328125,2.05926775932312,3.359158754348755,3.7092649936676025,6.767272472381592,1.9938621520996094,2.1003992557525635,0.4782251715660095,6.753489971160889,6.206186771392822,2.379589080810547,3.0333425998687744,1.0452351570129395,1.7566291093826294,6.7136006355285645,-0.6513490676879883,-4.293302536010742,-4.5670976638793945,-0.68520188331604,0.6810919046401978,1.7410404682159424,1.6499972343444824,3.408113718032837,-1.7154028415679932,-4.666872978210449,-1.515636920928955,4.653090476989746,5.727961540222168,-4.373900890350342,-3.172844171524048,-1.3343539237976074,-1.276713490486145,5.668365478515625,4.956971645355225,-3.641953468322754,-3.9157485961914062,3.608100652694702,5.248189449310303,2.4262423515319824,0.9689053297042847,1.6670732498168945,-3.3654000759124756,-8.074986457824707,0.19976592063903809,9.319963455200195,7.243598461151123,-9.02699089050293,-8.900805473327637,3.0395469665527344,1.8961306810379028,7.002719402313232,6.23368501663208,-0.7113938331604004,802.4068603515625,866.1275634765625,786.3435668945312,425.5468444824219,878.2717895507812,1105.5120849609375,1105.31103515625,1134.442626953125,697.87646484375,416.90899658203125,663.7922973632812,953.55078125,601.6541748046875,554.0447387695312,666.9228515625,711.3809814453125,1031.27880859375,879.552001953125,836.3899536132812,63.720703125,-16.06329345703125,-440.5807189941406,91.92822265625,679.9652099609375,227.03924560546875,28.9305419921875,-407.4345703125,-717.5336303710938,-34.08416748046875,536.6417846679688,-62.13812255859375,-399.50604248046875,65.2686767578125,157.33624267578125,364.35595703125,168.1710205078125,-194.88885498046875,-43.16204833984375,-79.78399658203125,-504.3014221191406,107.99151611328125,1120.5458984375,135.11102294921875,-651.03466796875,-634.4738159179688,-746.4641723632812,373.35040283203125,1254.1754150390625,-28.053955078125,-936.1478271484375,127.40679931640625,556.84228515625,299.0872802734375,10.83477783203125,-559.2448120117188,-211.33306884765625,151.726806640625,0.11187395453453064,0.08402108401060104,0.015017685480415821,0.0014007785357534885,0.03695506229996681,0.020349940285086632,0.07753212749958038,0.03024219535291195,0.08217938244342804,0.01217297650873661,0.1569729447364807,0.0843743160367012,0.11018961668014526,0.0783185213804245,0.015588254667818546,0.04917878657579422,0.04937770217657089,0.03255133703351021,0.07641202211380005,-0.027852870523929596,-0.0968562662601471,-0.08262030780315399,0.021937377750873566,0.01894916221499443,0.04057706519961357,0.009892255067825317,0.004647254943847656,-0.01806921884417534,0.07479356229305267,0.07220134139060974,-0.04678332805633545,-0.006055794656276703,-0.09460136294364929,-0.02913973480463028,0.03378944844007492,-0.016627449542284012,0.027034319937229156,0.04386068508028984,-0.0690033957362175,-0.054767437279224396,0.11879364401102066,0.10156947374343872,0.018639687448740005,-0.009056907147169113,-0.035929810255765915,-0.027961473912000656,0.07014630734920502,0.09027056396007538,-0.12157689034938812,-0.07825713604688644,-0.04781803488731384,-0.023083940148353577,0.1283908188343048,0.012512285262346268,-0.006755128502845764,0.06048813462257385,0.016826365143060684,-9612718080.0,-10403598336.0,-9536057344.0,-4910665728.0,-10694165504.0,-13767318528.0,-13507328000.0,-13955007488.0,-8303422464.0,-4742353920.0,-8043717120.0,-11882975232.0,-7059730432.0,-6550432256.0,-7900303360.0,-8401832448.0,-12715684864.0,-10566462464.0,-10013941760.0,-790880256.0,76660736.0,5492932608.0,-1158108160.0,-8856652800.0,-2813162496.0,-187688960.0,5203905536.0,9212653568.0,259705344.0,-7140621312.0,983986688.0,5332542976.0,-840572928.0,-1851400192.0,-4815381504.0,-2164630016.0,2701743104.0,552520704.0,867540992.0,6283812864.0,-1234768896.0,-14349585408.0,-1655054336.0,8668963840.0,8017068032.0,9400342528.0,-4944200192.0,-16353274880.0,724281344.0,12473163776.0,-1824559616.0,-7183943168.0,-3974808576.0,-313229824.0,7517124608.0,2717150720.0,-2149222400.0,192404.84375,704458.4375,692591.0625,65797.2890625,631440.4375,712849.4375,346788.15625,412475.59375,175019.484375,27277.95703125,215240.796875,378642.3125,177660.75,266416.875,288621.46875,216290.265625,611393.1875,466237.65625,310964.96875,512053.59375,500186.21875,-638661.125,-61150.625,647052.125,-284652.28125,-300373.84375,-171768.671875,-385197.625,40221.3125,351364.34375,-37580.046875,-112225.4375,110960.71875,-50126.609375,322771.71875,249947.390625,-300428.21875,-155272.6875,-11867.375,-1150714.75,-561336.875,1285713.25,-223501.65625,-947426.0,112883.609375,-84823.78125,211989.984375,736562.0,-77801.359375,-463589.78125,148540.765625,62098.828125,211811.0,300074.0,-623199.9375,-405220.0625,145155.53125,-0.09311580657958984,-0.10957688838243484,-0.10433369129896164,-0.10353772342205048,-0.04582216218113899,-0.022448083385825157,-0.14295393228530884,-0.06883780658245087,-0.03997804597020149,-0.16265340149402618,-0.12632006406784058,-0.04417228326201439,-0.010397648438811302,-0.08641321957111359,-0.12369341403245926,-0.139339879155159,-0.11993999779224396,-0.05861276388168335,-0.05749113857746124,-0.016461081802845,-0.011217884719371796,0.006039164960384369,0.05851152911782265,0.08108963817358017,-0.09713177382946014,-0.04638972133398056,0.10297589004039764,-0.09381559491157532,-0.08634202182292938,0.1184811145067215,0.11592241376638412,-0.0422409363090992,-0.11329576373100281,-0.05292665958404541,0.0037534162402153015,0.08072711527347565,0.062448859214782715,0.001121625304222107,0.005243197083473206,0.02250024676322937,0.06972941756248474,0.0750504732131958,-0.1556432992219925,-0.12747935950756073,0.2001076638698578,-0.04742587357759476,-0.18931791186332703,0.21229670941829681,0.2022644281387329,-0.1607220470905304,-0.22921818494796753,-0.010685723274946213,0.11704917997121811,0.13365377485752106,0.05869544297456741,-0.07960548996925354,-0.06132723391056061,5.512974739074707,5.726907730102539,5.456848621368408,4.012096405029297,5.770658493041992,6.474880218505859,6.468540191650391,6.557775497436523,5.144056797027588,3.962871551513672,5.010706424713135,6.01299524307251,4.776653289794922,4.580952167510986,5.023008823394775,5.186607837677002,6.249499320983887,5.774348735809326,5.630962371826172,0.21393299102783203,-0.05612611770629883,-1.7148113250732422,0.313809871673584,2.4627838134765625,0.6978816986083984,0.08289527893066406,-1.3244833946228027,-2.5949039459228516,-0.13335037231445312,2.050123691558838,-0.2340531349182129,-1.4320430755615234,0.24635553359985352,0.6056556701660156,1.2264904975891113,0.5877408981323242,-0.6185369491577148,-0.1433863639831543,-0.27005910873413086,-1.9287443161010742,0.3699359893798828,4.177595138549805,0.38407182693481445,-2.3798885345458984,-2.022365093231201,-2.6777992248535156,1.1911330223083496,4.6450276374816895,-0.10070276260375977,-3.4821667671203613,0.4804086685180664,2.037698745727539,0.9801349639892578,-0.017914772033691406,-1.8450274467468262,-0.7311272621154785,0.47515058517456055,30.392892837524414,32.7974739074707,29.777196884155273,16.09691619873047,33.300498962402344,41.924072265625,41.84201431274414,43.00442123413086,26.461320877075195,15.704350471496582,25.107177734375,36.15611267089844,22.816415786743164,20.985124588012695,25.230619430541992,26.900901794433594,39.05624008178711,33.343101501464844,31.70773696899414,2.404581069946289,-0.6156959533691406,-16.700557708740234,3.5233020782470703,25.82715606689453,8.541515350341797,1.0803489685058594,-15.380693435668945,-27.300071716308594,-1.3541431427001953,20.451763153076172,-2.290761947631836,-15.170988082885742,2.414203643798828,5.915777206420898,13.825620651245117,6.44219970703125,-7.348503112792969,-1.6353645324707031,-3.0202770233154297,-19.105138778686523,4.138998031616211,42.527713775634766,5.018213272094727,-24.746807098388672,-23.922208786010742,-28.380420684814453,14.02655029296875,47.751834869384766,-0.9366188049316406,-35.62274932861328,4.704965591430664,21.08676528930664,11.411417007446289,0.5264225006103516,-21.174123764038086,-8.077564239501953,5.713138580322266,0.08315859735012054,0.021361125633120537,-0.055853940546512604,0.11687690019607544,0.012288943864405155,-0.0718689113855362,-0.05962144955992699,-0.02439100109040737,-0.004215250723063946,-0.01828012801706791,-0.08275055140256882,-0.11198689043521881,-0.016424093395471573,0.013904673978686333,-0.02068202570080757,-0.06551540642976761,-0.17622032761573792,-0.3297809362411499,-0.34968599677085876,-0.06179746985435486,-0.13901254534721375,0.09551577270030975,0.06814288347959518,-0.18874581158161163,-0.07191039621829987,0.04747790843248367,0.055406197905540466,0.006110873073339462,-0.0785353034734726,-0.09370676428079605,0.06632645428180695,0.1258915662765503,-0.0042579323053359985,-0.07942008227109909,-0.15553830564022064,-0.2642655372619629,-0.17346566915512085,-0.019905060529708862,-0.07721507549285889,0.1573132425546646,0.20715543627738953,-0.2842615842819214,-0.14005327224731445,0.2362237274646759,0.12731659412384033,-0.04136703535914421,-0.13394150137901306,-0.09981763362884521,0.14486175775527954,0.21959832310676575,-0.07058438658714294,-0.20531165599822998,-0.15128037333488464,-0.1848454475402832,-0.017927363514900208,0.24436047673225403,0.153560608625412,2.311579465866089,3.506681442260742,4.044671535491943,3.0654053688049316,3.2336931228637695,2.5327916145324707,1.9213780164718628,1.9939601421356201,2.5229642391204834,2.251006841659546,2.912961006164551,2.38185715675354,3.1077311038970947,4.19057559967041,3.360355854034424,2.8013460636138916,2.670827627182007,2.8023006916046143,2.5432558059692383,1.1951019763946533,1.7330920696258545,-0.44127607345581055,-0.8109784126281738,-0.5326137542724609,-1.3123151063919067,-0.5388314723968506,0.6015862226486206,0.2570466995239258,0.3899967670440674,0.13085031509399414,0.19477009773254395,1.8087184429168701,0.2526247501373291,-1.3892295360565186,-0.689528226852417,0.0009546279907226562,-0.12757182121276855,-0.259044885635376,0.5379900932312012,-1.6363780498504639,-2.5440704822540283,-0.09133768081665039,-0.5013366937637329,-0.0062177181243896484,1.9139013290405273,0.7958781719207764,-0.21158945560455322,-0.12619638442993164,-0.19522666931152344,1.677868127822876,0.057854652404785156,-3.1979479789733887,-0.9421529769897461,1.3901841640472412,0.5619564056396484,-0.25999951362609863,-0.13147306442260742,-97.41902160644531,-111.76651000976562,-105.44766235351562,-102.26995849609375,-42.653541564941406,-19.729331970214844,-138.2294921875,-67.89317321777344,-35.557735443115234,-163.71322631835938,-129.39987182617188,-40.40999221801758,-14.419124603271484,-81.71342468261719,-124.72444915771484,-139.73944091796875,-116.6678695678711,-57.527305603027344,-54.134403228759766,-14.347488403320312,-8.028640747070312,9.496551513671875,62.79412078857422,82.5406265258789,-95.5759506225586,-48.163841247558594,102.6717529296875,-95.82005310058594,-93.84213256835938,123.30323791503906,114.98074340820312,-41.30343246459961,-110.30532836914062,-58.02601623535156,8.05657958984375,82.2121353149414,62.53346633911133,3.392902374267578,6.31884765625,23.844039916992188,70.82276153564453,73.04407501220703,-158.3700714111328,-130.7044677734375,198.24771118164062,-47.656211853027344,-196.51388549804688,219.123291015625,208.8228759765625,-164.60667419433594,-225.28607177734375,-16.722583770751953,118.36190795898438,140.2381591796875,54.47688674926758,-78.81922912597656,-59.14056396484375,-0.40225228667259216,-0.4907437562942505,-0.5178661346435547,-0.348064661026001,0.0012489832006394863,0.2825053632259369,-0.0714343935251236,-0.17978839576244354,0.00020385533571243286,-0.3341394066810608,-0.13063335418701172,0.13032206892967224,0.0714377611875534,0.08280382305383682,-0.006583028007298708,-0.026035085320472717,0.28334081172943115,0.7252235412597656,0.49012139439582825,-0.08849146962165833,-0.11561384797096252,0.1426790952682495,0.5191150903701782,0.6305700540542603,-0.07268337905406952,-0.46229374408721924,0.07163824886083603,-0.15435101091861725,-0.13083720207214355,0.46446147561073303,0.20207111537456512,-0.04751824587583542,-0.07802078872919083,-0.10883890837430954,0.28992384672164917,0.7512586116790771,0.2067805826663971,-0.23510214686393738,-0.0271223783493042,0.23117056488990784,0.6347289085388184,0.48789095878601074,-0.5917984843254089,-1.0928637981414795,0.14432162046432495,0.3079427480697632,-0.20247545838356018,0.6188125014305115,0.3329083323478699,-0.5119796991348267,-0.28009191155433655,-0.06132066249847412,0.3679446280002594,0.8600975275039673,-0.08314326405525208,-0.9863607883453369,-0.4418827295303345
-0.11076569557189941,-0.24275998771190643,0.02289692685008049,0.1608961969614029,-0.27565762400627136,-0.11577524244785309,0.3981213867664337,-0.41450145840644836,-0.11144375056028366,0.27312278747558594,-0.3556497395038605,-0.07375118881464005,0.17882609367370605,-0.17810505628585815,-0.019709313288331032,0.1352129429578781,-0.06761079281568527,-0.33868587017059326,-0.13071928918361664,-0.13199429214000702,0.1336626261472702,0.4036561846733093,-0.29855453968048096,-0.276671439409256,0.6737790107727051,-0.2987262010574341,-0.5095651149749756,0.6876242160797119,-0.24420598149299622,-0.3468739688396454,0.5344758033752441,-0.10435386747121811,-0.19853541254997253,0.31331801414489746,-0.04790148138999939,-0.47389882802963257,-0.06310849636793137,0.20796658098697662,0.2656569182872772,0.5356504917144775,-0.43221718072891235,-0.6803276538848877,0.972333550453186,-0.0220547616481781,-1.1833441257476807,0.986350417137146,0.26535913348197937,-1.0344982147216797,0.778681755065918,0.24252009391784668,-0.7330112457275391,0.41767188906669617,0.15063393115997314,-0.78721684217453,-0.015207014977931976,0.681865394115448,0.2710750699043274,0.8280298709869385,0.9361929893493652,0.8411895036697388,0.8642833232879639,1.0207228660583496,0.9342222809791565,0.9005016684532166,1.0749564170837402,1.2820502519607544,1.1261755228042603,0.8364302515983582,0.6577134728431702,0.6279459595680237,0.8959118723869324,1.0797390937805176,0.7314695715904236,0.4906563460826874,0.7810655832290649,0.8130889534950256,0.10816311836242676,0.013159632682800293,-0.07190966606140137,0.17953336238861084,0.06993895769119263,-0.12022119760513306,0.14073413610458374,0.38154858350753784,0.05121910572052002,-0.44562000036239624,-0.4684620499610901,-0.20848429203033447,0.2381983995437622,0.4517931342124939,-0.1644423007965088,-0.5890827178955078,0.04959601163864136,0.32243260741233826,0.03202337026596069,-0.09500348567962646,-0.18007278442382812,0.16637372970581055,0.141848623752594,-0.2997545599937439,0.07079517841339111,0.5017697811126709,-0.08951503038406372,-0.8271685838699341,-0.5196811556816101,0.23713570833206177,0.7066604495048523,0.6602774262428284,-0.402640700340271,-1.0408759117126465,0.21403831243515015,0.9115153551101685,-0.017572641372680664,-0.29040923714637756,2.464143753051758,1.9858157634735107,2.3020477294921875,2.9847216606140137,2.9847216606140137,2.430159330368042,3.160175323486328,3.160175323486328,3.457747459411621,3.457747459411621,1.6228762865066528,1.8987605571746826,2.130314826965332,2.130314826965332,2.785632848739624,2.785632848739624,1.5142014026641846,1.5142014026641846,2.026639699935913,-0.47832798957824707,-0.1620960235595703,0.9989058971405029,0.6826739311218262,-0.5545623302459717,0.17545366287231445,0.7300159931182861,0.29757213592529297,0.29757213592529297,-1.8348711729049683,-1.5589869022369385,0.5074385404586792,0.23155426979064941,0.655318021774292,0.655318021774292,-1.2714314460754395,-1.2714314460754395,0.5124382972717285,0.5124382972717285,0.31623196601867676,1.47723388671875,0.8447699546813965,-1.5534682273864746,-0.5072202682495117,1.2845783233642578,0.12211847305297852,-0.43244385719299316,-2.132443428039551,-1.8565590381622314,2.3423097133636475,1.790541172027588,0.1478794813156128,0.4237637519836426,-1.9267494678497314,-1.9267494678497314,1.783869743347168,1.783869743347168,0.0,2.6342220306396484,3.0941219329833984,3.0941219329833984,2.9847216606140137,2.9847216606140137,2.430159330368042,3.160175323486328,3.160175323486328,3.457747459411621,3.457747459411621,2.5929088592529297,2.538379192352295,2.130314826965332,2.560971260070801,2.785632848739624,2.785632848739624,1.5216920375823975,2.843207359313965,2.843207359313965,0.45989990234375,0.45989990234375,-0.10940027236938477,-0.10940027236938477,-0.5545623302459717,0.17545366287231445,0.7300159931182861,0.29757213592529297,0.29757213592529297,-0.8648386001586914,-0.9193682670593262,-0.46259403228759766,0.02259206771850586,0.655318021774292,0.22466158866882324,-1.2639408111572266,0.05757451057434082,1.3215153217315674,0.0,0.0,-0.5693001747131348,-0.5693001747131348,-0.4451620578765869,0.2848539352416992,1.2845783233642578,0.12211847305297852,-0.43244385719299316,-1.1624107360839844,-1.2169404029846191,0.40224456787109375,0.941960334777832,1.1179120540618896,0.20206952095031738,-1.9192588329315186,-0.16708707809448242,2.585456132888794,-0.05757451057434082,-1.3215153217315674,-2.6342220306396484,-3.0941219329833984,-3.0941219329833984,-1.8001759052276611,-2.4245002269744873,-2.4245002269744873,-2.2113986015319824,-2.9902710914611816,-2.9902710914611816,-2.5929088592529297,-2.5929088592529297,-2.538379192352295,-1.6483993530273438,-2.560971260070801,-2.560971260070801,-2.0140256881713867,-1.5216920375823975,-2.843207359313965,-2.843207359313965,-0.45989990234375,-0.45989990234375,1.2939460277557373,0.6696217060089111,-0.6243243217468262,0.21310162544250488,-0.5657708644866943,-0.7788724899291992,0.39736223220825195,0.39736223220825195,0.054529666900634766,0.9445095062255859,-0.02259206771850586,-0.912571907043457,0.5469455718994141,1.0392792224884033,-0.8291816711425781,-1.3215153217315674,0.0,0.0,1.7538459300994873,1.1295216083526611,-1.9182703495025635,-0.45652008056640625,0.058553457260131836,-0.9919741153717041,0.9631330966949463,1.1762347221374512,-0.3428325653076172,0.547147274017334,-0.07712173461914062,-1.857081413269043,0.5695376396179199,1.9518511295318604,-1.3761272430419922,-2.3607945442199707,0.8291816711425781,1.3215153217315674,0.0005683600902557373,0.0005683600902557373,0.001397550106048584,0.001397550106048584,0.002019643783569336,0.0075258612632751465,0.0066748857498168945,0.0066748857498168945,0.007732823491096497,0.01104736328125,0.004564881324768066,0.0035275742411613464,0.0035275742411613464,0.004085242748260498,0.0016782283782958984,0.0005836784839630127,0.0005836784839630127,0.001163095235824585,0.0,0.0,0.0008291900157928467,0.0008291900157928467,0.000622093677520752,0.0061283111572265625,0.004655241966247559,-0.000850975513458252,0.001057937741279602,0.0043724775314331055,-0.00316794216632843,-0.0075197890400886536,-0.00103730708360672,0.0005576685070991516,-0.001849345862865448,-0.0035015642642974854,-0.0010945498943328857,0.0005794167518615723,-0.0005836784839630127,-0.001163095235824585,0.0008291900157928467,0.0008291900157928467,-0.00020709633827209473,0.005299121141433716,0.004033148288726807,-0.0069792866706848145,-0.0035973042249679565,0.005223453044891357,-0.004225879907608032,-0.011892266571521759,0.00213063508272171,0.008077457547187805,-0.000812038779258728,-0.004059232771396637,0.0007547959685325623,0.004080981016159058,0.000510871410369873,-0.0017425119876861572,-0.0005794167518615723,-0.17007827758789062,-1.1083061695098877,-0.7920742034912109,1.1845457553863525,0.5602214336395264,0.0056591033935546875,0.9487767219543457,0.16990423202514648,0.46747636795043945,0.8648386001586914,-0.9700325727462769,-0.6396186351776123,0.4819154739379883,-0.43065643310546875,0.22466158866882324,0.7716071605682373,-0.007490634918212891,-1.3290059566497803,-0.8165676593780518,-0.9382278919219971,-0.6219959259033203,2.2928519248962402,1.3522956371307373,-1.1788866519927979,0.38855528831481934,0.1642451286315918,-0.48130035400390625,0.6949343681335449,-1.4375089406967163,-1.5044572353363037,1.4519480466842651,0.20896220207214355,-0.25725388526916504,1.202263593673706,-0.23215222358703613,-2.1006131172180176,-0.8090770244598389,0.5124382972717285,0.31623196601867676,3.2310798168182373,1.9742915630340576,-3.471738576889038,-0.963740348815918,1.3431317806243896,-0.8698556423187256,0.5306892395019531,-0.9562085866928101,-2.1993916034698486,2.8894569873809814,1.7134194374084473,-1.7092019319534302,0.9933013916015625,0.025101661682128906,-3.3028767108917236,-0.5769248008728027,2.613051414489746,1.3215153217315674,5.098365783691406,5.079937934875488,5.396169662475586,4.784897804260254,5.409221649169922,4.854659557342529,5.3715739250183105,6.15044641494751,6.448018550872803,6.050656318664551,4.215785026550293,4.437139511108398,3.778714179992676,4.691286087036133,5.346604347229004,4.79965877532959,3.035893440246582,4.35740852355957,4.869847297668457,-0.01842784881591797,0.2978038787841797,-0.2950401306152344,0.013051986694335938,0.06976175308227539,-0.03764772415161133,1.2957868576049805,1.0764446258544922,-0.09979009628295898,-2.2322335243225098,-1.6135168075561523,-0.4370708465576172,0.2541465759277344,1.5678901672363281,0.10837268829345703,-2.310710906982422,-0.44225025177001953,1.833953857421875,0.5124387741088867,0.31623172760009766,-0.2766122817993164,-0.28475189208984375,0.36480188369750977,-0.050699710845947266,1.226025104522705,1.1140923500061035,-1.3955769538879395,-3.308678150177002,-1.5137267112731934,1.7951626777648926,1.8676633834838867,2.0049610137939453,-0.14577388763427734,-3.87860107421875,-0.5506229400634766,4.144664764404297,0.9546890258789062,-1.3215150833129883,0.8530504107475281,0.6602835059165955,0.800345242023468,1.0156251192092896,0.9471113681793213,0.8013122081756592,1.047572135925293,0.9619911313056946,0.9855168461799622,1.04685378074646,0.5657958388328552,0.735069215297699,0.8479061126708984,0.7208114266395569,0.8756833672523499,1.0119165182113647,0.6858494281768799,0.536437451839447,0.6997815370559692,-0.19276690483093262,-0.05270516872406006,0.3553416132926941,0.14676612615585327,-0.21431291103363037,0.10046076774597168,0.1606789231300354,-0.06205528974533081,0.08486264944076538,-0.41972100734710693,-0.311784565448761,0.2821102738380432,-0.01425778865814209,0.027777254581451416,0.29110509157180786,-0.18983393907546997,-0.4754790663719177,0.013932108879089355,0.16334408521652222,0.14006173610687256,0.5481085181236267,0.19947129487991333,-0.5696545243263245,-0.04630535840988159,0.37499183416366577,-0.1625160574913025,-0.07581627368927002,-0.3576657176017761,-0.39664721488952637,0.7018312811851501,0.2975267767906189,-0.2543330192565918,0.30536288022994995,-0.2176111936569214,-0.7665841579437256,0.20376604795455933,0.6388231515884399,0.14941197633743286,0.22420674562454224,0.2958343029022217,1.498728632926941,0.16984498500823975,0.9724221229553223,1.5190457105636597,1.6478925943374634,1.769378900527954,0.024347007274627686,1.3309834003448486,1.6228762865066528,0.9562585353851318,0.4819955825805664,1.1942033767700195,0.5511919856071472,1.628666877746582,0.34391140937805176,0.0645408034324646,0.9616971015930176,0.07162755727767944,1.274521827697754,-0.12598931789398193,-0.5263065099716187,1.34920072555542,0.6754704713821411,0.25033318996429443,-1.6235456466674805,-0.43839550018310547,1.59852933883667,-0.3747248649597168,-1.1408807039260864,0.2379448413848877,0.06919640302658081,0.4344635009765625,-0.20728057622909546,-1.5641260147094727,0.6177856922149658,0.897156298160553,1.2028942108154297,-0.19761687517166138,-1.8008283376693726,1.4751900434494019,1.2017769813537598,-1.0988675355911255,-2.299015998840332,-0.6887286901473999,3.2220749855041504,0.06367063522338867,-2.739409923553467,0.6126697063446045,1.2100770473480225,0.1965186595916748,-0.27647697925567627,-1.9985895156860352,0.8250662684440613,2.461282253265381,0.27937060594558716,28.743221282958984,33.775691986083984,28.256473541259766,30.792984008789062,40.7175178527832,34.922237396240234,34.18842697143555,48.07624435424805,62.5586051940918,49.13593673706055,27.9429931640625,18.379682540893555,16.449554443359375,31.496231079101562,42.274383544921875,23.707565307617188,9.808208465576172,26.207664489746094,29.0419921875,5.032470703125,-0.48674774169921875,-2.982707977294922,12.461044311523438,4.129253387451172,-6.529090881347656,13.154006958007812,28.37017822265625,1.0596923828125,-34.6156120300293,-30.756254196166992,-11.493438720703125,13.116548538208008,25.8248291015625,-7.788665771484375,-32.4661750793457,2.5000991821289062,19.233783721923828,2.8343276977539062,-5.519218444824219,-8.015178680419922,12.947792053222656,7.111961364746094,-18.990135192871094,9.02475357055664,34.899269104003906,-12.094314575195312,-62.98579025268555,-31.815946578979492,23.122173309326172,43.872802734375,37.318267822265625,-20.905214309692383,-58.2910041809082,10.288764953613281,51.69995880126953,0.334228515625,-16.399456024169922,0.011118469759821892,0.0008400387596338987,0.007084256503731012,0.00689590023830533,0.0011211144737899303,0.015465455129742622,0.0019588065333664417,0.017264384776353836,0.002282376866787672,0.010309004224836826,0.0015413658693432808,0.00958274770528078,-0.0009269319707527757,0.015092922374606133,-0.0001906296965898946,0.008909212425351143,0.0011818587081506848,0.00013918480544816703,-7.337806891882792e-05,-0.01027843076735735,-0.0040342132560908794,0.006055861711502075,-0.005963142029941082,0.00856955535709858,0.0008376920595765114,0.0017989296466112137,0.0003235703334212303,-0.00695538055151701,-0.0007410109974443913,-0.0007262565195560455,-0.0024682977236807346,0.005510174669325352,0.0007363022887147963,-0.00618370994925499,0.0013724884483963251,-0.008770027197897434,-0.0012552367988973856,-0.00021256288164295256,0.00624421751126647,0.01633429154753685,-0.0019289287738502026,0.002513693645596504,0.006800834089517593,-0.006770625710487366,-0.0005141217261552811,-0.008754310198128223,-0.0010645813308656216,0.006229124031960964,-0.0017272867262363434,0.006236431188881397,0.00320459995418787,-0.011693884618580341,0.0006361861596815288,-0.0025863172486424446,-0.0026277252472937107,0.008557463996112347,0.0010426739463582635,-280854240.0,-348718432.0,-285249696.0,-300157888.0,-418731872.0,-339789248.0,-335333120.0,-497060992.0,-679285888.0,-524355648.0,-272477280.0,-172422816.0,-153840688.0,-308216224.0,-428689216.0,-230322672.0,-87748088.0,-254397776.0,-285579840.0,-67864192.0,-4395456.0,48560544.0,-133482176.0,-39631360.0,83398752.0,-157271744.0,-343952768.0,-27294656.0,406808608.0,351932832.0,118636592.0,-135793408.0,-274848512.0,77893552.0,340941120.0,-24075104.0,-197831744.0,-31182064.0,63468736.0,116424736.0,-129086720.0,-88191904.0,216880928.0,-117640384.0,-427351520.0,129977088.0,750761344.0,379227488.0,-288172032.0,-487726240.0,-393485120.0,213686960.0,615789632.0,-101968656.0,-538772864.0,-7106960.0,166649680.0,13.288467407226562,20.573118209838867,16.46653938293457,20.030244827270508,27.162708282470703,17.402679443359375,25.447185516357422,53.31703567504883,82.67623138427734,53.747989654541016,12.173049926757812,6.362375736236572,3.348621129989624,13.411247253417969,22.373306274414062,11.15295696258545,0.48109954595565796,15.565276145935059,16.94280242919922,7.284650802612305,3.178071975708008,-0.5428733825683594,10.696168899536133,-2.627565383911133,-1.7155227661132812,35.91435623168945,57.22904586791992,0.4309539794921875,-70.50318145751953,-47.38561248779297,-8.82442855834961,7.0488715171813965,19.02468490600586,-2.2582902908325195,-21.8922061920166,4.412319183349609,16.461702346801758,1.3775262832641602,-4.106578826904297,-7.827524185180664,7.518096923828125,-2.0846920013427734,-12.411691665649414,38.54192352294922,58.9445686340332,-35.483402252197266,-127.73222351074219,-47.816566467285156,61.67875289916992,54.43448257446289,27.84911346435547,-9.307161331176758,-40.916893005371094,6.670609474182129,38.35390853881836,-3.034792900085449,-15.084176063537598,-0.05456363782286644,-0.12169918417930603,0.011869752779603004,0.0815420150756836,-0.13957439363002777,-0.05658644065260887,0.19898656010627747,-0.20644302666187286,-0.05676799640059471,0.13828518986701965,-0.17954082787036896,-0.03590194880962372,0.08918702602386475,-0.08792077004909515,-0.010102757252752781,0.0687732994556427,-0.034327324479818344,-0.16998742520809174,-0.0661017894744873,-0.06713554263114929,0.0664333924651146,0.20324119925498962,-0.15144415199756622,-0.13812845945358276,0.33856093883514404,-0.1498565822839737,-0.2557545602321625,0.3447282314300537,-0.12277282774448395,-0.17418713867664337,0.2687278389930725,-0.052018821239471436,-0.09928978234529495,0.15669406950473785,-0.024224568158388138,-0.23876072466373444,-0.03177446499466896,0.10388563573360443,0.13356894254684448,0.2703767418861389,-0.21787753701210022,-0.3413696587085724,0.4900050759315491,-0.01172812283039093,-0.5943155288696289,0.4945847988128662,0.13298173248767853,-0.5189153552055359,0.39150065183639526,0.12216831743717194,-0.36801761388778687,0.2087128907442093,0.07506521046161652,-0.3954547941684723,-0.007549896836280823,0.34264636039733887,0.1356600970029831,1.038156270980835,1.1053798198699951,1.034928560256958,1.0685776472091675,1.2116259336471558,1.144973874092102,1.0666532516479492,1.2849498987197876,1.5362414121627808,1.3374208211898804,0.9659062027931213,0.8316154479980469,0.7692808508872986,1.078277587890625,1.2660292387008667,0.938493013381958,0.6061252355575562,0.9375321865081787,1.0412836074829102,0.06722354888916016,-0.003227710723876953,-0.03680217266082764,0.17669737339019775,0.07639622688293457,-0.14497268199920654,0.13997602462768555,0.46958816051483154,0.05247092247009277,-0.5703352093696594,-0.5058053731918335,-0.19662535190582275,0.24666213989257812,0.4967483878135681,-0.139784574508667,-0.6599040031433105,-0.0009608268737792969,0.435158371925354,0.10375142097473145,-0.07045125961303711,-0.10402572154998779,0.1799250841140747,0.11319839954376221,-0.3216700553894043,0.06357979774475098,0.6145608425140381,-0.08750510215759277,-1.0399234294891357,-0.5582762956619263,0.37370985746383667,0.7524675130844116,0.6933737397193909,-0.3864467144012451,-1.1566524505615234,0.1388237476348877,1.0950623750686646,0.10471224784851074,-0.33140695095062256,1.0777685642242432,1.2218644618988037,1.0710772275924683,1.1418581008911133,1.468037486076355,1.3109652996063232,1.1377490758895874,1.651096224784851,2.3600378036499023,1.7886943817138672,0.9329747557640076,0.6915842294692993,0.5917930006980896,1.1626826524734497,1.602829933166504,0.8807691335678101,0.3673878014087677,0.8789665699005127,1.0842716693878174,0.14409589767456055,-0.006691336631774902,-0.08000636100769043,0.3969602584838867,0.16910719871520996,-0.3302884101867676,0.34013092517852783,1.222288727760315,0.1375981569290161,-1.42706298828125,-1.0971101522445679,-0.34118175506591797,0.4710984230041504,1.0110368728637695,-0.28191351890563965,-1.2354421615600586,-0.0018025636672973633,0.7168838977813721,0.2053050994873047,-0.15078723430633545,-0.22410225868225098,0.4036515951156616,0.2491135597229004,-0.7272486686706543,0.17102372646331787,1.5525771379470825,-0.20253276824951172,-2.6493515968322754,-1.234708309173584,1.085881233215332,1.5682085752487183,1.3522186279296875,-0.75301194190979,-2.246479034423828,0.2801109552383423,1.9523260593414307,0.20710766315460205,-0.5115787982940674,0.06399478763341904,-0.21184638142585754,-0.398712158203125,0.4651734530925751,0.5699592232704163,0.05216377601027489,0.12037821114063263,0.2620660364627838,0.13378149271011353,-0.038107454776763916,-0.1627597212791443,-0.24796703457832336,0.35290706157684326,-0.06455264985561371,-0.07320613414049149,0.366000771522522,0.2325771450996399,-0.4695799648761749,-0.4612613022327423,-0.2758411765098572,-0.46270695328712463,0.6770198345184326,0.9686713814735413,-0.4130096733570099,-0.4495810270309448,0.20990225672721863,0.013403281569480896,-0.30017349123954773,-0.2965412139892578,-0.20985957980155945,0.5156667828559875,0.18341438472270966,-0.42611318826675415,0.4305534362792969,0.3057832717895508,-0.8355807065963745,-0.6938384771347046,0.008318662643432617,-0.18686577677726746,0.9528610110282898,1.4313783645629883,-1.0900294780731201,-1.4182524681091309,0.6229119300842285,0.4629843235015869,-0.5100757479667664,-0.3099445104598999,0.09031391143798828,0.8122079968452454,0.3932739496231079,-0.9417799711227417,0.24713905155658722,0.7318964600563049,-1.2661341428756714,-0.9996217489242554,0.8438993692398071,0.7021571397781372,2.7727975845336914,2.3040595054626465,2.904036521911621,2.6326656341552734,2.8104891777038574,2.448641777038574,2.7155230045318604,2.8660824298858643,2.215322494506836,2.3966798782348633,2.3623218536376953,3.3503880500793457,2.7779767513275146,2.3474204540252686,2.0259318351745605,3.0062341690063477,2.689103603363037,2.641582727432251,2.739020824432373,-0.4687380790710449,0.1312389373779297,0.32860612869262695,-0.09354734420776367,-0.18402385711669922,-0.09496617317199707,0.41744065284729004,-0.5002005100250244,-0.469402551651001,0.14699935913085938,0.9537081718444824,0.41565489768981934,-1.0029675960540771,-0.7520449161529541,0.6588137149810791,0.6631717681884766,-0.3646514415740967,0.04991722106933594,0.09743809700012207,0.5999770164489746,0.7973442077636719,-0.22478628158569336,-0.5126299858093262,-0.0014188289642333984,0.6014645099639893,-0.40523433685302734,-0.886843204498291,0.6471998691558838,1.4231107234954834,0.26865553855895996,-1.9566757678985596,-1.1676998138427734,1.6617813110351562,1.4152166843414307,-1.0234651565551758,-0.6132545471191406,0.46208953857421875,0.04752087593078613,-55.60437774658203,-121.86551666259766,11.494256973266602,80.76988983154297,-138.380126953125,-58.119171142578125,199.85693359375,-208.07972717285156,-55.94476318359375,137.10763549804688,-178.53616333007812,-37.02309799194336,89.77069854736328,-89.40873718261719,-9.894075393676758,67.87689971923828,-33.940616607666016,-170.0203094482422,-65.62108612060547,-66.26113891601562,67.0986328125,202.63540649414062,-149.8743896484375,-138.88906860351562,338.237060546875,-149.96055603027344,-255.80169677734375,345.1873779296875,-122.59140014648438,-174.1307373046875,268.3068542480469,-52.38563919067383,-99.6647720336914,157.28564453125,-24.046541213989258,-237.897216796875,-31.680469512939453,104.39922332763672,133.35977172851562,268.89654541015625,-216.9730224609375,-341.52447509765625,488.1114501953125,-11.071487426757812,-594.0387573242188,495.14794921875,133.21029663085938,-519.318115234375,390.89825439453125,121.74510192871094,-367.97161865234375,209.67127990722656,75.61823272705078,-395.182861328125,-7.633928298950195,342.29644775390625,136.07969665527344,-0.08013743162155151,-0.2114328145980835,0.06970855593681335,-0.00808107852935791,-0.38404911756515503,-0.12134261429309845,0.3860621154308319,-0.4161730408668518,-0.09826813638210297,0.33460283279418945,-0.3146166205406189,-0.11323383450508118,0.1277325600385666,-0.1546154022216797,0.11436063051223755,0.048913538455963135,-0.08214975148439407,-0.18921151757240295,0.013142004609107971,-0.13129538297653198,0.14984598755836487,0.20335173606872559,-0.4537576735019684,-0.11326153576374054,0.7701112031936646,-0.29483044147491455,-0.4843302369117737,0.7507758736610413,-0.21634848415851593,-0.44783666729927063,0.4423491954803467,-0.04138156771659851,-0.01337192952632904,0.20352894067764282,-0.19651037454605103,-0.2381250560283661,0.09529175609350204,0.20235352218151093,0.28114137053489685,0.33464711904525757,-0.6036036610603333,-0.31661325693130493,1.2238688468933105,-0.181568905711174,-1.254441499710083,1.0456063747406006,0.26798176765441895,-1.1986125707626343,0.6586976647377014,0.4064550995826721,-0.4557211399078369,0.24491050839424133,-0.18313844501972198,-0.4416539967060089,0.29180213809013367,0.4404785633087158,0.10706176608800888
-0.09541776031255722,0.01404285617172718,0.24944187700748444,0.058613378554582596,-0.03069225139915943,-0.17096678912639618,0.17325489223003387,0.5046383142471313,-0.5400162935256958,0.08842091262340546,0.6514477133750916,-0.4384891986846924,-0.14416193962097168,0.583980143070221,-0.16877365112304688,-0.08311322331428528,0.6120525002479553,-0.20014557242393494,-0.2151651382446289,0.10946061462163925,0.34485962986946106,0.044570520520210266,-0.2801341414451599,-0.22958016395568848,0.20394714176654816,0.6756051182746887,-0.7132712006568909,-0.4162173867225647,1.1914639472961426,-0.526910126209259,-0.7956096529960632,1.0224692821502686,-0.024611711502075195,-0.6670933961868286,0.7808261513710022,-0.11703234910964966,-0.8272176384925842,-0.01501956582069397,0.2353990077972412,-0.06489009410142899,-0.6249938011169434,-0.27415066957473755,0.4840812683105469,0.9051852822303772,-0.9172183275222778,-1.0918225049972534,1.9047350883483887,-0.11069273948669434,-1.9870736598968506,1.5493793487548828,0.770997941493988,-1.6895626783370972,0.8054378628730774,0.550061047077179,-1.6080437898635864,0.10201278328895569,0.8121980428695679,0.6946526765823364,0.5347864627838135,0.6134153604507446,0.8005596995353699,1.1396052837371826,1.7673125267028809,1.6899539232254028,1.0213922262191772,1.135847568511963,1.3614251613616943,1.1022939682006836,0.945194661617279,1.011192798614502,1.0937014818191528,1.321816086769104,1.3428422212600708,1.0584675073623657,1.4297362565994263,1.5879096984863281,-0.15986621379852295,-0.0812373161315918,0.2657732367515564,0.526189923286438,0.966752827167511,0.5503486394882202,-0.7459203004837036,-0.5541063547134399,0.3400329351425171,-0.0335536003112793,-0.4162304997444153,-0.09110116958618164,0.14850682020187378,0.31062328815460205,0.24914073944091797,-0.2633485794067383,0.08689403533935547,0.5294421911239624,0.15817344188690186,0.07862889766693115,0.42563945055007935,0.6074272394180298,0.7009795904159546,0.024158716201782227,-1.7126731872558594,-1.1044549942016602,1.0859532356262207,0.5205527544021606,-0.7562634348869324,-0.057547569274902344,0.5647373199462891,0.4017244577407837,0.10063391923904419,-0.5739718675613403,-0.1622467041015625,0.7927907705307007,0.07127940654754639,-0.37126874923706055,2.79396390914917,2.79396390914917,2.0028176307678223,2.0028176307678223,3.067044258117676,3.067044258117676,3.301496744155884,3.301496744155884,1.669697880744934,4.03953218460083,4.03953218460083,2.2882590293884277,2.7284116744995117,2.9879660606384277,2.9913041591644287,2.9913041591644287,3.2338244915008545,3.2338244915008545,4.0029072761535645,0.0,-0.7911462783813477,-0.7911462783813477,1.0642266273498535,1.0642266273498535,0.234452486038208,0.234452486038208,-1.6317988634109497,0.7380354404449463,2.3698344230651855,-1.7512731552124023,-1.3111205101013184,0.69970703125,0.262892484664917,0.0033380985260009766,0.24252033233642578,0.24252033233642578,0.76908278465271,0.76908278465271,-0.7911462783813477,-0.7911462783813477,1.8553729057312012,1.8553729057312012,-0.8297741413116455,-0.8297741413116455,-1.8662513494491577,0.5035829544067383,4.001633167266846,-2.4893085956573486,-3.680954933166504,2.4509801864624023,1.5740129947662354,-0.696368932723999,-0.02037215232849121,0.2391822338104248,0.5265624523162842,0.5265624523162842,0.0,2.79396390914917,2.79396390914917,2.0028176307678223,2.3675968647003174,3.395155668258667,5.365983963012695,5.365983963012695,3.301496744155884,4.597441673278809,4.597441673278809,4.03953218460083,2.5315308570861816,2.7284116744995117,2.9879660606384277,3.87996244430542,3.87996244430542,3.2939188480377197,6.185659885406494,6.185659885406494,0.0,-0.7911462783813477,-0.42636704444885254,1.3923380374908447,2.998387098312378,1.9708282947540283,-2.0644872188568115,-0.7685422897338867,1.2959449291229248,-0.5579094886779785,-2.065910816192627,-1.3111205101013184,0.4564352035522461,1.1515507698059082,0.8919963836669922,-0.5860435962677002,2.305697441101074,2.8917410373687744,0.0,-0.7911462783813477,-0.42636704444885254,2.1834843158721924,3.4247541427612305,0.5784902572631836,-5.0628743171691895,-2.739370584487915,3.3604321479797363,0.2106328010559082,-3.3618557453155518,-0.7532110214233398,2.522346019744873,2.4626712799072266,0.4355611801147461,-1.7375943660736084,1.413701057434082,3.4777846336364746,-2.305697441101074,-2.8917410373687744,-2.6004133224487305,-1.6839931011199951,-1.6839931011199951,-2.3675968647003174,-3.395155668258667,-5.365983963012695,-5.365983963012695,-1.5767757892608643,-4.597441673278809,-4.597441673278809,-2.5315308570861816,-2.5315308570861816,-1.7538412809371948,-2.917428493499756,-3.87996244430542,-3.87996244430542,-3.2939188480377197,-6.185659885406494,-6.185659885406494,0.9164202213287354,0.9164202213287354,-0.6836037635803223,-1.7111625671386719,-2.998387098312378,-1.9708282947540283,3.789208173751831,0.7685422897338867,-3.0206658840179443,2.065910816192627,2.065910816192627,0.7776895761489868,-0.3858976364135742,-2.1261210441589355,-0.9625339508056641,0.5860435962677002,-2.305697441101074,-2.8917410373687744,0.0,0.0,-1.6000239849090576,-2.6275827884674072,-2.3147833347320557,-0.25966572761535645,6.787595272064209,2.739370584487915,-6.809874057769775,1.2973685264587402,5.086576461791992,-1.2882212400436401,-2.451808452606201,-2.903810501098633,-0.5766363143920898,2.7121646404266357,-1.3431634902954102,-3.4777846336364746,2.305697441101074,2.8917410373687744,0.0003220709040760994,0.0003220709040760994,0.002340857870876789,0.004368686117231846,0.007988538593053818,0.008332690224051476,0.0008370392024517059,0.0008370392024517059,0.003758814185857773,0.006718084216117859,0.008782208897173405,0.005140200722962618,0.0002309810370206833,0.0002309810370206833,0.004966401495039463,0.004966401495039463,0.010334732010960579,0.003491508774459362,0.0,0.0,0.0020187869668006897,0.0040466152131557465,0.005647680722177029,0.00396400410681963,-0.007151499390602112,-0.00749565102159977,0.002921774983406067,0.005881045013666153,0.005023394711315632,-0.001577883493155241,-0.008551227860152721,-0.004909219685941935,0.00473542045801878,0.00473542045801878,0.005368330515921116,-0.001474892720580101,-0.010334732010960579,-0.003491508774459362,0.0020187869668006897,0.0040466152131557465,0.003628893755376339,-8.261110633611679e-05,-0.01279918011277914,-0.0114596551284194,0.010073274374008179,0.013376696035265923,0.002101619727909565,-0.007458928506821394,-0.013574622571468353,-0.0033313361927866936,0.013286648318171501,0.009644640609622002,0.0006329100579023361,-0.006210313178598881,-0.01570306345820427,-0.002016616053879261,0.006843223236501217,0.19355058670043945,1.1099708080291748,0.31882452964782715,-0.3647792339324951,-0.3281114101409912,-2.2989397048950195,-2.0644872188568115,1.7247209548950195,-2.927743911743164,-0.5579094886779785,1.5080013275146484,-0.2432718276977539,0.9745703935623169,0.07053756713867188,-0.8886582851409912,-0.8886582851409912,-0.060094356536865234,-2.9518353939056396,-2.1827526092529297,0.9164202213287354,0.1252739429473877,-1.47475004196167,-0.6469359397888184,-1.9341604709625244,-1.7363758087158203,4.023660659790039,-0.8632566928863525,-2.282630443572998,4.4357452392578125,0.3146376609802246,-0.5334309339523315,0.3138093948364258,-1.863228678703308,-0.9591958522796631,0.828563928604126,-2.0631771087646484,-2.1226582527160645,0.76908278465271,-0.7911462783813477,-2.3911702632904053,-0.772209882736206,-0.4594104290008545,-1.089439868927002,5.957820892333984,0.8731191158294678,-6.306291103363037,5.299001693725586,2.5972681045532227,-4.969176292419434,-0.0008282661437988281,-1.3297977447509766,-1.2730052471160889,2.6917924880981445,-1.1039812564849854,-2.9512221813201904,2.8322598934173584,2.8917410373687744,5.3943772315979,4.477956771850586,3.6868107318878174,4.370414733886719,6.462200164794922,8.433028221130371,8.66748046875,4.878272533416748,6.267139434814453,8.636974334716797,6.571063041687012,4.819789886474609,4.482253074645996,5.905394554138184,6.8712663650512695,6.8712663650512695,6.527743339538574,9.41948413848877,10.188567161560059,-0.9164204597473145,-1.707566499710083,-0.10754203796386719,2.7753894329071045,4.062613487243652,2.205280303955078,-3.554755687713623,-2.400341033935547,3.758701801300049,0.3039236068725586,-3.8171844482421875,-2.0888099670410156,1.0856046676635742,2.3890132904052734,0.9658718109130859,-0.3435230255126953,2.5482177734375,3.6608238220214844,0.7690830230712891,-0.7911460399627686,0.8088784217834473,4.4829559326171875,4.1701555252075195,-0.5701091289520264,-7.617369174957275,-4.605621337890625,7.313457489013672,2.7042646408081055,-7.575886249542236,-2.392733573913574,4.902789115905762,4.477823257446289,-0.11973285675048828,-2.7325363159179688,1.582345962524414,4.00434684753418,-1.779134750366211,-2.8917407989501953,1.0277222394943237,1.156184196472168,0.7914287447929382,0.7125202417373657,0.9143903255462646,0.7355582118034363,0.8037741780281067,1.040891170501709,0.48767396807670593,1.0854997634887695,1.2091857194900513,0.7633906602859497,0.883834958076477,0.918298602104187,0.8301832675933838,0.8243745565414429,0.9920627474784851,0.8103097677230835,0.9707614183425903,0.12846195697784424,-0.2362934947013855,-0.44366395473480225,0.12296158075332642,0.023037970066070557,-0.11061614751815796,0.3053329586982727,-0.31610020995140076,0.04460859298706055,0.721511721611023,-0.3221091032028198,-0.3253507614135742,0.1549079418182373,-0.05365169048309326,-0.09392404556274414,0.16187947988510132,-0.014064788818359375,-0.021301329135894775,0.16045165061950684,-0.36475545167922974,-0.5721259117126465,0.3592550754547119,0.4667019248008728,-0.23357772827148438,0.28229498863220215,-0.2054840624332428,-0.26072436571121216,1.037611961364746,-0.36671769618988037,-1.0468624830245972,0.47701704502105713,0.27169907093048096,-0.24883198738098145,0.21553117036819458,0.07985925674438477,-0.1831808090209961,0.1745164394378662,0.1817529797554016,0.17839930951595306,0.00990525633096695,1.275456190109253,0.740757167339325,1.6429072618484497,0.8529821038246155,0.8949437141418457,1.1694896221160889,0.9337141513824463,1.3104829788208008,1.4911960363388062,2.2882590293884277,0.6230065822601318,0.8092967867851257,0.220674067735672,2.072721481323242,2.5216917991638184,0.8121768832206726,0.4881103038787842,-0.16849404573440552,1.0970568656921387,0.7308518886566162,0.3674510717391968,0.11222493648529053,-0.747963547706604,0.3165075182914734,0.038770437240600586,0.14099335670471191,0.5574818849563599,0.977776050567627,-0.8681894540786743,-1.4789621829986572,-0.40233251452445984,1.2634246349334717,2.3010177612304688,-1.2605445384979248,-2.033581495285034,-0.3240665793418884,1.2655508518218994,0.8993459343910217,-0.7296057939529419,-0.6186269521713257,-1.1154146194458008,0.20428258180618286,0.7867339849472046,-0.17551416158676147,0.5187114477157593,0.836782693862915,-1.4256713390350342,-2.456738233566284,0.4658569395542145,2.742386817932129,2.703350305557251,-2.5239691734313965,-4.334599494934082,0.9364779591560364,1.709514856338501,22.550201416015625,14.078139305114746,16.93122673034668,25.771936416625977,52.2545166015625,124.7906723022461,117.5107421875,41.78230667114258,56.72878646850586,79.1727066040039,51.418846130371094,33.32756805419922,37.4908332824707,46.27400588989258,69.58514404296875,71.56723022460938,46.610023498535156,104.7204818725586,119.34994506835938,-8.472062110900879,-5.618974685668945,11.69379711151123,35.32328796386719,99.01873779296875,65.2562255859375,-83.00836181640625,-60.78195571899414,37.39039993286133,-5.309940338134766,-45.84513854980469,-13.92801284790039,12.94643783569336,32.09431076049805,25.293224334716797,-22.975120544433594,33.15325164794922,72.73992156982422,14.629463195800781,2.8530874252319336,20.16585922241211,40.9422607421875,87.32494354248047,29.932937622070312,-182.027099609375,-126.03817749023438,120.39875793457031,55.472015380859375,-83.23553466796875,-8.618072509765625,58.79157638549805,46.02232360839844,12.346786499023438,-55.06943130493164,7.860027313232422,95.71504211425781,-18.523788452148438,-58.11045837402344,0.00471870182082057,0.002883398672565818,0.007969834841787815,0.0021903724409639835,0.008650489151477814,-3.2725561140978243e-06,0.0031990876886993647,0.0013239443069323897,0.0012730531161651015,0.008276084437966347,0.0033460340928286314,0.008980740793049335,0.0027224519290030003,0.016306409612298012,0.01486776303499937,0.012385011650621891,0.019417447969317436,-0.0007920258794911206,0.0014469362795352936,-0.0018353031482547522,0.003251133020967245,-0.0006930262316018343,0.0006806543096899986,-0.0021936451084911823,-0.005451401695609093,0.0013272168580442667,-0.0019260345725342631,0.006952140014618635,0.0020729810930788517,0.0007046563550829887,-0.0006235821638256311,0.007325668819248676,0.012145310640335083,-0.003921397961676121,0.004549684934318066,-0.013177037239074707,-0.017970511689782143,0.0022389621008187532,0.005086435936391354,0.0011422769166529179,-0.0025704787112772465,-0.001500618876889348,-0.006132056005299091,0.003520861966535449,0.0035253670066595078,0.005624922923743725,0.003999015782028437,-0.0062474836595356464,-0.002696563256904483,0.0066210124641656876,0.01276889257133007,-0.011247066780924797,-0.007595625706017017,-0.009255639277398586,-0.022520195692777634,0.015415999107062817,0.020209474489092827,-211199984.0,-127100816.0,-153066496.0,-255447056.0,-536609312.0,-1412269952.0,-1293405184.0,-420898144.0,-589010176.0,-857420672.0,-535747424.0,-335482752.0,-383839488.0,-466040512.0,-728453568.0,-757382464.0,-477956480.0,-1158636544.0,-1311280000.0,84099168.0,58133488.0,-128346240.0,-383542816.0,-1156822912.0,-756795904.0,991371776.0,704395008.0,-436522528.0,53262752.0,521937920.0,151907936.0,-130557760.0,-344614080.0,-291341952.0,250497088.0,-401254080.0,-833323520.0,-152643456.0,-25965680.0,-212445408.0,-441676288.0,-1028476672.0,-373253088.0,2148194816.0,1461190912.0,-1427894272.0,-651132288.0,958460416.0,98645184.0,-652495680.0,-496522016.0,-160784192.0,595111168.0,-109912128.0,-1083820544.0,248610624.0,680680064.0,13.53930377960205,7.1656646728515625,3.534719705581665,7.401926517486572,71.2774887084961,999.0866088867188,981.3958129882812,50.27918243408203,236.47303771972656,351.06097412109375,124.98299407958984,12.148374557495117,17.66644859313965,43.67863082885742,157.44972229003906,159.14840698242188,57.162776947021484,2180.748046875,2246.444580078125,-6.373639106750488,-10.004584312438965,0.23626184463500977,67.74276733398438,991.6846923828125,910.1183471679688,-948.8074340820312,-744.9227905273438,300.78179931640625,-111.49004364013672,-338.91259765625,-107.31654357910156,31.530256271362305,139.7832794189453,115.46977233886719,-100.28694152832031,2021.599609375,2189.28173828125,65.696533203125,-3.6309452056884766,6.609900951385498,77.74735260009766,991.4484252929688,842.3756103515625,-1940.4921875,-1655.0411376953125,1249.5892333984375,633.4327392578125,-639.6943969726562,4.173500061035156,370.4428405761719,247.09982299804688,83.93951416015625,-240.07022094726562,1906.1298828125,2289.568603515625,-1955.903076171875,-2123.585205078125,-0.04740738868713379,0.007453981786966324,0.12502694129943848,0.02942166104912758,-0.015538675710558891,-0.0868074893951416,0.08697135746479034,0.252070814371109,-0.2722926139831543,0.0424824133515358,0.32657843828201294,-0.2208428829908371,-0.07191882282495499,0.2946327328681946,-0.08349980413913727,-0.04109345003962517,0.3087896406650543,-0.10116425901651382,-0.10776891559362411,0.05486137047410011,0.17243432998657227,0.021967679262161255,-0.14056561887264252,-0.11622914671897888,0.10251003503799438,0.3388783037662506,-0.35926395654678345,-0.2095884084701538,0.5988710522651672,-0.2633253037929535,-0.39849725365638733,0.5154756307601929,-0.011580981314182281,-0.33572617173194885,0.3922894597053528,-0.06007080897688866,-0.41655856370925903,-0.0066046565771102905,0.11757296323776245,-0.03289369121193886,-0.312999963760376,-0.13819682598114014,0.2430756539106369,0.4551074504852295,-0.46177399158477783,-0.548466682434082,0.9581350088119507,-0.05373689532279968,-0.997368335723877,0.7788009643554688,0.38691627979278564,-0.8512017726898193,0.40387043356895447,0.2756553590297699,-0.8088480234146118,0.053466152399778366,0.40995389223098755,0.9198226928710938,0.7305505275726318,0.76141756772995,0.9868822693824768,1.4073963165283203,2.1687071323394775,2.103904962539673,1.1529918909072876,1.3635220527648926,1.7305271625518799,1.2348220348358154,1.0350183248519897,1.183631420135498,1.1887763738632202,1.6156786680221558,1.645357608795166,1.17995285987854,1.982749342918396,2.116567373275757,-0.18927216529846191,-0.1584051251411438,0.25633174180984497,0.6459787487983704,1.1818249225616455,0.6965086460113525,-1.01571524143219,-0.7403829097747803,0.5775352716445923,-0.12870001792907715,-0.6955088376998901,-0.05119061470031738,0.15375804901123047,0.4320472478866577,0.4565812349319458,-0.4357258081436157,0.33739173412323,0.9366145133972168,0.13381803035736084,0.030867040157318115,0.4456039071083069,0.8043838739395142,0.9254931807518005,0.05052989721298218,-2.197540283203125,-1.4368915557861328,1.5932505130767822,0.6116828918457031,-1.2730441093444824,0.07750940322875977,0.8492668867111206,0.4832378625869751,0.30282318592071533,-0.8677730560302734,-0.11918950080871582,1.3723403215408325,-0.20357370376586914,-0.802796483039856,0.8460738062858582,0.5337040424346924,0.5797567367553711,0.9739365577697754,1.9807645082473755,4.703290939331055,4.426416397094727,1.329390287399292,1.8591924905776978,2.9947242736816406,1.5247853994369507,1.0712628364562988,1.4009833335876465,1.413189172744751,2.610417366027832,2.7072017192840576,1.3922888040542603,3.931295156478882,4.479857444763184,-0.31236976385116577,-0.26631706953048706,0.440232515335083,1.4010077714920044,3.7293543815612793,2.4456520080566406,-3.3739006519317627,-2.5672240257263184,1.6653339862823486,-0.33440709114074707,-1.9234614372253418,-0.1238020658493042,0.34192633628845215,1.2094340324401855,1.2940125465393066,-1.2181285619735718,1.2240934371948242,3.087568759918213,0.5485622882843018,0.04605269432067871,0.7526022791862488,1.6673247814178467,3.2891218662261963,1.0446442365646362,-7.103255271911621,-5.012876033782959,5.039234638214111,2.2328169345855713,-3.5887954235076904,0.21060502529144287,2.265387773513794,1.3332360982894897,0.9520862102508545,-2.427562713623047,-0.06991910934448242,4.305697441101074,-0.6755311489105225,-2.539006471633911,0.09117985516786575,0.6962609887123108,0.1886913776397705,-0.008761214092373848,0.25570422410964966,-0.4777185618877411,-0.8569997549057007,0.2710116505622864,-0.7096916437149048,-0.46997734904289246,-0.04057628661394119,0.48410338163375854,0.6894896030426025,-0.639643132686615,-0.38778331875801086,-0.4386858344078064,-0.44171735644340515,-1.0849783420562744,-0.7657774090766907,0.6050811409950256,0.09751152247190475,-0.7050222158432007,0.06701284646987915,-0.4689573347568512,-1.1127040386199951,0.7487301826477051,0.1473081111907959,-0.7409889698028564,0.6691153645515442,0.9540807008743286,0.7300658822059631,-1.1237465143203735,-1.077272891998291,0.2009572982788086,-0.05393403768539429,-0.646292507648468,-0.3240600526332855,0.31920093297958374,-0.5075696110725403,-1.310103416442871,-0.030498676002025604,0.2360648810863495,-1.1797168254852295,1.2176874876022339,1.260012149810791,-1.4897191524505615,0.5218072533607483,1.695069670677185,0.060950517654418945,-2.077827215194702,-1.8073387145996094,1.3247038125991821,1.023338794708252,-0.8472498059272766,-0.27012601494789124,0.9654934406280518,0.6432609558105469,3.774285078048706,4.955636024475098,2.950133800506592,2.4361891746520996,2.6237993240356445,2.367795467376709,3.0181233882904053,2.459047794342041,3.0976693630218506,3.128183603286743,3.5706582069396973,2.6710925102233887,2.434990406036377,3.5219271183013916,2.3729288578033447,2.357174873352051,3.664607524871826,4.364224910736084,3.652531385421753,1.1813509464263916,-0.8241512775421143,-2.519446849822998,-0.32633447647094727,-0.06839370727539062,0.39432406425476074,0.09125232696533203,0.07954597473144531,0.6691358089447021,0.4729888439178467,-0.4570910930633545,-1.1356678009033203,0.8508346080780029,-0.06206154823303223,-1.1647522449493408,1.2916786670684814,2.007050037384033,-0.012076139450073242,-0.711693525314331,-2.005502223968506,-3.7007977962493896,0.497816801071167,2.4510531425476074,0.720658540725708,0.15964603424072266,-0.31477808952331543,0.5778834819793701,0.39344286918640137,-1.1262269020080566,-1.608656644821167,1.3079257011413574,1.073606252670288,-2.0155868530273438,1.3537402153015137,3.171802282333374,-1.3037548065185547,-2.7187435626983643,-0.6996173858642578,-47.899715423583984,7.049513816833496,125.2198257446289,29.42391586303711,-15.407509803771973,-85.82532501220703,86.97395324707031,253.32843017578125,-271.0881652832031,44.387298583984375,327.0267639160156,-220.12158203125,-72.36929321289062,293.15802001953125,-84.72437286376953,-41.72283935546875,307.2503662109375,-100.47307586669922,-108.01290130615234,54.9492301940918,173.11953735351562,22.374401092529297,-140.62733459472656,-115.24923706054688,102.38146209716797,339.15374755859375,-358.0621337890625,-208.94113159179688,598.1149291992188,-264.5088806152344,-399.39605712890625,513.2796020507812,-12.355079650878906,-334.880859375,391.9747314453125,-58.75023651123047,-415.2632751464844,-7.539825439453125,118.17030334472656,-32.5748291015625,-313.74688720703125,-137.62364196777344,243.0087890625,454.4029846191406,-460.443603515625,-548.0948486328125,956.1770629882812,-55.5677490234375,-997.510986328125,777.7884521484375,387.0409851074219,-848.1604614257812,404.3298034667969,276.130615234375,-807.238037109375,51.210411071777344,407.72344970703125,-0.02031031996011734,-0.014953814446926117,0.1511804312467575,0.06131595000624657,-0.19554835557937622,0.06599961966276169,0.5918635129928589,0.5463414192199707,-0.38582032918930054,0.36867842078208923,0.6778881549835205,-0.5520338416099548,-0.4965449273586273,0.774295449256897,0.17355084419250488,0.2000730335712433,0.5750113725662231,0.033529702574014664,0.03378033638000488,0.005356505513191223,0.17149075865745544,0.07626976072788239,-0.3467288017272949,0.0046836696565151215,0.7874118685722351,0.4803417921066284,-0.9776838421821594,-0.17766299843788147,1.0637085437774658,-0.9207122325897217,-1.1744331121444702,1.326329231262207,0.6700958013534546,-0.5742224454879761,0.40146052837371826,-0.16654333472251892,-0.5412310361862183,0.0002506338059902191,0.16613425314426422,0.07091325521469116,-0.5182195901870728,-0.07158608734607697,1.1341407299041748,0.475658118724823,-1.7650957107543945,-0.6580047607421875,2.0413923263549805,-0.7430492639541626,-2.2381415367126465,2.2470414638519287,1.8445289134979248,-1.900551676750183,-0.26863527297973633,0.40767911076545715,-0.9426915645599365,0.16679397225379944,0.5414816737174988
-0.17699438333511353,-0.1356293112039566,0.344637930393219,-0.315504252910614,-0.3725435137748718,0.5178765654563904,-0.18779999017715454,-0.4589132070541382,0.33936089277267456,-0.0290801003575325,-0.14921949803829193,0.1662444770336151,-0.33710429072380066,-0.26445063948631287,0.14359819889068604,0.1774711012840271,-0.2594059705734253,-0.15010766685009003,0.048512790352106094,0.04136507213115692,0.5216323137283325,-0.1798749417066574,-0.7171814441680908,0.8333808183670044,0.18474352359771729,-0.9767897725105286,0.5271608829498291,0.4298331141471863,-0.4885804057121277,0.19532456994056702,-0.18788479268550873,-0.430695116519928,0.4807024896144867,0.44192174077033997,-0.40300416946411133,-0.3275787830352783,0.3079187572002411,0.19862045347690582,0.4802672266960144,-0.22124001383781433,-1.2388137578964233,1.0132557153701782,0.9019249677658081,-1.8101706504821777,0.3424173593521118,1.4066228866577148,-1.0157413482666016,-0.23450854420661926,0.30069559812545776,-0.6260197162628174,0.6685872673988342,0.8726168870925903,-0.8837066888809204,-0.7695004940032959,0.7109229564666748,0.526199221611023,-0.10929830372333527,1.2181051969528198,1.407427430152893,1.5056816339492798,1.2982097864151,1.1167595386505127,1.0161570310592651,1.1172605752944946,0.8705093860626221,0.7827097773551941,1.0406275987625122,0.9952365159988403,0.8764779567718506,0.9406049847602844,0.8670408725738525,0.8583284616470337,0.9732970595359802,0.8921203017234802,1.195975661277771,1.3403079509735107,0.18932223320007324,0.28757643699645996,-0.10921764373779297,-0.3889220952987671,-0.28205275535583496,0.0005010366439819336,-0.14564764499664307,-0.33455079793930054,0.17011821269989014,0.21252673864364624,-0.16414964199066162,-0.05463153123855591,-0.009437084197998047,-0.08227652311325073,0.10625618696212769,0.03379184007644653,0.22267860174179077,0.4481876492500305,0.14433228969573975,0.09825420379638672,-0.2985398769378662,-0.676498532295227,-0.172835111618042,0.389423131942749,0.1364051103591919,-0.33505183458328247,0.3157658576965332,0.5470775365829468,-0.33426785469055176,-0.26715826988220215,0.15471255779266357,-0.027644991874694824,0.11569327116012573,0.11606836318969727,0.11642241477966309,0.414395809173584,-0.07834631204605103,-0.30385535955429077,2.350480556488037,4.1877946853637695,4.1877946853637695,3.10396146774292,2.8779871463775635,2.8779871463775635,2.33860182762146,1.3193635940551758,3.7807114124298096,3.7807114124298096,2.436674118041992,2.571638822555542,2.571638822555542,1.4624521732330322,1.846254587173462,3.1382904052734375,3.1382904052734375,2.5013065338134766,2.5013065338134766,1.8373141288757324,1.8373141288757324,-1.0838332176208496,-1.309807538986206,-0.22597432136535645,-0.5393853187561035,-1.5586235523223877,1.4421095848083496,2.461347818374634,-1.3440372943878174,-1.2090725898742676,0.1349647045135498,-1.1091866493225098,-0.7253842353820801,1.6758382320404053,1.2920358180999756,-0.6369838714599609,-0.6369838714599609,0.0,0.0,-2.921147346496582,-3.1471216678619385,0.8578588962554932,0.7704222202301025,-1.3326492309570312,1.9814949035644531,4.0199713706970215,-2.786146879196167,-3.6704204082489014,1.4790019989013672,0.09988594055175781,-0.8603489398956299,2.785024881362915,2.0174200534820557,-2.312822103500366,-1.9290196895599365,0.6369838714599609,0.6369838714599609,2.6415512561798096,4.805083751678467,4.883182525634766,4.883182525634766,3.2160072326660156,2.8779871463775635,3.153745651245117,3.153745651245117,3.7807114124298096,3.7807114124298096,3.4732229709625244,2.571638822555542,3.8267159461975098,3.8267159461975098,2.8051373958587646,3.1382904052734375,3.1382904052734375,2.5013065338134766,2.5013065338134766,2.1635324954986572,2.241631269454956,0.07809877395629883,-1.66717529296875,-2.005195379257202,-0.06226158142089844,0.2757585048675537,0.6269657611846924,0.6269657611846924,-0.30748844146728516,-1.2090725898742676,0.35349297523498535,1.2550771236419678,-1.0215785503387451,-0.6884255409240723,0.33315300941467285,-0.6369838714599609,-0.6369838714599609,0.0,0.07809877395629883,-2.0854337215423584,-3.908806562423706,-2.083294153213501,1.6049137115478516,2.280953884124756,0.6892273426055908,0.35120725631713867,-0.9344542026519775,-1.83603835105896,0.6609814167022705,2.4641497135162354,-1.3750715255737305,-1.94350266456604,1.354731559753418,0.05144166946411133,-0.9701368808746338,0.6369838714599609,0.6369838714599609,-2.6415512561798096,-4.805083751678467,-4.883182525634766,-4.883182525634766,-3.2160072326660156,-1.7722395658493042,-3.153745651245117,-3.153745651245117,-2.087609052658081,-3.4732229709625244,-3.4732229709625244,-2.1754939556121826,-3.8267159461975098,-3.8267159461975098,-2.8051373958587646,-2.8051373958587646,-2.499484062194824,-2.499484062194824,-2.405134439468384,-2.1635324954986572,-2.241631269454956,-0.07809877395629883,1.66717529296875,3.110942840576172,0.06226158142089844,-1.381506085395813,1.0661365985870361,-0.3194773197174072,-1.3856139183044434,1.2977290153503418,-0.35349297523498535,-1.6512219905853271,1.0215785503387451,1.0215785503387451,0.30565333366394043,0.30565333366394043,0.09434962272644043,0.09434962272644043,-0.07809877395629883,2.0854337215423584,3.908806562423706,3.1890416145324707,-1.6049137115478516,-4.492448806762695,1.0038750171661377,1.0620287656784058,-2.4517505168914795,1.617206335067749,1.032120943069458,-2.948951005935669,1.3750715255737305,2.6728005409240723,-0.7159252166748047,-0.7159252166748047,-0.2113037109375,-0.2113037109375,0.0,0.00016405154019594193,0.008275516331195831,0.01469583623111248,0.01469583623111248,0.005165928974747658,0.001673361286520958,0.001090608537197113,0.001090608537197113,0.003287632018327713,0.0072771403938531876,0.008359163999557495,0.000780745642259717,0.0006933365948498249,0.0006933365948498249,0.0026730434037745,0.0027380804531276226,0.00030458421679213643,0.00030458421679213643,0.0,0.00811146479099989,0.014531784690916538,0.006420319899916649,-0.009529907256364822,-0.013022474944591522,-0.004075320437550545,-0.0005827527493238449,0.0021970234811306,0.0061865318566560745,0.005071531981229782,-0.006496394984424114,-0.00766582740470767,-8.740904740989208e-05,0.001979706808924675,0.0020447438582777977,-0.0023684592451900244,-0.002433496294543147,-0.00030458421679213643,-0.00030458421679213643,0.006420319899916649,-0.0016911448910832405,-0.024061691015958786,-0.01944279484450817,0.005454586818814278,0.012439722195267677,0.006272343918681145,0.006769284605979919,0.002874508500099182,-0.012682926841080189,-0.01273735985159874,0.0064089857041835785,0.009645534679293633,0.0021321529056876898,-0.004348166286945343,-0.0044782403856515884,0.002063875086605549,0.0021289121359586716,0.0,-0.29107069969177246,-0.6172890663146973,-0.6953878402709961,-1.7792210578918457,-0.33802008628845215,1.1057475805282593,-0.8151438236236572,-1.8343820571899414,1.6931023597717285,0.30748844146728516,-1.0365488529205322,0.3961448669433594,-1.2550771236419678,-2.3642637729644775,-0.9588828086853027,0.33315300941467285,0.6388063430786133,0.0018224716186523438,0.09617209434509277,-0.3262183666229248,-0.40431714057922363,-1.1619319915771484,0.35736775398254395,2.8849687576293945,-0.4771237373352051,-2.9401297569274902,2.5082461833953857,2.1418704986572266,-2.7296512126922607,0.08865642547607422,-0.21852827072143555,-2.760408639907837,0.29619431495666504,2.6974167823791504,1.597689151763916,-0.3313305377960205,-0.5426342487335205,0.09434962272644043,-0.07809877395629883,-0.8357136249542236,0.7616848945617676,4.046900749206543,-0.834491491317749,-5.825098514556885,2.985369920730591,5.082000255584717,-5.2378973960876465,-2.0532140731811523,2.511122941970825,-2.849065065383911,0.5147225856781006,5.457825660705566,1.301494836807251,-3.028747320175171,-2.1403234004974365,0.42568016052246094,0.6369838714599609,4.992032051086426,8.992877960205078,9.070977210998535,7.9871439933776855,6.093994140625,4.650226593017578,5.492347717285156,4.473109245300293,5.868320465087891,7.253934383392334,5.9098968505859375,4.747132778167725,6.398354530334473,5.289168357849121,4.651391983032227,5.943428039550781,5.637774467468262,5.000790596008301,4.906440734863281,4.000845909118652,4.078945159912109,-1.0057339668273926,-2.976983070373535,-3.3369174003601074,-0.6016464233398438,-0.17711734771728516,0.3759727478027344,2.780825138092041,0.041576385498046875,-2.5068016052246094,0.48845767974853516,0.5420355796813965,-1.746962547302246,0.6542596817016602,0.9863824844360352,-0.9426374435424805,-0.7313337326049805,-0.09434986114501953,0.07809925079345703,-5.006579875946045,-7.0559282302856445,-2.331183433532715,2.3753366470336914,3.1598000526428223,0.9776191711425781,2.957942485809326,-0.3343963623046875,-5.28762674331665,0.4468812942504883,3.048837184906006,-2.2354202270507812,0.11222410202026367,2.7333450317382812,-1.5968971252441406,-1.7177162170410156,0.8482875823974609,0.6369838714599609,0.6998529434204102,1.1374176740646362,1.088716745376587,0.8681767582893372,0.8745613098144531,0.929970383644104,0.7163472175598145,0.4344322383403778,1.2899079322814941,1.1471810340881348,0.7689189314842224,0.8745822906494141,0.8216941952705383,0.48345354199409485,0.6432616710662842,1.0059552192687988,1.0282961130142212,0.7488795518875122,0.7205524444580078,0.4375647306442261,0.38886380195617676,-0.2692409157752991,-0.2141554355621338,0.061793625354766846,-0.15821409225463867,-0.4955381453037262,0.5735607147216797,0.7127487659454346,-0.5209890007972717,-0.2725987434387207,0.05277526378631592,-0.3911287486553192,-0.17843252420425415,0.5225017070770264,0.385034441947937,-0.2570756673812866,-0.3077436685562134,-0.028327107429504395,-0.048700928688049316,-0.7068056464195251,-0.6030192375183105,0.3310345411300659,0.05594134330749512,-0.5573318004608154,0.7317748069763184,1.2082868814468384,-1.0945496559143066,-0.9853475093841553,0.5737642645835876,-0.11853000521659851,-0.23120778799057007,0.913630485534668,0.5634669661521912,-0.779577374458313,-0.6927781105041504,0.22874855995178223,0.279416561126709,2.350480556488037,0.6938509345054626,1.706514835357666,4.863063335418701,0.36725378036499023,1.467915654182434,1.5245654582977295,0.36617541313171387,0.6995801329612732,1.0790672302246094,0.47234776616096497,0.1485452800989151,0.22873489558696747,0.700850248336792,1.8105298280715942,1.418291687965393,1.5574814081192017,0.14563313126564026,0.020142320543527603,-1.6566295623779297,-0.6439657211303711,4.169212341308594,-1.3392610549926758,-3.3951478004455566,1.1573116779327393,-1.1017402410507202,-0.8249853253364563,0.7128918170928955,-0.22723236680030823,-0.9305219650268555,-0.2436128705739975,0.5523049831390381,1.5817949771881104,0.7174414396286011,-0.2530484199523926,-1.2726585865020752,-1.5373390913009644,-0.12549081444740295,1.0126638412475586,5.825841903686523,-0.6952953338623047,-7.56436014175415,2.496572732925415,2.293407440185547,-1.9822969436645508,1.8146320581436157,0.5977529287338257,-1.643413782119751,-0.01638050377368927,1.4828269481658936,1.825407862663269,0.165136456489563,-1.834843397140503,-1.9901000261306763,-1.2842906713485718,1.1471678018569946,1.4118483066558838,52.52543640136719,75.86331176757812,90.37580108642578,67.4532470703125,48.41328048706055,37.865966796875,46.892242431640625,35.11882781982422,30.46698570251465,48.70083236694336,41.63300323486328,30.860811233520508,39.60675048828125,34.56829071044922,28.014694213867188,39.10462188720703,35.815399169921875,51.379512786865234,59.94809341430664,23.337875366210938,37.850364685058594,-8.410064697265625,-41.962520599365234,-29.5872802734375,-1.5210380554199219,-2.7471389770507812,-16.425256729125977,13.58200454711914,11.166017532348633,-17.84002113342285,-2.0262527465820312,3.707479476928711,-11.592056274414062,4.5363311767578125,7.8007049560546875,12.274890899658203,24.132694244384766,8.568580627441406,14.512489318847656,-31.747940063476562,-79.81288146972656,-21.177215576171875,40.44148254394531,26.84014129638672,-14.904218673706055,16.329143524169922,27.59127426147461,-31.422025680541992,-13.192270278930664,21.547500610351562,-9.565803527832031,0.8288516998291016,19.39276123046875,7.738559722900391,16.331989288330078,-3.706310272216797,-15.56411361694336,0.015948254615068436,0.05514241382479668,0.009945685043931007,0.06408239156007767,0.008894681930541992,0.006749344058334827,0.0112781822681427,-0.0002999101998284459,0.00341911893337965,-0.00012449754285626113,0.0019906761590391397,-0.0007078535854816437,0.013423716649413109,0.0008158779237419367,0.018082359805703163,0.0015988459344953299,0.008113216608762741,-8.80573716131039e-05,-3.931594983441755e-05,0.03919415920972824,-0.006002569571137428,0.00893997773528099,-0.0010510031133890152,-0.057333048433065414,0.002383500337600708,-0.0070492541417479515,-0.00785906333476305,0.00017541265697218478,-0.0014284427743405104,-0.0005833560135215521,0.011433040723204613,0.0015237315092235804,0.004658643156290054,0.0007829680107533932,-0.009969143196940422,-0.0016869032988324761,-0.008152532391250134,4.8741421778686345e-05,-0.04519672691822052,-0.03025418147444725,0.004951566457748413,-0.0662730261683464,0.003434503450989723,0.05028379335999489,-0.010242563672363758,0.007224666886031628,0.006430620327591896,-0.0007587686413899064,0.012861483730375767,0.0021070875227451324,-0.006774397566914558,-0.0007407634984701872,-0.014627786353230476,-0.0024698711931705475,0.0018166108056902885,0.0017356447642669082,0.00820127408951521,-540379584.0,-805136064.0,-985435776.0,-722290880.0,-503462208.0,-372969376.0,-476401984.0,-347374144.0,-294718880.0,-500600896.0,-418026720.0,-300932832.0,-396405696.0,-341559648.0,-271931712.0,-397393408.0,-354744960.0,-529563136.0,-640987776.0,-264756480.0,-445056192.0,82845184.0,481973568.0,349321504.0,27060224.0,25595232.0,181683104.0,-153226752.0,-123307840.0,199668064.0,21621024.0,-40626816.0,124473984.0,-55833760.0,-82813248.0,-132169728.0,-286242816.0,-111424640.0,-180299712.0,347601664.0,927029760.0,266476320.0,-454913344.0,-323726272.0,154622880.0,-178821984.0,-304990944.0,352894816.0,144928864.0,-240294880.0,102852960.0,-15206944.0,-207287232.0,-76335968.0,-203429568.0,20745088.0,174818176.0,30.588769912719727,310.8697509765625,526.6773071289062,262.09375,51.40034866333008,24.48838233947754,44.99150085449219,39.91134262084961,62.526397705078125,124.71101379394531,71.36469268798828,15.335803031921387,80.1142349243164,74.20349884033203,10.452483177185059,36.56151580810547,34.30125045776367,29.6557674407959,35.193973541259766,280.2809753417969,496.0885314941406,-48.7760009765625,-475.2769470214844,-237.60536193847656,-6.408847808837891,15.42296028137207,17.534896850585938,84.79966735839844,8.838294982910156,-109.37521362304688,8.749542236328125,58.86769485473633,-69.66175079345703,-37.64198303222656,23.848766326904297,-6.90574836730957,0.8927230834960938,5.538206100463867,215.80755615234375,-329.0569763183594,-971.365478515625,-188.82936096191406,468.86810302734375,253.0283203125,23.943744659423828,69.376708984375,-8.696601867675781,-194.1748809814453,-0.08875274658203125,168.24290466308594,-78.41129302978516,-96.50967407226562,93.51051330566406,30.736234664916992,-22.956043243408203,12.443954467773438,4.645483016967773,-0.08914932608604431,-0.06603024154901505,0.17400646209716797,-0.1552133858203888,-0.18605703115463257,0.26052016019821167,-0.093045175075531,-0.2310953140258789,0.17089974880218506,-0.015228020027279854,-0.07454994320869446,0.08305774629116058,-0.1680670529603958,-0.1338207721710205,0.07377097010612488,0.08847016841173172,-0.12940163910388947,-0.075629822909832,0.02434333972632885,0.023119084537029266,0.2631557881832123,-0.08918314427137375,-0.36006349325180054,0.41573354601860046,0.09301185607910156,-0.4916154742240906,0.26394492387771606,0.2158672958612442,-0.24544969201087952,0.09828576445579529,-0.09351710975170135,-0.2168785184621811,0.2418380230665207,0.22229093313217163,-0.20317260921001434,-0.16409999132156372,0.15374498069286346,0.099973164498806,0.24003669619560242,-0.11230222880840302,-0.6232192516326904,0.5049166679382324,0.4530753493309021,-0.9073489904403687,0.1709330677986145,0.7074827551841736,-0.509394645690918,-0.11758153140544891,0.15193258225917816,-0.3151642680168152,0.33535513281822205,0.4391694664955139,-0.44501063227653503,-0.38639092445373535,0.3569175899028778,0.2640731632709503,-0.053771816194057465,1.4002119302749634,1.69074547290802,1.8189051151275635,1.567917823791504,1.3026766777038574,1.0804181098937988,1.3202314376831055,1.0586923360824585,1.0198230743408203,1.3587093353271484,1.2476320266723633,1.0689606666564941,1.1782130002975464,1.1139570474624634,1.020672082901001,1.2047616243362427,1.136152744293213,1.3877849578857422,1.5070239305496216,0.29053354263305664,0.4186931848526001,-0.12282764911651611,-0.516228437423706,-0.4874997138977051,0.017554759979248047,-0.021725773811340332,-0.30040836334228516,0.30001699924468994,0.22780895233154297,-0.2897486686706543,-0.0694190263748169,0.04499638080596924,-0.1575409173965454,0.0908045768737793,0.11548066139221191,0.1830233335494995,0.3708711862564087,0.1192389726638794,0.12815964221954346,-0.41336119174957275,-0.9349216222763062,-0.36467206478118896,0.5337831974029541,0.46577394008636475,-0.3179631233215332,0.3217427730560303,0.5282173156738281,-0.5897656679153442,-0.29722797870635986,0.33474504947662354,-0.08812189102172852,0.04580819606781006,0.2730215787887573,0.09221875667572021,0.2553905248641968,-0.06378436088562012,-0.2516322135925293,1.960593581199646,2.8586204051971436,3.3084158897399902,2.4583663940429688,1.696966528892517,1.1673033237457275,1.7430109977722168,1.120829463005066,1.0400391817092896,1.8460911512374878,1.556585669517517,1.1426769495010376,1.388185977935791,1.2409003973007202,1.041771411895752,1.4514504671096802,1.29084312915802,1.9259471893310547,2.2711212635040283,0.8980268239974976,1.3478223085403442,-0.4002540111541748,-1.6114493608474731,-1.2910630702972412,0.04604446887969971,-0.04647386074066162,-0.7029718160629272,0.7252616882324219,0.5165464878082275,-0.7034142017364502,-0.16839969158172607,0.09822344779968262,-0.34641456604003906,0.21055006980895996,0.24907171726226807,0.4744967222213745,0.9802781343460083,0.34517407417297363,0.4497954845428467,-1.2982808351516724,-2.9592716693878174,-0.8908090591430664,1.6574938297271729,1.2445892095565796,-0.749016284942627,0.7717355489730835,1.2195183038711548,-1.428675889968872,-0.6849461793899536,0.8016376495361328,-0.178014874458313,0.11232662200927734,0.5954862833023071,0.26394665241241455,0.7312064170837402,-0.12932264804840088,-0.6351040601730347,0.00020257403957657516,-0.10057255625724792,-0.8311843872070312,-0.16201935708522797,0.4006921648979187,-0.06776121258735657,-0.28846386075019836,-0.5996147990226746,0.5603233575820923,-0.08948681503534317,-0.445634663105011,0.0019497828325256705,-0.436270534992218,-0.8261017203330994,-0.5917643308639526,-0.0036794848274439573,0.7346949577331543,0.29986831545829773,-0.0224736537784338,-0.10077513009309769,-0.8313869833946228,-0.06144680082798004,1.2318766117095947,0.0942581444978714,-0.6891560554504395,-0.5318535566329956,0.8487871885299683,0.5101279616355896,-1.005958080291748,0.09143659472465515,0.009364128112792969,-0.8280515074729919,-0.15549379587173462,0.822422206401825,1.326459288597107,0.30354779958724976,-0.7571685910224915,-0.3223419785499573,-0.7306118607521057,0.039328329265117645,2.0632636547088623,0.15570494532585144,-1.9210326671600342,-0.6261116862297058,1.5379432439804077,1.0419814586639404,-1.8547452688217163,-0.41869136691093445,1.015322208404541,-0.9194880723953247,-0.1648579239845276,1.650473713874817,1.4819531440734863,-0.5188744068145752,-2.083627939224243,-0.625889778137207,0.4348266124725342,1.7659629583358765,2.8236300945281982,3.618086099624634,2.891541004180908,2.8466014862060547,2.284776210784912,2.191209077835083,2.661864995956421,4.524549961090088,3.6710517406463623,3.2092716693878174,2.638669490814209,3.479116439819336,3.7635107040405273,2.6642532348632812,2.7309255599975586,3.7689199447631836,1.9302366971969604,1.599069595336914,1.0576671361923218,1.8521231412887573,0.06791090965270996,-0.7714846134185791,-0.6067647933959961,-0.6553924083709717,0.3770887851715088,2.333340883255005,1.0091867446899414,-1.3152782917022705,-1.0323822498321533,0.26984477043151855,1.1248412132263184,-0.8148632049560547,-1.0325851440429688,1.1046667098999023,-0.8006888628005981,-2.1698503494262695,-0.3311671018600464,0.7944560050964355,-0.9897562265396118,-2.623607635498047,-0.674675703048706,0.11609220504760742,0.9838535785675049,2.9887332916259766,0.6320979595184326,-3.6486191749572754,-2.0415689945220947,1.585123062133789,2.1572234630584717,-1.0847079753875732,-2.157426357269287,1.919529914855957,0.2318962812423706,-3.274517059326172,0.46952176094055176,1.8386832475662231,-88.85118103027344,-68.0859146118164,173.00823974609375,-158.3831329345703,-187.016845703125,259.9740295410156,-94.27559661865234,-230.3744354248047,170.35916137695312,-14.598210334777832,-74.90818786621094,83.45472717285156,-169.22634887695312,-132.7542266845703,72.08629608154297,89.09049224853516,-130.2218017578125,-75.35404968261719,24.35342025756836,20.76526641845703,261.85943603515625,-90.2972183227539,-360.02508544921875,418.357177734375,92.74124908447266,-490.34844970703125,264.634765625,215.77622985839844,-245.26734924316406,98.05294036865234,-94.31816101074219,-216.20895385742188,241.31265258789062,221.8447265625,-202.30810546875,-164.44454956054688,154.57522583007812,99.70747375488281,241.09417724609375,-111.06248474121094,-621.884521484375,508.6543884277344,452.7663269042969,-908.7056274414062,171.89352416992188,706.1246948242188,-509.902099609375,-117.7232894897461,150.94918823242188,-314.26190185546875,335.63079833984375,438.0536804199219,-443.6207580566406,-386.2892761230469,356.8833312988281,264.15203857421875,-54.86775207519531,0.004219783935695887,-0.003290582448244095,0.8375376462936401,-0.3327704966068268,-0.48677879571914673,0.6924059391021729,-0.11279024183750153,-0.27000272274017334,0.2450716197490692,0.1299980878829956,-0.1358340084552765,0.18851885199546814,-0.25095993280410767,-0.15107902884483337,0.2471526861190796,0.1253434717655182,-0.2618345022201538,-0.2995761036872864,0.10024511814117432,-0.0075103663839399815,0.8333178758621216,-0.3294799029827118,-1.3243165016174316,1.0251764059066772,0.3739885687828064,-0.9624086618423462,0.35786187648773193,0.40000081062316895,-0.3809056282043457,0.058520764112472534,-0.11512592434883118,-0.3395978808403015,0.49811261892318726,0.27642250061035156,-0.5089871883392334,-0.42491957545280457,0.3620796203613281,0.3998212218284607,0.8408282399177551,-0.32196953892707825,-2.1576342582702637,1.3546563386917114,1.6983051300048828,-1.9875850677490234,-0.016126692295074463,1.3624094724655151,-0.7387675046920776,-0.3414800465106964,0.2657797038555145,-0.39811864495277405,0.6132385730743408,0.6160203814506531,-1.0070998668670654,-0.7013421058654785,0.8710668087005615,0.8247407674789429,0.03774160146713257
0.3409793972969055,0.2569286823272705,-0.32983651757240295,0.2640269100666046,0.2534448802471161,-0.029856083914637566,0.018414463847875595,0.3017231225967407,-0.0998891144990921,-0.17572960257530212,0.4636457562446594,-0.04711395129561424,-0.07047484070062637,0.24753284454345703,-0.13263548910617828,-0.0031870361417531967,0.2526566982269287,0.04045693948864937,0.25091031193733215,-0.08405071496963501,-0.6708159446716309,0.0070982277393341064,0.583281397819519,-0.29388299584388733,-0.2350304126739502,0.33157920837402344,-0.118303582072258,-0.47745272517204285,0.5635348558425903,0.12861564755439758,-0.5341206192970276,0.2946467995643616,-0.06216064840555191,-0.2507198750972748,0.3852921724319458,0.043643973767757416,-0.0017463862895965576,0.21045337617397308,-0.5867652297019958,0.09114894270896912,1.25409734249115,-0.30098122358322144,-0.8183118104934692,0.6254621744155884,0.1167268306016922,-0.8090319633483887,0.6818384528160095,0.6060683727264404,-1.0976555347442627,0.166031152009964,0.4719599783420563,-0.545366644859314,0.4474528133869171,0.2943638563156128,-0.38703855872154236,0.16680940985679626,0.21219976246356964,1.6245427131652832,1.363099217414856,0.8456808924674988,1.0710391998291016,1.2426271438598633,1.2475894689559937,1.1513125896453857,1.1450835466384888,1.2214655876159668,1.1915085315704346,1.055727481842041,0.8904134035110474,0.7644196152687073,0.8864355087280273,1.0097973346710205,0.9193185567855835,0.859627366065979,1.231797695159912,1.1436731815338135,-0.26144349575042725,-0.7788618206977844,-0.2920600175857544,0.3969462513923645,0.1765502691268921,-0.09131455421447754,-0.10250592231750488,0.07015299797058105,0.0464249849319458,-0.16573810577392578,-0.3010951280593872,-0.29130786657333374,-0.0039778947830200195,0.24537771940231323,0.03288304805755615,-0.1501699686050415,0.3124791383743286,0.2840458154678345,-0.08812451362609863,-0.5174183249473572,-0.03061652183532715,1.175808072090149,0.4686102867126465,-0.48826080560684204,-0.279056191444397,0.1614675521850586,0.14893090724945068,-0.23589110374450684,-0.347520112991333,-0.12556976079940796,0.2971172332763672,0.536685585975647,0.03686094284057617,-0.39554768800735474,0.27959609031677246,0.434215784072876,-0.40060365200042725,-0.3721703290939331,3.8500661849975586,3.8500661849975586,3.175306558609009,3.8338029384613037,3.8338029384613037,3.07749080657959,3.07749080657959,2.7581064701080322,2.7581064701080322,2.310009241104126,2.583284378051758,2.583284378051758,2.395716667175293,2.7531557083129883,2.7531557083129883,2.67925763130188,2.67925763130188,5.392965793609619,5.392965793609619,0.0,-0.6747596263885498,-0.016263246536254883,0.6584963798522949,-0.7563121318817139,-0.7563121318817139,-0.3193843364715576,-0.3193843364715576,-0.44809722900390625,-0.17482209205627441,0.27327513694763184,-0.18756771087646484,0.16987133026123047,0.3574390411376953,-0.0738980770111084,-0.0738980770111084,2.7137081623077393,2.7137081623077393,0.0,-0.6747596263885498,-0.016263246536254883,1.3332560062408447,-0.740048885345459,-1.4148085117340088,0.43692779541015625,0.43692779541015625,-0.12871289253234863,0.1445622444152832,0.7213723659515381,-0.01274561882019043,-0.10340380668640137,0.5450067520141602,-0.24376940727233887,-0.4313371181488037,2.7876062393188477,2.7876062393188477,-2.7137081623077393,-2.7137081623077393,4.103509902954102,3.8500661849975586,3.175306558609009,3.8338029384613037,3.8338029384613037,3.674116373062134,3.8340632915496826,3.8340632915496826,2.977684736251831,2.977684736251831,2.583284378051758,2.583284378051758,2.395716667175293,2.7531557083129883,3.3479015827178955,3.3479015827178955,3.9993865489959717,5.392965793609619,5.392965793609619,-0.25344371795654297,-0.9282033443450928,-0.016263246536254883,0.6584963798522949,-0.15968656539916992,0.00026035308837890625,0.15994691848754883,-0.8563785552978516,-0.8563785552978516,-0.39440035820007324,-0.39440035820007324,-0.18756771087646484,0.16987133026123047,0.9521849155426025,0.5947458744049072,0.6514849662780762,2.0450642108917236,1.3935792446136475,0.0,-0.6747596263885498,0.23718047142028809,1.5866997241973877,-0.14342331886291504,-0.658236026763916,0.31963348388671875,-0.8566389083862305,-1.0163254737854004,0.4619781970977783,0.4619781970977783,0.2068326473236084,0.5642716884613037,1.1397526264190674,0.42487454414367676,-0.30069994926452637,1.4503183364868164,0.7420942783355713,-2.0450642108917236,-1.3935792446136475,-4.103509902954102,-2.862687349319458,-2.862687349319458,-2.4466302394866943,-3.5436863899230957,-3.674116373062134,-3.8340632915496826,-3.8340632915496826,-2.977684736251831,-2.977684736251831,-2.0282256603240967,-2.0282256603240967,-1.9368575811386108,-1.9368575811386108,-3.3479015827178955,-3.3479015827178955,-3.9993865489959717,-3.9993865489959717,-3.856356382369995,1.2408225536346436,1.2408225536346436,0.41605710983276367,-0.6809990406036377,-1.2274861335754395,-0.2903769016265869,-0.15994691848754883,0.8563785552978516,0.8563785552978516,0.9494590759277344,0.9494590759277344,0.09136807918548584,0.09136807918548584,-1.4110440015792847,-1.4110440015792847,-0.6514849662780762,-0.6514849662780762,0.14303016662597656,0.14303016662597656,0.0,-0.8247654438018799,-1.9218215942382812,-1.6435432434082031,0.3906221389770508,1.0675392150878906,1.1467554569244385,1.0163254737854004,0.09308052062988281,0.09308052062988281,-0.8580909967422485,-0.8580909967422485,-1.5024120807647705,-1.5024120807647705,0.7595590353012085,0.7595590353012085,0.7945151329040527,0.7945151329040527,0.0,0.0016486344393342733,0.0010439548641443253,0.0010439548641443253,0.0015736017376184464,0.0015736017376184464,0.0003847787156701088,0.0003847787156701088,0.0065606096759438515,0.009117593988776207,0.007239094004034996,0.0008684094063937664,0.0008684094063937664,0.00025020213797688484,0.00025020213797688484,0.011263596825301647,0.0011615287512540817,0.0011615287512540817,0.0024841101840138435,0.0,-0.0006046795751899481,-0.0006046795751899481,0.0005296468734741211,0.0005296468734741211,-0.0011888230219483376,-0.0011888230219483376,0.006175830960273743,0.008732815273106098,0.0006784843280911446,-0.008249184116721153,-0.00637068459764123,-0.0006182072684168816,-0.0006182072684168816,0.011013394221663475,0.0009113266132771969,-0.010102068074047565,0.0013225814327597618,-0.0011615287512540817,-0.0024841101840138435,0.0,0.0011343264486640692,0.0011343264486640692,-0.0017184698954224586,-0.0017184698954224586,0.00736465398222208,0.009921638295054436,-0.005497346632182598,-0.016982000321149826,-0.007049168925732374,0.007630976848304272,0.005752477329224348,0.011631601490080357,0.0015295338816940784,-0.021115463227033615,0.0004112548194825649,0.008940539322793484,-0.0038066916167736053,-0.0013225814327597618,-0.25344371795654297,0.9873788356781006,0.3126192092895508,1.3871726989746094,0.290116548538208,-0.596625566482544,-0.7565724849700928,-1.0759568214416504,-0.21957826614379883,-0.6676754951477051,0.5550587177276611,0.5550587177276611,0.45885908603668213,0.8162981271743774,-0.5947458744049072,-0.6686439514160156,-1.3201289176940918,1.3935792446136475,1.536609411239624,1.2408225536346436,0.5660629272460938,0.3997938632965088,-0.022502660751342773,-1.9837982654571533,-1.0466890335083008,-0.47933125495910645,0.536994218826294,0.4082813262939453,0.77463698387146,1.2227342128753662,-0.096199631690979,0.2612394094467163,-1.0536049604415894,-1.484942078590393,-0.7253830432891846,2.062223196029663,2.856738328933716,0.14303016662597656,-0.6747596263885498,-0.8410286903381348,-0.5885655879974365,-2.383592128753662,-1.024186372756958,1.5044670104980469,1.5836832523345947,0.8876125812530518,0.23764276504516602,0.8144528865814209,-0.870836615562439,-0.9614948034286499,-0.9574053287506104,-1.7461814880371094,0.3282219171524048,3.5471653938293457,3.5821213722229004,-1.9191930294036865,-2.7137081623077393,7.95357608795166,6.7127532958984375,6.037993907928467,6.280433177947998,7.37748908996582,6.7516069412231445,6.911554336547852,6.592169761657715,5.735791206359863,5.287693977355957,4.611510276794434,4.611510276794434,4.332574367523193,4.690013408660889,6.101057052612305,6.027159214019775,6.678644180297852,9.392352104187012,9.249321937561035,-1.2408227920532227,-1.9155821800231934,-0.43232011795043945,1.3394951820373535,0.4711737632751465,-0.46593475341796875,-0.1594371795654297,-1.1757631301879883,-1.3044757843017578,-1.1242809295654297,-0.6761837005615234,-0.27893590927124023,0.07850313186645508,1.7684826850891113,1.3371458053588867,0.5775871276855469,3.3651928901672363,2.5706777572631836,-0.14303016662597656,-0.6747593879699707,0.8085026741027832,3.255077362060547,0.9034938812255859,-1.8054299354553223,-0.6306109428405762,-0.7098283767700195,-1.1450386047363281,0.051482200622558594,0.6282920837402344,0.8453450202941895,0.7546868324279785,2.0474185943603516,1.2586426734924316,-1.1908955574035645,2.0280470848083496,1.9930906295776367,-3.508223056793213,-2.71370792388916,0.9668993949890137,1.0164185762405396,1.0488688945770264,1.165357232093811,1.0862250328063965,0.860628604888916,0.8857628107070923,0.8218201398849487,0.818718433380127,0.69918292760849,0.8261106610298157,0.873448371887207,0.8554001450538635,0.9190288782119751,0.867864727973938,0.8597200512886047,0.8779547214508057,1.4903998374938965,1.5429662466049194,0.04951918125152588,0.0819694995880127,0.14893865585327148,0.03735613822937012,-0.304728627204895,-0.2004622220993042,-0.038808465003967285,-0.06704437732696533,-0.12263721227645874,0.007392227649688721,0.17426544427871704,0.02928948402404785,0.045580506324768066,0.012464582920074463,-0.05930882692337036,0.010089993476867676,0.6306797862052917,0.6650115251541138,0.05256640911102295,0.032450318336486816,0.0994194746017456,-0.04461336135864258,-0.4536672830581665,-0.23781836032867432,0.26592016220092773,0.13341784477233887,-0.08382874727249146,0.07443660497665405,0.2969026565551758,0.02189725637435913,-0.12868493795394897,-0.01682490110397339,-0.10488933324813843,-0.002374589443206787,0.6899886131286621,0.6549215316772461,-0.5781133770942688,-0.6124451160430908,3.0038576126098633,3.832890510559082,2.7084248065948486,0.4325002133846283,0.9617473483085632,1.4989123344421387,1.355560064315796,0.4422568380832672,1.3114959001541138,0.5787292122840881,0.7706667184829712,1.0570653676986694,0.9182279706001282,1.0968992710113525,0.4213421046733856,0.05360229313373566,1.021632432937622,0.9180291891098022,3.856356382369995,0.8290328979492188,-0.29543280601501465,-3.400390386581421,-1.7466773986816406,1.066412091255188,0.39381271600723267,-1.0566555261611938,-0.04406416416168213,0.13647237420082092,-0.5408291816711426,0.4783361554145813,0.14756125211715698,0.039833903312683105,-0.49688586592674255,-1.0432969331741333,0.6002902984619141,0.8644269108772278,2.834723949432373,2.9383273124694824,-1.1244657039642334,-4.229423522949219,-1.451244592666626,4.466802597045898,2.1404900550842285,-2.123067617416382,-0.4378768801689148,1.1931278705596924,-0.49676501750946045,0.3418637812137604,0.6883904337882996,-0.4385022521018982,-0.6444470882415771,-1.0831308364868164,1.097176194190979,1.9077239036560059,2.234433650970459,2.0739004611968994,0.10360336303710938,103.7809829711914,84.98700714111328,34.67591857910156,48.356300354003906,64.06343078613281,67.49849700927734,60.15718078613281,52.372962951660156,53.1711311340332,49.18830108642578,39.473541259765625,31.587125778198242,25.400053024291992,33.24884796142578,41.810482025146484,38.940338134765625,35.804656982421875,70.77333068847656,61.610565185546875,-18.793975830078125,-69.10506439208984,-36.630706787109375,29.38751220703125,19.142196655273438,-3.90625,-15.125534057617188,-6.986049652099609,-3.184661865234375,-13.697589874267578,-17.60117530822754,-14.073488235473633,1.661722183227539,16.410429000854492,5.691490173339844,-6.005825042724609,31.832992553710938,25.805908203125,-9.162765502929688,-50.31108856201172,-17.83673095703125,98.4925765991211,55.77290344238281,-33.29376220703125,-34.267730712890625,-3.0797996520996094,11.940872192382812,-6.711540222167969,-14.416513442993164,-0.3758983612060547,19.262897491455078,30.483917236328125,4.029767990112305,-22.4162540435791,26.141502380371094,31.81173324584961,-40.995758056640625,-34.96867370605469,0.04283669590950012,0.021177666261792183,0.02420615404844284,0.0018498875433579087,0.004401822108775377,0.0025084910448640585,0.0019357348792254925,0.003281206823885441,0.003589131636545062,0.0019221581751480699,0.0026825692038983107,0.00047002441715449095,0.0006743116537109017,0.000552760437130928,0.0007486075046472251,-0.00015861607971601188,0.03901368007063866,0.007516168523579836,0.03730645403265953,-0.02165902964770794,-0.01863054186105728,-0.01932777836918831,-0.01980433240532875,0.0006586035015061498,-0.002466087229549885,0.0007727157790213823,0.0016533967573195696,-0.001359048648737371,-0.0009065624326467514,-0.001452133757993579,-0.002008257433772087,8.273601997643709e-05,7.42958509363234e-05,-0.0007113765459507704,0.03826507180929184,0.007674784399569035,-0.001707226037979126,0.029790285974740982,0.0030284877866506577,0.0023312512785196304,-0.0011737905442714691,0.019986381754279137,0.01733824610710144,0.00011411227751523256,0.004119483754038811,-0.0021317643113434315,-0.002559959189966321,-9.308510925620794e-05,-0.0011016950011253357,0.001534869777970016,0.0020825532265007496,-0.0007941125659272075,0.038190774619579315,0.008386161178350449,-0.039972297847270966,0.022115502506494522,0.03149751201272011,-1176082688.0,-950816512.0,-339560064.0,-485391744.0,-664908416.0,-720706432.0,-619712320.0,-544148096.0,-570910720.0,-515882432.0,-399219008.0,-319386560.0,-243963712.0,-324561728.0,-427364608.0,-387506496.0,-342116256.0,-746452608.0,-631984640.0,225266176.0,836522624.0,465424768.0,-325348352.0,-235314688.0,45196096.0,176558336.0,48801600.0,28265664.0,171691712.0,196495872.0,155255296.0,-5175168.0,-183400896.0,-62944768.0,85248352.0,-358946112.0,-289868384.0,114467968.0,611256448.0,240158592.0,-1161870976.0,-700739456.0,370544448.0,411873024.0,3605504.0,-148292672.0,122890112.0,168230208.0,-16436416.0,-201671040.0,-338656192.0,-57769600.0,268649248.0,-296001344.0,-375116736.0,473414080.0,404336352.0,444.6064453125,341.99212646484375,38.01042556762695,87.6363754272461,146.46119689941406,153.2119903564453,147.56080627441406,89.80399322509766,40.3910026550293,34.01251983642578,18.73647689819336,14.658150672912598,9.007655143737793,18.703176498413086,46.21695327758789,47.67268753051758,77.79600524902344,625.1778564453125,562.8411865234375,-102.61431884765625,-406.59600830078125,-254.35574340820312,108.45077514648438,65.57561492919922,1.099609375,-63.407997131347656,-107.1697998046875,-55.791473388671875,-21.654525756835938,-19.3543701171875,-9.728821754455566,4.045025825500488,37.20929718017578,28.969511032104492,31.579051971435547,577.5051879882812,485.045166015625,-62.336669921875,-303.981689453125,-151.74142456054688,515.0467529296875,319.9313659667969,-107.35116577148438,-128.98361206054688,-108.2694091796875,7.616523742675781,85.51527404785156,36.437103271484375,11.925704002380371,23.399394989013672,46.93811798095703,24.924484252929688,-5.630245208740234,548.5357055664062,453.46612548828125,-639.8418579101562,-547.3818359375,0.17398293316364288,0.12688757479190826,-0.16370607912540436,0.13147854804992676,0.12708152830600739,-0.015550913289189339,0.007886229082942009,0.1519971787929535,-0.05040906369686127,-0.08845116198062897,0.23264458775520325,-0.0247559305280447,-0.03568015247583389,0.12378756701946259,-0.06670442968606949,-0.001991827506572008,0.1282983422279358,0.02061259187757969,0.1278851330280304,-0.04709535837173462,-0.33768901228904724,0.004590973258018494,0.29078760743141174,-0.14702945947647095,-0.11919529736042023,0.16754809021949768,-0.058295294642448425,-0.24044834077358246,0.2830536365509033,0.06369522958993912,-0.26832473278045654,0.14854349195957184,-0.031024277210235596,-0.125779390335083,0.19500276446342468,0.02260441891849041,-0.0004132091999053955,0.10727254301309586,-0.2905936539173126,0.05168633162975311,0.628476619720459,-0.15162043273448944,-0.40998291969299316,0.31457754969596863,0.0609000027179718,-0.40799641609191895,0.34134894609451294,0.3041435778141022,-0.5513783693313599,0.08484826236963272,0.23730045557022095,-0.27432286739349365,0.22602704167366028,0.14838381111621857,-0.19541597366333008,0.0846681222319603,0.10768575221300125,1.954304814338684,1.7767717838287354,1.0982004404067993,1.3281649351119995,1.5379176139831543,1.5996649265289307,1.5103214979171753,1.3765829801559448,1.4165003299713135,1.354430913925171,1.1320797204971313,1.0934761762619019,0.9789276123046875,1.0952348709106445,1.2521982192993164,1.215223789215088,1.1374969482421875,1.6377962827682495,1.507796287536621,-0.17753303050994873,-0.8561043739318848,-0.44860684871673584,0.439717173576355,0.27149999141693115,-0.027596116065979004,-0.22308194637298584,-0.09382116794586182,-0.022152066230773926,-0.28442060947418213,-0.26095473766326904,-0.15315210819244385,0.0017586946487426758,0.2732706069946289,0.11998891830444336,-0.1147012710571289,0.4225724935531616,0.3702993392944336,-0.12999999523162842,-0.678571343421936,-0.2710738182067871,1.2958215475082397,0.720106840133667,-0.467313289642334,-0.494581937789917,-0.06622505187988281,0.20092988014221191,-0.1905994415283203,-0.23880267143249512,0.13126850128173828,0.2627134323120117,0.42642271518707275,0.11823022365570068,-0.3879718780517578,0.30258357524871826,0.4850006103515625,-0.55257248878479,-0.500299334526062,3.8193070888519287,3.1569178104400635,1.2060441970825195,1.7640219926834106,2.3651907444000244,2.5589280128479004,2.281071186065674,1.894980788230896,2.0064733028411865,1.834483027458191,1.2816044092178345,1.1956901550292969,0.9582992196083069,1.1995395421981812,1.568000316619873,1.4767687320709229,1.2938991785049438,2.6823766231536865,2.273449659347534,-0.6623892784118652,-2.613262891769409,-1.3928958177566528,1.1591465473175049,0.7949060201644897,-0.08411955833435059,-0.6639472246170044,-0.2745978832244873,-0.06049776077270508,-0.724868893623352,-0.638792872428894,-0.3233051896095276,0.0038493871688842773,0.6097010970115662,0.2772291898727417,-0.2741011381149292,1.2056078910827637,0.9795504808425903,-0.40892696380615234,-1.950873613357544,-0.7305065393447876,3.772409439086914,2.1878018379211426,-1.2432661056518555,-1.4588532447814941,-0.19047832489013672,0.6034494638442993,-0.45027101039886475,-0.578295111656189,0.40156370401382446,0.6426422595977783,0.9330062866210938,0.2733798027038574,-0.8838022351264954,0.928378701210022,1.2536516189575195,-1.614534854888916,-1.3884774446487427,0.08907868713140488,0.43440836668014526,0.38073328137397766,0.40956196188926697,-0.19360969960689545,-0.21013924479484558,-0.3965657949447632,-0.6724641919136047,-0.10672975331544876,-0.15798696875572205,-0.2971861660480499,0.46985185146331787,0.4895556569099426,0.1944083720445633,-0.1898689568042755,-0.373495489358902,-0.6607071757316589,0.44146928191185,0.577648401260376,0.3453296720981598,0.2916545867919922,-0.024846404790878296,-0.5743429660797119,-0.6197012066841125,-0.20295609533786774,-0.46232494711875916,0.289836049079895,0.5144772529602051,-0.19045642018318176,0.6278388500213623,0.7867418527603149,-0.27544349431991577,-0.6794246435165405,-0.5679038763046265,-0.4708382189273834,0.814964771270752,1.2383556365966797,0.136179119348526,-0.0536750853061676,-0.3701760768890381,-0.8659975528717041,-0.5948548316955566,0.37138688564300537,0.1573762595653534,0.49279212951660156,0.9768022298812866,-0.4802924692630768,0.11336159706115723,0.9771982431411743,-0.9032823443412781,-1.4661664962768555,-0.2924603819847107,0.2085864245891571,1.3828686475753784,1.7091938257217407,-0.6787856817245483,-1.102176547050476,2.296649694442749,2.5900635719299316,4.028287410736084,2.7221193313598633,2.8662149906158447,2.668799877166748,3.0509021282196045,3.2852985858917236,1.908398151397705,1.8578122854232788,2.221601963043213,2.5598719120025635,2.8935883045196533,2.4254844188690186,2.7645063400268555,3.301095724105835,5.025195121765137,4.4175872802734375,4.772892475128174,0.2934138774871826,1.731637716293335,0.13205575942993164,-1.1620724201202393,-0.053319454193115234,0.18468713760375977,0.6164987087249756,-1.1425039768218994,-1.4274863004684448,0.3132038116455078,0.7020596265792847,0.6719863414764404,-0.13438749313354492,-0.12908196449279785,0.8756113052368164,2.2606887817382812,1.1164915561676025,-0.2523026466369629,0.35530519485473633,1.4382238388061523,-0.16135811805725098,-2.893710136413574,-0.18537521362304688,1.346759557723999,0.6698181629180908,-1.3271911144256592,-2.043984889984131,1.4557077884674072,2.1295459270477295,0.3587825298309326,-0.8364471197128296,-0.8010683059692383,1.0099987983703613,2.389770746231079,0.24088025093078613,-2.512991428375244,-0.7611863613128662,0.6076078414916992,171.17166137695312,128.9781951904297,-165.5779266357422,132.54150390625,127.22933197021484,-14.987753868103027,9.244060516357422,151.4650115966797,-50.14433670043945,-88.21626281738281,232.7501678466797,-23.651203155517578,-35.37836837768555,124.26148986816406,-66.58301544189453,-1.5998921394348145,126.83366394042969,20.309383392333984,125.95697784423828,-42.19346618652344,-336.74957275390625,3.5633087158203125,292.8072509765625,-147.5292510986328,-117.98527526855469,166.4527587890625,-59.388397216796875,-239.6812744140625,282.8945007324219,64.5650634765625,-268.1285400390625,147.91268920898438,-31.204647064208984,-125.86138153076172,193.41668701171875,21.90927505493164,-0.8766860961914062,105.64759826660156,-294.55609130859375,45.75677490234375,629.5568237304688,-151.09255981445312,-410.79254150390625,313.98199462890625,58.59687805175781,-406.134033203125,342.28289794921875,304.246337890625,-551.0230712890625,83.34762573242188,236.92388916015625,-273.7740783691406,224.621337890625,147.77066040039062,-194.29336547851562,83.73832702636719,106.52428436279297,0.3380693197250366,0.030098136514425278,-0.18503916263580322,0.16992118954658508,0.26044875383377075,-0.0132902842015028,0.02696932479739189,0.4252608120441437,-0.009320602752268314,-0.1883639097213745,0.7632182240486145,-0.22286131978034973,-0.14241105318069458,0.13526651263237,-0.0607537105679512,0.09773958474397659,0.20765890181064606,-0.0033044361043721437,0.3375760316848755,-0.30797117948532104,-0.5231084823608398,0.1398230493068695,0.445487916469574,-0.18321147561073303,-0.23347942531108856,0.4385510981082916,-0.03628992661833763,-0.6136246919631958,0.7725388407707214,-0.03449741005897522,-0.9056292772293091,0.3581278324127197,0.08165734261274338,-0.0375269278883934,0.26841261982917786,-0.10104402154684067,0.12991712987422943,0.34088045358657837,-0.2151373028755188,0.44779422879219055,0.9685963988304138,-0.32303452491760254,-0.6789673566818237,0.6217625737190247,0.19718949496746063,-1.052175760269165,0.8088287711143494,0.579127311706543,-1.6781680583953857,0.39262524247169495,0.9872866272926331,-0.3956547677516937,0.18675526976585388,-0.06351709365844727,-0.13849548995494843,0.44192448258399963,0.21096332371234894
0.2625492215156555,-0.17943423986434937,-0.1519075185060501,0.3092932105064392,0.05911853909492493,-0.30341559648513794,-0.011187149211764336,0.36250799894332886,-0.0429796427488327,-0.3742348253726959,0.17334304749965668,0.4726026952266693,-0.493208110332489,-0.15456995368003845,0.6272533535957336,-0.12999965250492096,-0.1417674422264099,-0.0717661902308464,0.4135220944881439,-0.4419834613800049,-0.41445672512054443,0.4887274503707886,0.21102605760097504,-0.6127088069915771,-0.07030569016933441,0.6659235954284668,-0.03179249167442322,-0.7367428541183472,0.21632269024848938,0.8468375205993652,-0.6665511727333069,-0.6271726489067078,1.1204614639282227,0.024570301175117493,-0.7690207958221436,0.058233462274074554,0.5552895069122314,0.4852882921695709,0.02752673625946045,0.9307109117507935,0.6254827976226807,-1.1014362573623657,-0.28133174777030945,1.278632402420044,0.038513198494911194,-1.402666449546814,0.2481151819229126,1.5835803747177124,-0.8828738927841187,-1.4740102291107178,1.7870125770568848,0.6517429351806641,-1.8894822597503662,0.03366316109895706,1.324310302734375,0.42705482244491577,-0.07000121474266052,0.9502110481262207,0.8388579487800598,0.6942626237869263,0.8387965559959412,0.9572340250015259,0.7380127906799316,0.7026487588882446,0.8656619191169739,0.9371460676193237,0.7021891474723816,0.5591713190078735,0.8209631443023682,1.4423962831497192,1.5992594957351685,1.0336350202560425,0.7795854806900024,0.748151957988739,0.8151491284370422,1.0034291744232178,-0.11135309934616089,-0.25594842433929443,-6.139278411865234e-05,0.2629714012145996,-0.10078376531600952,-0.25458526611328125,0.12764912843704224,0.2344973087310791,-0.16347277164459229,-0.3779747486114502,0.11877399682998657,0.8832249641418457,0.7782963514328003,-0.40876126289367676,-0.819674015045166,-0.28548306226730347,0.035563647747039795,0.25527721643447876,0.18828004598617554,-0.14459532499313354,0.11129170656204224,0.518919825553894,-0.10072237253189087,-0.5175566673278809,0.22843289375305176,0.48908257484436035,-0.2911219000816345,-0.6124720573425293,0.28224676847457886,1.261199712753296,0.6595223546028137,-1.2919862270355225,-1.5979703664779663,0.12327820062637329,0.8552376627922058,0.5407602787017822,0.15271639823913574,-0.06699717044830322,2.6246330738067627,2.6246330738067627,3.018707513809204,3.018707513809204,2.692660331726074,1.6841689348220825,2.5731844902038574,2.5985801219940186,2.5985801219940186,1.421897530555725,2.8462612628936768,3.3158679008483887,3.3158679008483887,3.556485414505005,3.556485414505005,2.5210468769073486,1.748356819152832,1.95350182056427,2.572153329849243,0.0,0.3940744400024414,0.3940744400024414,-0.3260471820831299,-1.3345385789871216,-0.1194758415222168,0.914411187171936,0.025395631790161133,-1.1766825914382935,0.2476811408996582,1.8939703702926636,0.4696066379547119,0.2406175136566162,0.2406175136566162,-1.0354385375976562,-1.8081285953521729,-0.5675450563430786,0.8237965106964111,0.6186515092849731,0.3940744400024414,0.3940744400024414,-0.7201216220855713,-1.728613018989563,0.20657134056091309,2.2489497661590576,0.14487147331237793,-2.0910937786102295,0.22228550910949707,3.070652961730957,0.2219254970550537,-1.6533528566360474,-0.2289891242980957,-1.2760560512542725,-2.048746109008789,0.46789348125457764,2.631925106048584,1.1861965656280518,-0.205145001411438,2.6246330738067627,2.6246330738067627,3.018707513809204,3.018707513809204,3.3169875144958496,3.3169875144958496,2.5731844902038574,2.5985801219940186,3.223938226699829,3.223938226699829,2.8462612628936768,3.3158679008483887,4.657617568969727,4.657617568969727,3.556485414505005,2.5210468769073486,1.8778654336929321,2.266709566116333,2.572153329849243,0.0,0.3940744400024414,0.3940744400024414,0.2982800006866455,0.2982800006866455,-0.7438030242919922,-0.718407392501831,0.6507537364959717,0.6253581047058105,-0.37767696380615234,0.09192967414855957,1.8113563060760498,1.341749668121338,-1.1011321544647217,-2.136570692062378,-1.6786199808120728,-0.2543373107910156,0.694287896156311,0.30544376373291016,0.3940744400024414,0.3940744400024414,-0.0957944393157959,-0.0957944393157959,-1.0420830249786377,-1.0166873931884766,1.3945567607879639,1.3437654972076416,-1.028430700302124,-0.533428430557251,2.189033269882202,1.2498199939727783,-2.9124884605407715,-3.478320360183716,-0.5774878263473511,1.8822333812713623,2.372907876968384,0.5597810745239258,-0.3888441324234009,-1.8716182708740234,-2.61456036567688,-2.61456036567688,-2.1582858562469482,-3.3169875144958496,-3.3169875144958496,-2.0367238521575928,-2.0367238521575928,-3.223938226699829,-3.223938226699829,-1.2270621061325073,-2.024221181869507,-4.657617568969727,-4.657617568969727,-1.5019432306289673,-1.8020687103271484,-1.8778654336929321,-2.266709566116333,-2.266709566116333,-0.7429420948028564,-0.7429420948028564,0.45627450942993164,-0.7024271488189697,-1.1587016582489014,1.2802636623382568,1.2802636623382568,-1.1872143745422363,-1.1872143745422363,1.9968761205673218,1.1997170448303223,-3.4305553436279297,-2.6333963871002197,3.155674457550049,2.855548858642578,-0.37592220306396484,-0.46464085578918457,-0.3888441324234009,0.0,0.0,1.199216604232788,0.04051494598388672,-1.614976167678833,1.9826908111572266,2.438965320587158,-2.467478036880493,-2.467478036880493,3.1840906143188477,2.3869314193725586,-5.427431583404541,-3.833113431930542,6.5862298011779785,5.488945007324219,-3.5315966606140137,-3.3201897144317627,-0.012921929359436035,0.46464085578918457,0.3888441324234009,0.019154304638504982,0.009293114766478539,0.007617974188178778,3.7480611354112625e-05,3.7480611354112625e-05,0.0005555313546210527,0.0005555313546210527,0.01010104175657034,0.01010104175657034,0.0008165668696165085,0.0008165668696165085,0.0007742568850517273,0.0007742568850517273,0.006729869171977043,0.004365929402410984,0.004365929402410984,0.001473371870815754,0.001473371870815754,0.0,-0.009861189872026443,-0.011536329984664917,-0.009255634620785713,-0.007580493576824665,0.0005180507432669401,0.0005180507432669401,0.00954551063477993,0.00954551063477993,-0.00928447488695383,-0.00928447488695383,-4.230998456478119e-05,-4.230998456478119e-05,0.005955612286925316,0.0035916725173592567,-0.002363939769566059,-0.00289255753159523,-0.00289255753159523,-0.001473371870815754,-0.001473371870815754,-0.0016751401126384735,0.0006055552512407303,0.003955836407840252,0.009773685596883297,0.008098544552922249,0.009027459658682346,0.009027459658682346,-0.018829986453056335,-0.018829986453056335,0.00924216490238905,0.00924216490238905,0.005997922271490097,0.003633982501924038,-0.008319552056491375,-0.006484230048954487,-0.000528617762029171,0.0014191856607794762,0.0014191856607794762,0.0,0.7530148029327393,0.010072708129882812,0.4041471481323242,0.8604216575622559,-0.6243271827697754,-1.632818579673767,0.5364606380462646,0.5618562698364258,-0.6253581047058105,-1.802040696144104,1.6191991567611694,1.2916467189788818,-1.341749668121338,-1.1011321544647217,2.054542064666748,0.7189781665802002,-0.1295086145401001,-0.313207745552063,0.30544376373291016,-0.7429420948028564,-0.34886765480041504,0.850348949432373,-1.0284743309020996,-2.4932403564453125,1.16078782081604,2.1946749687194824,-1.1618187427520752,-2.3638968467712402,2.2445573806762695,3.0936875343322754,-2.960948944091797,-2.3927788734436035,3.396291732788086,1.8201103210449219,-2.1840505599975586,-1.0321859121322632,0.43495237827301025,0.6186515092849731,0.3940744400024414,1.5932910442352295,-0.6796066761016846,-3.3435893058776855,2.1892621517181396,4.687915325164795,-2.3226065635681152,-4.558571815490723,3.4063761234283447,5.457584381103516,-5.205506324768066,-5.486466407775879,6.357240676879883,4.212889194488525,-5.5803422927856445,-2.8522963523864746,2.6190028190612793,1.6508374214172363,0.1836991310119629,4.496251106262207,5.239193439483643,5.633267879486084,5.176993370056152,6.009647846221924,5.001156330108643,4.609908103942871,4.635303974151611,5.822518348693848,4.645835876464844,4.0733232498168945,5.340088844299316,7.973485469818115,8.214102745056152,5.058428764343262,4.323115348815918,3.6262221336364746,4.220211505889893,4.838862895965576,0.7429423332214355,1.137016773223877,-0.062200069427490234,0.37637996673583984,-0.17583703994750977,-1.3997397422790527,-0.36585235595703125,1.2126102447509766,0.010531902313232422,-1.7491950988769531,0.6942529678344727,3.9001622200012207,2.874013900756836,-2.9150567054748535,-3.8909873962402344,-1.432206630706787,-0.10290384292602539,1.2126407623291016,0.6186513900756836,0.3940744400024414,-0.8051424026489258,-0.7606368064880371,-0.11363697052001953,-1.7761197090148926,-0.19001531600952148,2.6123499870300293,0.37638425827026367,-2.9618053436279297,0.6837210655212402,5.649357318878174,2.1797609329223633,-6.815218925476074,-6.76500129699707,1.4828500747680664,3.788083553314209,2.6448473930358887,0.721555233001709,-0.593989372253418,0.8804153203964233,0.9173028469085693,1.1118698120117188,1.025328278541565,0.8647090196609497,0.6047427654266357,0.9742705821990967,0.8856359124183655,0.8508828282356262,0.5206596255302429,1.1520015001296997,1.1238659620285034,0.8785551190376282,0.9117140769958496,1.1082733869552612,0.9147862195968628,0.6497156023979187,0.7021976113319397,0.8397291302680969,0.036887526512145996,0.2314544916152954,0.1080254316329956,-0.24716079235076904,-0.4205855131149292,0.10956156253814697,0.28089314699172974,-0.12338775396347046,-0.36497628688812256,0.3011186718940735,0.6032063364982605,-0.27344638109207153,-0.2121518850326538,0.22971826791763306,0.0030721426010131836,-0.45855778455734253,-0.2125886082649231,0.19001352787017822,0.13753151893615723,0.19456696510314941,0.07113790512084961,-0.47861528396606445,-0.5286109447479248,0.356722354888916,0.7014786601066589,-0.23294931650161743,-0.6458694338798523,0.42450642585754395,0.9681826233863831,-0.574565052986145,-0.8153582215309143,0.5031646490097046,0.215224027633667,-0.6882760524749756,-0.21566075086593628,0.6485713124275208,0.3501201272010803,-0.052482008934020996,1.8716182708740234,2.2787129878997803,0.30705249309539795,0.2726700007915497,3.7480611354112625e-05,0.21556442975997925,0.6010997295379639,1.5434229373931885,2.04695987701416,0.02054991014301777,0.4970363974571228,0.9371750354766846,0.2733626663684845,1.534555196762085,1.103119134902954,0.1230325698852539,0.42423486709594727,0.9171181917190552,1.141905665397644,0.40709471702575684,-1.5645657777786255,-2.006042957305908,-0.30701500177383423,-0.057105571031570435,0.6010622382164001,1.3278584480285645,1.4458601474761963,-1.522873044013977,-1.5499234199523926,0.9166251420974731,-0.2236737310886383,0.5973801612854004,0.829756498336792,-1.411522626876831,-0.6788842678070068,0.7940856218338013,0.7176707983016968,0.22478747367858887,-1.9716604948043823,-2.413137674331665,1.2575507164001465,1.9489374160766602,0.9080772399902344,1.3849639892578125,0.8447979092597961,-2.850731372833252,-2.995783567428589,2.43949818611145,1.3262497186660767,-0.31924498081207275,1.053430199623108,-2.0089027881622314,-1.5086407661437988,2.205608367919922,1.3965550661087036,-0.5692981481552124,-0.4928833246231079,32.605751037597656,27.66900634765625,22.43047523498535,31.01719856262207,38.81650924682617,24.833053588867188,20.08794403076172,30.598047256469727,35.91166687011719,22.96295928955078,15.383561134338379,31.2824649810791,83.76891326904297,95.5915756225586,43.779075622558594,23.813064575195312,21.6469783782959,24.727943420410156,36.34132385253906,-4.936744689941406,-10.175275802612305,3.3481922149658203,16.38603401184082,-6.184144973754883,-18.728565216064453,5.764993667602539,15.823722839355469,-7.635087966918945,-20.528106689453125,8.31950569152832,68.3853530883789,64.30911254882812,-39.989837646484375,-71.77851104736328,-22.132097244262695,0.9148788452148438,14.694345474243164,11.613380432128906,-5.238531112670898,8.284936904907227,26.561309814453125,-9.532337188720703,-35.114601135253906,11.949138641357422,34.55228805541992,-13.400081634521484,-36.351829528808594,15.954593658447266,88.91345977783203,55.98960876464844,-108.37519073486328,-136.08761596679688,17.85774040222168,72.69338989257812,36.82644271850586,10.698501586914062,-3.080965042114258,0.011676490306854248,0.005377598572522402,0.0009446203475818038,0.00014755794836673886,-0.0004634489887394011,0.008873293176293373,0.003441017121076584,0.007530249189585447,0.0061101969331502914,0.003811873495578766,0.001091782352887094,0.011997501365840435,-0.0006549411918967962,0.007886338979005814,0.001398529508151114,0.0032891181763261557,0.0013829692034050822,0.004550890531390905,0.0003227945417165756,-0.006298891734331846,-0.01073187030851841,-0.0052300407551229,-0.0014080693945288658,0.008725735358893871,0.003904466051608324,-0.0013430439867079258,0.0026691798120737076,-0.0037183756940066814,-0.005018414463847876,0.00818562787026167,-0.0017467235447838902,-0.004111162386834621,0.002053470816463232,-0.004597220569849014,-1.556030474603176e-05,0.0012617723550647497,-0.0010601746616885066,-0.00422809598967433,-0.0044329785741865635,0.0010688509792089462,0.009323800913989544,0.013955775648355484,0.00531253544613719,-0.010068779811263084,-0.0012352862395346165,-0.0023753317072987556,-0.007687594275921583,0.011904003098607063,0.003271691035479307,-0.01229679025709629,0.0038001942448318005,-0.00048605818301439285,-0.002069031121209264,0.005858993157744408,-0.0010446143569424748,-0.005489868111908436,-0.0031679212115705013,-329978656.0,-264994032.0,-208795424.0,-303316992.0,-395427584.0,-236162224.0,-184587328.0,-297499328.0,-355119264.0,-216728544.0,-138768800.0,-302295104.0,-895886720.0,-1046716288.0,-447387456.0,-229527728.0,-202907504.0,-236992880.0,-361446688.0,64984624.0,121183232.0,-38322960.0,-186632160.0,67154768.0,210840256.0,-61337104.0,-170531936.0,80770784.0,216350464.0,-85566560.0,-757117952.0,-744421184.0,448499264.0,817188544.0,244479952.0,-7465152.0,-158539184.0,-124453808.0,56198608.0,-103307584.0,-307815392.0,105477728.0,397472416.0,-128491872.0,-381372192.0,142107888.0,386882400.0,-166337344.0,-973468416.0,-658854656.0,1205617152.0,1561609728.0,-204019312.0,-824653696.0,-403019136.0,-116988656.0,34085376.0,17.030532836914062,16.593950271606445,17.47745132446289,24.10846710205078,44.224788665771484,31.592756271362305,6.608252048492432,15.655187606811523,36.537147521972656,27.248018264770508,10.76000690460205,34.26400375366211,422.3529052734375,451.5940246582031,57.80344772338867,6.840234756469727,3.27118182182312,5.615450382232666,14.130751609802246,-0.4365825653076172,0.4469184875488281,7.514516830444336,26.747337341308594,7.484289169311523,-37.61653518676758,-15.937568664550781,29.928895950317383,11.592830657958984,-25.777141571044922,7.015985488891602,411.5928955078125,417.33001708984375,-364.5494689941406,-444.7537841796875,-54.532264709472656,-1.2247843742370605,10.859569549560547,8.515300750732422,0.8835010528564453,7.951099395751953,26.300418853759766,-0.0302276611328125,-64.36387634277344,-23.421857833862305,67.5454330444336,27.530399322509766,-55.70603942871094,-4.576845169067383,437.3700256347656,410.31402587890625,-776.142333984375,-862.0838012695312,310.0172119140625,443.52899169921875,65.39183044433594,9.74008560180664,-2.344268798828125,0.13291463255882263,-0.0913708359003067,-0.07606998085975647,0.15524029731750488,0.029361799359321594,-0.1514030396938324,-0.006911021191626787,0.1826624721288681,-0.022307459264993668,-0.18738716840744019,0.08713292330503464,0.2385208010673523,-0.24815019965171814,-0.07679398357868195,0.31453755497932434,-0.06478443741798401,-0.07149669528007507,-0.03537750989198685,0.20701715350151062,-0.22428546845912933,-0.2089846134185791,0.24661113321781158,0.10543178021907806,-0.3066433370113373,-0.036272820085287094,0.3340654969215393,-0.015396438539028168,-0.3700496554374695,0.1094403862953186,0.4259079694747925,-0.3352831304073334,-0.31531476974487305,0.5626877546310425,0.012009546160697937,-0.3860342502593994,0.029406927525997162,0.2785138487815857,0.24239465594291687,0.015300855040550232,0.4708966016769409,0.31441640853881836,-0.5532544851303101,-0.14170460402965546,0.6407088041305542,0.020876381546258926,-0.7041151523590088,0.12483682483434677,0.795957624912262,-0.444723516702652,-0.7412227392196655,0.8979709148406982,0.3273243308067322,-0.9487220048904419,0.017397381365299225,0.6645480990409851,0.2129877209663391,-0.03611919283866882,1.0804980993270874,1.0084952116012573,0.9096895456314087,1.0394458770751953,1.2118501663208008,0.9216986298561096,0.8727502226829529,1.014263391494751,1.1662193536758423,0.8547044396400452,0.7438420653343201,0.9811018109321594,1.7126375436782837,1.8977071046829224,1.1251894235610962,0.9413591623306274,0.8948768973350525,0.965725302696228,1.0985770225524902,-0.07200288772583008,-0.1708085536956787,0.03095066547393799,0.3021606206893921,-0.1177472472190857,-0.3390999436378479,0.09256476163864136,0.2934691309928894,-0.1595589518547058,-0.4223772883415222,0.12639737129211426,0.9687954783439636,0.9166052937507629,-0.5874481201171875,-0.9563479423522949,-0.2303125262260437,0.024366140365600586,0.20370012521743774,0.1328517198562622,-0.09880566596984863,0.10295355319976807,0.4729691743850708,-0.14869791269302368,-0.64126056432724,0.21031200885772705,0.6325690746307373,-0.25212371349334717,-0.7158464193344116,0.28595632314682007,1.3911727666854858,0.7902079224586487,-1.556243658065796,-1.872953176498413,0.3571355938911438,0.9807140827178955,0.43401265144348145,0.10848557949066162,-0.07084840536117554,1.1674761772155762,1.0170626640319824,0.8275350332260132,1.0804476737976074,1.4685808420181274,0.8495283722877502,0.761693000793457,1.0287301540374756,1.36006760597229,0.730519711971283,0.5533009767532349,0.9625607132911682,2.9331271648406982,3.601292133331299,1.2660512924194336,0.8861570954322815,0.8008046746253967,0.932625412940979,1.206871509552002,-0.15041351318359375,-0.339941143989563,0.063385009765625,0.6410458087921143,-0.23091930150985718,-0.7068878412246704,0.17920178174972534,0.598374605178833,-0.2982104420661926,-0.8067666292190552,0.23204100131988525,2.379826068878174,2.6387314796447754,-1.6670758724212646,-2.715135097503662,-0.46524661779403687,0.04646831750869751,0.4060668349266052,0.27424609661102295,-0.18952763080596924,0.21379852294921875,0.9809869527816772,-0.2943043112754822,-1.3479336500167847,0.4101210832595825,1.3052624464035034,-0.47741222381591797,-1.4051412343978882,0.5302514433860779,3.1865925788879395,2.4066905975341797,-4.046901702880859,-5.3538665771484375,1.201829195022583,2.761603355407715,0.8713134527206421,0.22777777910232544,-0.13182073831558228,0.3390546143054962,0.5590881705284119,0.23226523399353027,0.26673823595046997,-0.34447962045669556,-0.7169949412345886,0.1546715497970581,-0.020615560933947563,-0.13460908830165863,-0.8015952110290527,0.9892677068710327,0.3079327940940857,-0.31452834606170654,-0.39647728204727173,0.270094633102417,0.4406152665615082,0.06287939846515656,-0.09594640880823135,-0.3861478269100189,0.22003355622291565,-0.10678938031196594,-0.2923499345779419,-0.5767448544502258,-0.9837331771850586,0.49915117025375366,0.6963793635368347,-0.28928065299987793,-0.7809796333312988,1.1238768100738525,1.1095280647277832,-1.3037960529327393,-0.7044100761413574,0.5846229791641235,0.8370925188064575,-0.20721523463726044,-0.5365616679191589,-0.44902724027633667,-0.29020142555236816,-0.3268229365348816,-0.5123834609985352,-0.4699554741382599,-0.6913832426071167,1.0758960247039795,1.680112600326538,-0.7884318232536316,-1.4773590564727783,1.4131574630737305,1.890507698059082,-2.427672863006592,-1.8139381408691406,1.8884190320968628,1.541502594947815,-0.7918382287025452,-1.3736541271209717,-0.24181200563907623,0.24636024236679077,0.1588258147239685,2.070251226425171,3.4858336448669434,4.494207382202148,2.956331253051758,3.119354009628296,4.062128067016602,3.0395145416259766,2.6835193634033203,3.0499701499938965,4.288270950317383,4.850090503692627,3.5530595779418945,2.5750110149383545,2.37823224067688,2.4460906982421875,2.714970588684082,2.1779544353485107,2.197700262069702,2.3653621673583984,1.4155824184417725,2.4239561557769775,-0.5295023918151855,-1.3748533725738525,1.1057968139648438,-0.07983946800231934,-1.3786087036132812,0.010455608367919922,1.6047515869140625,1.8001203536987305,-0.7352113723754883,-2.2750794887542725,-1.1748273372650146,-0.128920316696167,0.33673834800720215,-0.26813626289367676,-0.5172703266143799,0.1874077320098877,0.1676619052886963,1.008373737335205,-1.945084810256958,-3.79880952835083,1.6352992057800293,1.2950139045715332,-2.484405517578125,0.09029507637023926,2.9833602905273438,1.7896647453308105,-2.339962959289551,-4.075200080871582,-0.43961596488952637,2.1461591720581055,1.5115656852722168,-0.13921594619750977,-0.854008674621582,0.45554399490356445,0.6849322319030762,-0.019745826721191406,131.79971313476562,-90.07598876953125,-76.25757598876953,155.26519775390625,29.677507400512695,-152.31463623046875,-5.615948677062988,181.97901916503906,-21.575780868530273,-187.86587524414062,87.0182113647461,237.24655151367188,-247.59046936035156,-77.5941162109375,314.8811950683594,-65.25982666015625,-71.1672592163086,-36.02662658691406,207.5880889892578,-221.87570190429688,-208.05728149414062,245.3411865234375,105.9350814819336,-307.579833984375,-35.29345703125,334.29364013671875,-15.959832191467285,-369.84490966796875,108.593994140625,425.1124267578125,-334.6086730957031,-314.8406677246094,562.4716796875,12.33428955078125,-386.0484619140625,29.233200073242188,278.7553405761719,243.61471557617188,13.81842041015625,467.2168884277344,313.99237060546875,-552.9210205078125,-141.22854614257812,641.8734741210938,19.33362579345703,-704.1385498046875,124.55382537841797,794.9573364257812,-443.2026672363281,-739.953125,897.080322265625,327.1749572753906,-948.5201416015625,16.898910522460938,664.8038330078125,214.3815155029297,-35.140625,0.25621286034584045,-0.39360034465789795,-0.15898644924163818,0.25641727447509766,0.1510116010904312,-0.24163076281547546,0.09926008433103561,0.38093918561935425,-0.08609427511692047,-0.28437668085098267,0.11269005388021469,0.39936214685440063,-0.3761094808578491,0.30290889739990234,0.5924866199493408,-0.18064996600151062,-0.07962657511234283,-0.01408713310956955,0.5717841982841492,-0.649813175201416,-0.41519930958747864,0.6500176191329956,0.3099980354309082,-0.4980480372905731,-0.0517515167593956,0.6225699186325073,-0.1853543519973755,-0.6653158664703369,0.19878432154655457,0.6837388277053833,-0.4887995421886444,-0.09645324945449829,0.9685961008071899,-0.48355886340141296,-0.6721131801605225,0.16656282544136047,0.6514107584953308,0.5858713388442993,0.23461386561393738,1.2998307943344116,0.7251973152160645,-1.1480656862258911,-0.3617495596408844,1.1206179857254028,-0.1336028277873993,-1.2878857851028442,0.38413867354393005,1.3490546941757202,-0.687583863735199,-0.7801920771598816,1.4573956727981567,-0.3871056139469147,-1.6407092809677124,0.6501216888427734,1.323523998260498,0.41930851340293884,-0.0655394196510315
0.21026907861232758,0.09584209322929382,0.028521308675408363,-0.03498746454715729,0.07593513280153275,0.15292668342590332,0.023801634088158607,0.028837356716394424,0.07437828183174133,0.04147036373615265,0.07928508520126343,0.11449586600065231,-0.06723573058843613,0.12405364215373993,0.06790023297071457,-0.17749089002609253,0.2905329465866089,0.19778026640415192,-0.13441216945648193,-0.11442698538303375,-0.18174776434898376,-0.1308295577764511,0.04741382598876953,0.1879141479730606,-0.05213350057601929,-0.1240893304347992,0.050576649606227875,0.012633007019758224,0.004906803369522095,0.07302550226449966,-0.14652082324028015,0.009557776153087616,0.1351359635591507,-0.30154454708099365,0.22263270616531372,0.37527114152908325,-0.4249451160430908,-0.33219242095947266,-0.06732077896595001,-0.01640257239341736,0.2291615903377533,0.3187437057495117,-0.09954732656478882,-0.312003493309021,0.10271015018224716,0.13672234117984772,-0.04566984623670578,0.06039249524474144,-0.15142762660980225,-0.06346772611141205,0.28165680170059204,-0.31110233068466187,0.08749674260616302,0.6768156886100769,-0.6475778222084045,-0.7074635624885559,0.09275269508361816,0.689363956451416,0.6690974235534668,0.646401047706604,0.693322479724884,0.7785600423812866,0.7897837162017822,0.72537761926651,0.6166207790374756,0.5569190382957458,0.6189305782318115,0.7728013396263123,0.7044244408607483,0.6607885956764221,0.7883235812187195,0.7302146553993225,0.6435686945915222,0.7693285346031189,0.8013128042221069,0.7742244601249695,-0.02026653289794922,-0.04296290874481201,0.024225056171417236,0.13215899467468262,0.0964612364768982,-0.05318242311477661,-0.17316293716430664,-0.16845858097076416,0.0023097991943359375,0.2158823013305664,0.08549386262893677,-0.11201274394989014,0.08389914035797119,0.06942605972290039,-0.14475488662719727,0.03911387920379639,0.15774410963058472,0.004895925521850586,-0.02708834409713745,-0.022696375846862793,0.044491589069366455,0.17512190341949463,0.07223618030548096,-0.18534141778945923,-0.26962417364120483,-0.11527615785598755,0.17547273635864258,0.38434088230133057,0.08318406343460083,-0.32789504528045654,-0.0015947222709655762,0.18143880367279053,-0.22865402698516846,-0.030312180519104004,0.302498996257782,-0.0342179536819458,-0.18483245372772217,-0.03198426961898804,2.075913906097412,1.5280265808105469,1.6923002004623413,2.312700033187866,2.312700033187866,1.7961210012435913,1.5953974723815918,1.5953974723815918,1.5915032625198364,1.5915032625198364,2.266124963760376,2.266124963760376,2.1882333755493164,2.6411197185516357,2.6411197185516357,1.8018856048583984,2.070533037185669,2.070533037185669,1.8128554821014404,-0.5478873252868652,-0.3836137056350708,0.7846734523773193,0.6203998327255249,-0.5165790319442749,-0.7173025608062744,-0.2007235288619995,-0.003894209861755371,-0.003894209861755371,0.6746217012405396,0.6746217012405396,-0.07789158821105957,0.37499475479125977,0.45288634300231934,-0.8392341136932373,-0.5705866813659668,0.2686474323272705,-0.2576775550842285,-0.2576775550842285,0.16427361965179443,1.3325607776641846,1.0040135383605957,-1.3012524843215942,-1.3377023935317993,0.3158555030822754,0.713408350944519,0.19682931900024414,0.6785159111022949,0.6785159111022949,-0.7525132894515991,-0.2996269464492798,0.5307779312133789,-1.214228868484497,-1.0234730243682861,1.1078815460205078,0.3129091262817383,-0.526324987411499,0.0,2.075913906097412,2.390399694442749,2.390399694442749,2.312700033187866,2.312700033187866,2.2216813564300537,2.2216813564300537,1.966998815536499,1.7658535242080688,2.097245693206787,2.266124963760376,2.266124963760376,2.1882333755493164,2.6411197185516357,2.6411197185516357,1.8923734426498413,2.070533037185669,2.070533037185669,2.671457529067993,0.3144857883453369,0.3144857883453369,-0.07769966125488281,-0.07769966125488281,-0.0910186767578125,-0.0910186767578125,-0.2546825408935547,-0.45582783222198486,0.13024687767028809,0.5002714395523071,0.16887927055358887,-0.07789158821105957,0.37499475479125977,0.45288634300231934,-0.7487462759017944,-0.5705866813659668,0.17815959453582764,0.6009244918823242,0.6009244918823242,0.0,-0.3921854496002197,-0.3921854496002197,-0.013319015502929688,-0.013319015502929688,-0.1636638641357422,-0.36480915546417236,0.3849294185638428,0.956099271774292,0.03863239288330078,-0.5781630277633667,0.2061154842376709,0.5307779312133789,-1.1237410306930542,-1.0234730243682861,0.9269058704376221,1.171511173248291,0.4227648973464966,0.0,-1.8101824522018433,-2.390399694442749,-2.390399694442749,-1.8232293128967285,-1.8232293128967285,-2.2216813564300537,-2.2216813564300537,-1.966998815536499,-1.7658535242080688,-2.097245693206787,-2.097245693206787,-1.9284703731536865,-1.9499787092208862,-1.9499787092208862,-1.8923734426498413,-1.8923734426498413,-1.7972928285598755,-2.0252952575683594,-2.671457529067993,-0.5802172422409058,-0.5802172422409058,0.5671703815460205,0.5671703815460205,-0.3984520435333252,-0.3984520435333252,0.2546825408935547,0.45582783222198486,-0.13024687767028809,-0.33139216899871826,0.16877532005310059,0.14726698398590088,-0.021508336067199707,0.05760526657104492,0.05760526657104492,0.09508061408996582,-0.13292181491851807,-0.8741647005081177,-0.6461622714996338,0.0,1.1473876237869263,1.1473876237869263,-0.9656224250793457,-0.9656224250793457,0.6531345844268799,0.8542798757553101,-0.3849294185638428,-0.7872200012207031,0.29902219772338867,0.47865915298461914,-0.1902836561203003,-0.08966171741485596,0.07911360263824463,0.0374753475189209,-0.190527081489563,-0.9692453145980835,-0.5132404565811157,0.2280024290084839,0.000873851589858532,0.000873851589858532,0.002692796289920807,0.002692796289920807,0.0036421213299036026,0.0036421213299036026,0.003036155831068754,0.0009875143878161907,0.0007598977535963058,0.0007598977535963058,0.003983595408499241,0.0034494251012802124,0.001689615659415722,0.001689615659415722,0.0009806584566831589,0.0009806584566831589,0.003134052501991391,0.006286037154495716,0.0,0.0,0.001818944700062275,0.001818944700062275,0.0009493250399827957,0.0009493250399827957,-0.0006059654988348484,-0.002654606942087412,-0.0022762580774724483,-0.00022761663421988487,0.003223697654902935,0.0026895273476839066,-0.002293979749083519,-0.0017598094418644905,-0.000708957202732563,-0.000708957202732563,0.0021533940453082323,0.005305378697812557,-0.003134052501991391,-0.006286037154495716,0.001818944700062275,0.001818944700062275,-0.0008696196600794792,-0.0008696196600794792,-0.0015552905388176441,-0.0036039319820702076,-0.0016702925786376,0.002426990307867527,0.005499955732375383,0.0029171439819037914,-0.005517677403986454,-0.004449336789548397,0.001585022546350956,0.0010508522391319275,0.0028623512480407953,0.00601433590054512,-0.0052874465472996235,-0.011591415852308273,-0.003151984652504325,0.26573145389556885,-0.8623731136322021,-0.6980994939804077,0.4894707202911377,0.4894707202911377,-0.4255603551864624,-0.6262838840484619,-0.3716013431549072,-0.17435026168823242,-0.5057424306869507,0.16887927055358887,0.33765459060668945,0.23825466632843018,0.6911410093307495,0.7487462759017944,-0.09048783779144287,0.27324020862579346,0.04523777961730957,-0.8586020469665527,-1.128104567527771,-0.9638309478759766,1.3518438339233398,1.1875702142715454,-0.9150310754776001,-1.1157546043395996,0.053959012031555176,0.4519336223602295,-0.13414108753204346,0.3432295322418213,0.8433970212936401,0.06937539577484131,0.35348641872406006,0.5104916095733643,-0.7816288471221924,-0.475506067276001,0.13572561740875244,-1.1318422555923462,-0.9038398265838623,0.16427361965179443,2.4799485206604004,2.1514010429382324,-2.2668747901916504,-2.3033246994018555,0.9689900875091553,1.567688226699829,-0.18810009956359863,-0.1087040901184082,0.9775381088256836,-0.27385413646698,-0.4899106025695801,0.44111621379852295,-1.1351152658462524,-0.9859976768493652,0.9173544645309448,-0.6563361883163452,-1.0395654439926147,0.2280024290084839,3.886096477508545,3.918426275253296,4.082699775695801,4.135929107666016,4.135929107666016,4.0178022384643555,3.8170788288116455,3.562396287918091,3.3573567867279053,3.688748836517334,4.363370895385742,4.1945953369140625,4.138212203979492,4.591098308563232,4.5334930419921875,3.6942591667175293,3.867825984954834,4.095828056335449,4.484313011169434,0.03232979774475098,0.19660329818725586,0.21750283241271973,0.053229331970214844,-0.11812686920166016,-0.3188502788543701,-0.45540595054626465,-0.45972204208374023,0.12635254859924316,1.006014108657837,0.5058465003967285,-0.22515869140625,0.3965029716491699,0.3952808380126953,-0.8968391418457031,-0.6656670570373535,0.4015688896179199,0.6164870262145996,0.3884849548339844,0.16427350044250488,0.18517303466796875,-0.14337396621704102,-0.3356297016143799,-0.37207961082458496,-0.3372790813446045,-0.14087176322937012,0.5817584991455078,1.4657361507415771,0.37949395179748535,-1.231172800064087,-0.1093435287475586,0.6204395294189453,-1.293342113494873,-1.0609478950500488,1.298408031463623,1.2821540832519531,-0.013083934783935547,-0.22800207138061523,0.8030886650085449,0.5979334115982056,0.6700229048728943,0.8929874300956726,0.8511509299278259,0.6553144454956055,0.5969159007072449,0.638863742351532,0.6780354380607605,0.6467762589454651,0.82278972864151,0.8532565832138062,0.8568349480628967,0.936726987361908,0.9605529308319092,0.7101706266403198,0.7555230259895325,0.7457194924354553,0.6518595218658447,-0.20515525341033936,-0.13306576013565063,0.29505401849746704,0.18112802505493164,-0.23767298460006714,-0.25423502922058105,-0.016450703144073486,0.08111953735351562,0.007912516593933105,0.1447542905807495,0.20648032426834106,0.03404521942138672,0.0834704041481018,0.10371798276901245,-0.22655636072158813,-0.2050299048423767,0.0355488657951355,-0.10366350412368774,-0.0938599705696106,0.07208949327468872,0.5002092719078064,0.3141937851905823,-0.5327270030975342,-0.4353630542755127,0.22122228145599365,0.3353545665740967,0.024363219738006592,0.06363475322723389,0.19856780767440796,-0.11070907115936279,-0.12300992012023926,0.06967276334762573,-0.31002676486968994,-0.30874788761138916,0.26210522651672363,0.10136640071868896,-0.1294088363647461,0.009803533554077148,0.7849805951118469,0.48665234446525574,0.24201428890228271,0.21358534693717957,0.5520999431610107,0.5588982105255127,1.4229481220245361,1.966998815536499,1.4394621849060059,0.8487810492515564,1.1867774724960327,1.2354832887649536,0.39804285764694214,1.8406108617782593,1.5526443719863892,0.002647126093506813,1.8018856048583984,0.5774520635604858,1.0945656299591064,-0.2983282506465912,-0.5429663062095642,-0.27306699752807617,0.310085654258728,0.34531286358833313,0.8708481788635254,1.4081006050109863,0.016514062881469727,-1.1182177066802979,-0.25268471240997314,0.3867022395133972,-0.7887346148490906,0.6051275730133057,1.1546015739440918,-1.8379637002944946,0.24924123287200928,0.574804961681366,-0.707319974899292,0.5171135663986206,-0.24463805556297302,0.025261253118515015,0.8530519604682922,0.6183798313140869,0.5607625246047974,1.0627877712249756,-0.8543341159820557,-2.526318311691284,-0.26919877529144287,1.5049200057983398,-0.5360499024391174,0.21842533349990845,1.9433362483978271,-2.44309139251709,-0.9053603410720825,2.412768602371216,-0.9565612077713013,-0.05769139528274536,1.2244335412979126,18.431196212768555,17.606882095336914,16.80046272277832,18.572311401367188,22.501998901367188,23.29772186279297,21.06653594970703,16.055089950561523,12.531147003173828,15.135054588317871,23.75472640991211,20.53936004638672,17.561277389526367,26.08977699279785,23.5959415435791,17.1091365814209,23.28670310974121,24.535606384277344,24.694873809814453,-0.8243141174316406,-1.6307334899902344,0.9654293060302734,5.701536178588867,4.725410461425781,-1.4354629516601562,-7.242631912231445,-8.535388946533203,-0.9200353622436523,11.223579406738281,5.404305458068848,-6.193449020385742,5.550416946411133,6.034664154052734,-8.980640411376953,-0.3092384338378906,7.426469802856445,1.4081707000732422,0.15926742553710938,-0.8064193725585938,1.789743423461914,7.332269668579102,3.759981155395508,-7.136999130249023,-11.968042373657227,-7.099925994873047,6.322596549987793,19.758968353271484,6.3243408203125,-17.417028427124023,0.14611148834228516,12.228113174438477,-14.531057357788086,-6.343902587890625,16.4071102142334,1.7174091339111328,-7.267202377319336,-1.2489032745361328,0.0026338729076087475,-0.0009741118992678821,0.0012989251408725977,0.001377237611450255,0.0024307977873831987,0.01320941187441349,0.002229454694315791,0.011749333702027798,0.0019064099760726094,0.005541499238461256,-5.276014417177066e-05,0.01555963046848774,0.0019960803911089897,0.010322852060198784,0.004567625001072884,0.0031110236886888742,0.007160102482885122,0.0038135317154228687,0.004567010793834925,-0.0036079848650842905,-0.0013349477667361498,0.002351349452510476,0.001131872646510601,0.01183217391371727,-0.0002013430930674076,-0.0014600781723856926,-0.0003230447182431817,-0.006207834463566542,-0.001959170214831829,0.010018130764365196,0.0020488405134528875,-0.005236778408288956,0.002571544609963894,-0.007211828604340553,0.0025924774818122387,0.0007025080267339945,-0.0025930916890501976,0.000753479078412056,0.0022730370983481407,0.005959334317594767,0.002466820413246751,0.009480824694037437,-0.0013332157395780087,-0.013292252086102962,-0.0001217016251757741,-0.004747756291180849,-0.0016361254965886474,0.016225965693593025,0.00400801096111536,-0.015254909172654152,0.0005227040965110064,-0.0019750501960515976,2.0932871848344803e-05,0.007914336398243904,-0.005185569170862436,5.0971051678061485e-05,0.0033465707674622536,-178797936.0,-170336624.0,-159438480.0,-171467488.0,-214002400.0,-222295456.0,-201990992.0,-143442368.0,-111582656.0,-140299824.0,-231336576.0,-196499584.0,-166027440.0,-246239568.0,-222761648.0,-162320048.0,-223192960.0,-232774800.0,-237156656.0,8461312.0,19359456.0,-1130864.0,-54563920.0,-50827968.0,12011408.0,78853088.0,90408336.0,3142544.0,-119753920.0,-56199760.0,65309136.0,-49739984.0,-56734208.0,83919520.0,-431312.0,-70454752.0,-13963696.0,-4381856.0,10898144.0,-9592176.0,-73923376.0,-49697104.0,66575328.0,129681056.0,78396928.0,-75710544.0,-210162256.0,-59342304.0,185063056.0,6459776.0,-122043344.0,133659504.0,56302896.0,-154374272.0,-13532384.0,66072896.0,9581840.0,2.9955575466156006,3.4283599853515625,3.640151023864746,3.630094051361084,4.366885185241699,4.596190452575684,4.343968868255615,2.10955548286438,1.115697979927063,1.9233691692352295,6.148061275482178,5.183197975158691,3.2561442852020264,10.815926551818848,9.487067222595215,2.3568661212921143,5.005923271179199,5.56452751159668,9.3026762008667,0.4328024387359619,0.6445934772491455,0.20173406600952148,0.7267341613769531,0.9660964012145996,-0.022916316986083984,-2.4866349697113037,-3.228271007537842,-0.1861863136291504,5.032363414764404,3.259828805923462,-2.8919169902801514,5.632728576660156,6.230922698974609,-8.459060668945312,-4.481143951416016,3.2076613903045654,4.2967529296875,3.7381486892700195,0.2117910385131836,-0.23106837272644043,0.08214068412780762,0.7643623352050781,-0.7496504783630371,-3.4527313709259033,-3.205354690551758,2.3004486560821533,8.260634422302246,3.4460151195526123,-7.924280166625977,2.3728997707366943,9.12283992767334,-14.091789245605469,-10.712066650390625,11.666722297668457,8.777896881103516,0.5304872989654541,-0.5586042404174805,0.10590437054634094,0.04767140373587608,0.01446765847504139,-0.01739388331770897,0.03775389492511749,0.07802437245845795,0.010548966936767101,0.014930550940334797,0.03598921746015549,0.021032586693763733,0.038936201483011246,0.05899564549326897,-0.03481202572584152,0.06317082047462463,0.03241065517067909,-0.08867822587490082,0.14547111093997955,0.09988418221473694,-0.06692764163017273,-0.05823296681046486,-0.0914367139339447,-0.06506528705358505,0.023286236450076103,0.09541825950145721,-0.027204927057027817,-0.06309381872415543,0.02544024959206581,0.006102035753428936,0.0029469840228557587,0.037963058799505234,-0.07374823093414307,0.004175174981355667,0.06722268462181091,-0.15184904634952545,0.11306045949459076,0.18856240808963776,-0.21239875257015228,-0.16681182384490967,-0.03320374712347984,-0.0068323202431201935,0.11472295224666595,0.16048353910446167,-0.05049116164445877,-0.15851208567619324,0.05264517664909363,0.06919585168361664,-0.022493265569210052,0.03186102211475372,-0.07669521868228912,-0.03378788381814957,0.14097091555595398,-0.15602421760559082,0.045837774872779846,0.3404114544391632,-0.32545921206474304,-0.35537421703338623,0.045586928725242615,0.809126615524292,0.8114937543869019,0.797701895236969,0.8385179042816162,0.9206472039222717,0.9274226427078247,0.8935115337371826,0.7797709107398987,0.6853389739990234,0.7564795017242432,0.9458217620849609,0.8751014471054077,0.8133060336112976,0.9869204759597778,0.9435231685638428,0.7856739163398743,0.8936164379119873,0.9440855979919434,0.9583473801612854,0.0023671388626098633,-0.011424720287322998,0.027024149894714355,0.12294530868530273,0.0889047384262085,-0.02713567018508911,-0.14765173196792603,-0.20817255973815918,-0.023291409015655518,0.2604827880859375,0.11862194538116455,-0.13251572847366333,0.11181902885437012,0.13021713495254517,-0.20124655961990356,-0.04990673065185547,0.1584116816520691,0.0647309422492981,0.014261782169342041,-0.013791859149932861,0.024657011032104492,0.13437002897262573,0.06188058853149414,-0.15008097887039185,-0.23655647039413452,-0.18103688955307007,0.12436032295227051,0.4686553478240967,0.14191335439682007,-0.39299851655960083,-0.006802916526794434,0.2627328634262085,-0.3130655884742737,-0.18012386560440063,0.35965824127197266,0.11463767290115356,-0.14414989948272705,-0.050469160079956055,0.654685914516449,0.6585221290588379,0.6363283395767212,0.7031123042106628,0.8475912809371948,0.860112726688385,0.7983628511428833,0.6080426573753357,0.4696895480155945,0.5722612738609314,0.894578754901886,0.7658025026321411,0.6614667177200317,0.974012017250061,0.8902360200881958,0.6172834634780884,0.7985503077507019,0.8912976384162903,0.9184297323226929,0.003836214542388916,-0.018357574939727783,0.04459017515182495,0.21126294136047363,0.15700042247772217,-0.04922842979431152,-0.2520700693130493,-0.3286733031272888,-0.0357813835144043,0.4248892068862915,0.19354122877120972,-0.23311203718185425,0.20820951461791992,0.22876930236816406,-0.35672855377197266,-0.0916857123374939,0.2740141749382019,0.11987942457199097,0.027132093906402588,-0.0221937894821167,0.040753960609436035,0.22962051630020142,0.11241024732589722,-0.26049137115478516,-0.4090704917907715,-0.2794448733329773,0.21628868579864502,0.7535625100135803,0.229322612285614,-0.6580012440681458,0.014668285846710205,0.4618813395500183,-0.5649380683898926,-0.32045501470565796,0.6307427287101746,0.21156513690948486,-0.24688208103179932,-0.09274733066558838,-0.07809753715991974,-0.508878767490387,-0.4184666574001312,0.20282553136348724,0.056439485400915146,-0.4140750765800476,-0.4578379690647125,-0.25079840421676636,-0.030917193740606308,-0.22606413066387177,-0.08651977777481079,-0.11071354895830154,-0.036579880863428116,0.280007541179657,0.3671083152294159,0.18172317743301392,0.060876116156578064,-0.04810715466737747,-0.2625541687011719,-0.4307812452316284,-0.3403691053390503,0.7117043137550354,0.47490614652633667,-0.616900622844696,-0.514277458190918,0.16327667236328125,0.4269207715988159,0.024734273552894592,-0.05560258403420448,0.11535058170557022,0.049939896911382675,0.39072108268737793,0.4036881923675537,-0.09828436374664307,-0.306232213973999,-0.2298303246498108,-0.32343029975891113,-0.214447021484375,0.09041213989257812,1.1424856185913086,0.815275251865387,-1.3286049365997314,-0.9891836047172546,0.7801772952079773,0.9411982297897339,-0.13854239881038666,-0.4825233519077301,0.09061630815267563,0.10554248094558716,0.2753705084323883,0.35374829173088074,-0.489005446434021,-0.7099204063415527,-0.13154596090316772,-0.01719808578491211,0.015383303165435791,0.10898327827453613,2.4883246421813965,2.87186598777771,2.9886653423309326,2.6660895347595215,2.212703227996826,2.447145462036133,2.5398318767547607,2.707021474838257,2.7194063663482666,2.6532881259918213,2.4926719665527344,2.832146167755127,2.697955846786499,2.6627392768859863,2.931574821472168,2.6658427715301514,2.1629886627197266,2.275728702545166,2.603578805923462,0.3835413455963135,0.5003407001495361,-0.20577645301818848,-0.7759621143341064,-0.21894407272338867,0.32712864875793457,0.259876012802124,0.17957448959350586,-0.05373334884643555,-0.22673439979553223,0.17885804176330566,0.20528388023376465,-0.16940689086914062,0.23361897468566895,0.003103494644165039,-0.7685861587524414,-0.39011406898498535,0.44059014320373535,0.3278501033782959,0.11679935455322266,-0.589317798614502,-1.2763028144836426,-0.013167619705200195,1.103090763092041,0.4788200855255127,-0.1475541591644287,-0.31360936164855957,-0.4063088893890381,0.2325913906097412,0.4320182800292969,-0.3482649326324463,0.028335094451904297,0.17251038551330566,-1.0022051334381104,-0.3932175636291504,1.2091763019561768,0.7179641723632812,-0.11274003982543945,105.5550765991211,48.11273193359375,14.317696571350098,-17.56370735168457,38.11943817138672,76.76919555664062,11.948420524597168,14.47635269165039,37.33789825439453,20.81812286376953,39.80111312866211,57.476924896240234,-33.75233840942383,62.27492904663086,34.08591842651367,-89.10042572021484,145.8475341796875,99.28569030761719,-67.47490692138672,-57.442344665527344,-91.23738098144531,-65.67643737792969,23.801742553710938,94.33290100097656,-26.171016693115234,-62.292842864990234,25.389476776123047,6.341770172119141,2.463214874267578,36.6588020324707,-73.55345153808594,4.798004150390625,67.8382568359375,-151.37535095214844,111.76161193847656,188.3861083984375,-213.32244873046875,-166.76058959960938,-33.79503631591797,-8.234092712402344,115.03912353515625,160.00933837890625,-49.97275924682617,-156.62574768066406,51.56049346923828,68.63461303710938,-22.92626190185547,30.317031860351562,-76.01666259765625,-31.860797882080078,141.39170837402344,-156.17335510253906,43.92335510253906,339.761474609375,-325.08404541015625,-355.1466979980469,46.561859130859375,0.24747206270694733,0.1974804401397705,0.0999053418636322,-0.16914287209510803,0.09214262664318085,0.25885868072509766,0.10325063765048981,0.07935057580471039,0.10784469544887543,0.05346669256687164,0.0993710309267044,0.16676422953605652,0.01662803813815117,0.09515586495399475,0.04617223143577576,-0.16676822304725647,0.22266227006912231,0.19562232494354248,-0.08926364779472351,-0.04999162256717682,-0.14756672084331512,-0.36662331223487854,-0.007762715220451355,0.4280015528202057,0.01110801100730896,-0.17950810492038727,0.00459405779838562,-0.025883883237838745,-0.00847366452217102,0.11329753696918488,-0.08274298906326294,-0.07160836458206177,0.029544193297624588,-0.2619240880012512,0.17649003863334656,0.36239054799079895,-0.3119259178638458,-0.284885972738266,-0.0975750982761383,-0.3166316747665405,0.13980400562286377,0.7946248650550842,0.018870726227760315,-0.6075096726417542,-0.00651395320892334,0.15362422168254852,-0.01306772232055664,0.13918142020702362,-0.07426932454109192,-0.18490590155124664,0.11228717863559723,-0.19031572341918945,0.14694584906101227,0.6243146657943726,-0.4884159564971924,-0.6472765207290649,0.027039945125579834
0.034943923354148865,0.16285403072834015,-0.038086920976638794,-0.1109173521399498,-0.16201627254486084,-0.11568958312273026,0.0794137492775917,-0.010004616342484951,0.08268044143915176,-0.13816915452480316,-0.02184254303574562,-0.023811139166355133,-0.20739206671714783,-0.004132837988436222,-0.002133717993274331,0.0928976833820343,-0.10478804260492325,0.10181794315576553,0.07588974386453629,0.12791010737419128,-0.07303084433078766,-0.27377137541770935,-0.12392935156822205,-0.0047722309827804565,0.24143001437187195,0.10568496584892273,0.0032666921615600586,-0.12816454470157623,-0.10452298820018768,0.11435801535844803,-0.1855495274066925,0.019678302109241486,0.2052583545446396,0.09703052043914795,-0.10265432298183441,0.008920259773731232,0.18067778646945953,-0.025928199291229248,-0.20094095170497894,-0.40168148279190063,-0.05089850723743439,0.2689991593360901,0.365359365940094,0.11045719683170319,-0.2381633222103119,-0.23384951055049896,-0.10778968036174774,0.24252256751060486,-0.08102653920650482,-0.09467971324920654,0.3908078670501709,0.07735221832990646,-0.307912677526474,-0.08811026066541672,0.28333210945129395,-0.03484845906496048,-0.20660598576068878,0.6721040606498718,0.8216695785522461,1.0982552766799927,0.8288034200668335,0.6178981065750122,0.8311597108840942,0.9000789523124695,0.6995313167572021,0.5269023180007935,0.9798296093940735,1.0758588314056396,0.7766431570053101,0.8606635928153992,0.8738170862197876,0.9076539278030396,0.8258347511291504,0.617286741733551,0.6242985129356384,0.5805966854095459,0.14956551790237427,0.42615121603012085,0.007133841514587402,-0.48035717010498047,0.002356290817260742,0.2821808457374573,-0.1316283941268921,-0.373176634311676,0.28029829263687134,0.5489565134048462,-0.20318645238876343,-0.21519523859024048,0.09717392921447754,0.04699033498764038,-0.04798233509063721,-0.2903671860694885,-0.20153623819351196,-0.03669005632400513,-0.04370182752609253,0.2765856981277466,-0.14243167638778687,-0.9065083861351013,-0.00477755069732666,0.7625380158424377,-0.13398468494415283,-0.6553574800491333,0.4119266867637634,0.9221331477165222,-0.48348474502563477,-0.7641517519950867,0.30036038160324097,0.26218557357788086,-0.14515626430511475,-0.3373575210571289,-0.15355390310287476,0.2536771297454834,0.15783441066741943,-0.007011771202087402,1.7788231372833252,2.6512258052825928,2.6512258052825928,1.556846022605896,1.2934370040893555,2.051213026046753,2.051213026046753,1.958738088607788,1.6799781322479248,2.094829797744751,2.212757110595703,2.212757110595703,2.122711420059204,2.1398940086364746,2.1398940086364746,1.947524905204773,1.8129202127456665,1.767522931098938,1.767522931098938,0.8724026679992676,0.8724026679992676,-1.0943797826766968,-1.3577888011932373,0.49436700344085693,0.7577760219573975,-0.09247493743896484,-0.3712348937988281,0.1360917091369629,0.5327789783477783,0.11792731285095215,-0.09004569053649902,-0.07286310195922852,0.017182588577270508,-0.19236910343170166,-0.3269737958908081,-0.18000197410583496,-0.045397281646728516,0.0,0.0,-1.9667824506759644,-2.230191469192505,1.5887467861175537,2.1155648231506348,-0.5868419408798218,-1.1290109157562256,0.22856664657592773,0.9040138721466064,-0.018164396286010742,-0.6228246688842773,-0.19079041481018066,0.10722827911376953,-0.11950600147247314,-0.3441563844680786,0.0123671293258667,0.2815765142440796,0.18000197410583496,0.045397281646728516,1.7788231372833252,2.6512258052825928,3.3147802352905273,3.3147802352905273,2.5257623195648193,2.5257623195648193,2.383490562438965,1.958738088607788,1.6799781322479248,2.552867889404297,2.552867889404297,2.212757110595703,2.486915111541748,2.486915111541748,2.881913185119629,2.881913185119629,1.8129202127456665,1.767522931098938,1.767522931098938,0.8724026679992676,1.5359570980072021,0.6635544300079346,-0.789017915725708,-0.789017915725708,-0.1422717571258545,-0.5670242309570312,-0.70351243019104,0.5941298007965088,0.8728897571563721,-0.34011077880859375,-0.06595277786254883,0.2741580009460449,0.39499807357788086,0.39499807357788086,-1.0689929723739624,-1.114390254020691,-0.045397281646728516,0.0,0.6635544300079346,-0.208848237991333,-2.32497501373291,-1.4525723457336426,0.6467461585998535,0.22199368476867676,-0.5612406730651855,1.16115403175354,1.576402187347412,-0.9342405796051025,-0.9388425350189209,0.6142687797546387,0.4609508514404297,0.12084007263183594,-1.4639910459518433,-1.5093883275985718,1.0235956907272339,1.114390254020691,0.045397281646728516,-1.7776042222976685,-1.7776042222976685,-3.3147802352905273,-3.3147802352905273,-2.5257623195648193,-2.5257623195648193,-2.383490562438965,-1.7751177549362183,-1.4096734523773193,-2.552867889404297,-2.552867889404297,-2.010946035385132,-2.486915111541748,-2.486915111541748,-2.881913185119629,-2.881913185119629,-1.647253394126892,-1.647253394126892,-1.5845413208007812,0.0,-1.5371760129928589,-1.5371760129928589,0.789017915725708,0.789017915725708,0.1422717571258545,0.7506445646286011,0.9738171100616455,-0.7777501344680786,-1.1431944370269775,0.541921854019165,0.06595277786254883,-0.4759690761566162,-0.39499807357788086,-0.39499807357788086,1.2346597909927368,1.2346597909927368,0.06271207332611084,0.06271207332611084,-1.5371760129928589,-1.5371760129928589,2.3261938095092773,2.3261938095092773,-0.6467461585998535,-0.038373351097106934,0.831545352935791,-1.5283946990966797,-2.117011547088623,1.3196719884872437,1.2091472148895264,-1.0178909301757812,-0.4609508514404297,0.08097100257873535,1.6296578645706177,1.6296578645706177,-1.171947717666626,-1.171947717666626,0.0,0.0008451648754999042,0.0008451648754999042,0.0035264864563941956,0.0036388933658599854,0.0036388933658599854,0.005851272493600845,0.005851272493600845,0.004078370053321123,0.0036117439158260822,0.0036117439158260822,0.014357992447912693,0.0007266848115250468,0.0007266848115250468,0.002103957813233137,0.0016727305483072996,0.00018236617324873805,0.00018236617324873805,0.0007615033537149429,0.0,0.0,0.0026813214644789696,0.0027937283739447594,0.0001124069094657898,0.00221237912774086,0.00221237912774086,-0.0017729024402797222,-0.002239528577774763,-0.0004666261374950409,0.010746248066425323,-0.0028850589878857136,-0.013631307519972324,0.0013772730017080903,0.0009460457367822528,-0.0019215915817767382,-0.0014903643168509007,0.0005791371804662049,-0.00018236617324873805,-0.0007615033537149429,0.0026813214644789696,0.0027937283739447594,-0.0025689145550131798,-0.0005813492462038994,0.00209997221827507,-0.003985281568020582,-0.004451907705515623,0.0013062763027846813,0.012985777109861374,-0.0024184328503906727,-0.024377554655075073,0.004262331873178482,0.014577353373169899,-0.0032988646999001503,-0.0024364101700484753,0.002500728704035282,0.0013079980853945017,-0.001340640475973487,-0.0005791371804662049,0.0012189149856567383,0.8736215829849243,-0.6635544300079346,-1.7579342126846313,-1.2323253154754639,-0.4745492935180664,-0.3322775363922119,0.18362033367156982,0.27030467987060547,-0.4580380916595459,-0.34011077880859375,0.2018110752105713,-0.36420369148254395,-0.34702110290527344,-0.7420191764831543,-0.934388279914856,0.16566681861877441,0.1202695369720459,0.18298161029815674,0.8724026679992676,-0.6647733449935913,-2.6315557956695557,-0.5687708854675293,1.283384919166565,0.900047779083252,0.6581696271896362,0.6025822162628174,-0.6416584253311157,-0.6104154586791992,0.6598491668701172,-0.024092912673950195,-0.5488321781158447,-0.37781548500061035,-0.5873671770095825,0.9076859951019287,1.0546578168869019,0.017314791679382324,0.06271207332611084,-1.5371760129928589,-3.5039584636688232,0.09600245952606201,3.91494083404541,1.4688186645507812,-0.6252152919769287,-0.29746556282043457,-1.299828052520752,-1.2129976749420166,1.301507592201233,0.586322546005249,-1.208681344985962,-0.35372257232666016,-0.03853499889373779,1.285501480102539,1.6420249938964844,-0.8903712034225464,-0.991945743560791,0.045397281646728516,3.556427478790283,4.428830146789551,5.966006278991699,4.871626377105713,3.819199323654175,4.576975345611572,4.434703826904297,3.733855724334717,3.089651584625244,4.647697448730469,4.765625,4.223703384399414,4.609626770019531,4.626809120178223,5.0218071937561035,4.829438209533691,3.4601736068725586,3.41477632522583,3.3520641326904297,0.8724026679992676,2.409578800201416,0.4427962303161621,-2.1468069553375244,-0.2946510314941406,0.6155045032501221,-0.8431196212768555,-1.3450522422790527,0.913841724395752,1.6759734153747559,-0.4239940643310547,-0.15599822998046875,0.4031057357788086,0.41218042373657227,0.20262908935546875,-1.561633586883545,-1.4146618843078613,-0.1081094741821289,-0.06271219253540039,1.5371761322021484,-0.42960643768310547,-4.5563859939575195,-0.7374472618103027,2.7623114585876465,-0.5484685897827148,-1.9605567455291748,1.7569613456726074,3.0210256576538086,-1.3378357887268066,-1.8319716453552246,0.8270998001098633,0.568178653717041,-0.20047664642333984,-1.9738140106201172,-1.61729097366333,1.453524112701416,1.351949691772461,0.045397281646728516,0.7013545036315918,0.9320427775382996,0.8173368573188782,0.5243408679962158,0.5205795764923096,0.7159131169319153,0.6956968903541565,0.7467734813690186,0.7370352745056152,0.6769112348556519,0.6938348412513733,0.8056648373603821,0.7264400124549866,0.7210037708282471,0.7108140587806702,0.6787114143371582,0.7367653250694275,0.7182223796844482,0.7360824346542358,0.23068827390670776,0.11598235368728638,-0.40770190954208374,-0.2967572808265686,0.19157224893569946,0.17511731386184692,0.03086036443710327,0.04133838415145874,-0.0698622465133667,-0.04320043325424194,0.12875360250473022,0.03260517120361328,-0.08466106653213501,-0.015625953674316406,-0.04229235649108887,0.025951266288757324,0.03951096534729004,-0.0006828904151916504,0.017860054969787598,-0.11470592021942139,-0.6383901834487915,-0.412739634513855,0.5992741584777832,0.4718745946884155,-0.1607118844985962,-0.13377892971038818,-0.10072261095046997,-0.08453881740570068,0.19861584901809692,0.07580560445785522,-0.21341466903686523,-0.04823112487792969,0.04236871004104614,0.04157721996307373,0.0818033218383789,-0.026634156703948975,-0.02165091037750244,0.018542945384979248,0.7346915602684021,1.4419441223144531,0.6112781763076782,1.7278872728347778,0.5046775341033936,0.39018484950065613,1.0305235385894775,0.3641224205493927,1.0144175291061401,0.3288300633430481,1.697137713432312,1.5243386030197144,1.5226986408233643,0.5112956762313843,0.624052882194519,1.947524905204773,1.1543523073196411,0.32231268286705017,0.027587629854679108,0.707252562046051,-0.12341338396072388,0.2859431505203247,-0.10660064220428467,-1.3377023935317993,0.525846004486084,-0.026062428951263428,-0.016106009483337402,-0.035292357206344604,0.6827201843261719,1.1955084800720215,-0.17443907260894775,-1.01304292678833,-0.8986457586288452,1.4362292289733887,0.5302994251251221,-1.6252121925354004,-1.1267646551132202,-0.29472506046295166,-0.8306659460067749,-0.4213094115257263,0.01681274175643921,-1.623645544052124,0.6324466466903687,1.3116400241851807,-0.5419520139694214,-0.009229928255081177,0.6988261938095093,1.2308008670806885,-0.8571592569351196,-2.2085514068603516,-0.7242066860198975,2.4492721557617188,1.4289451837539673,-3.061441421508789,-1.6570640802383423,1.3304871320724487,0.8320395946502686,17.082477569580078,27.027982711791992,45.703834533691406,32.0847053527832,15.732684135437012,27.820938110351562,31.198444366455078,19.53980255126953,11.14375114440918,37.86502456665039,42.705196380615234,23.49024200439453,30.097814559936523,32.03236389160156,33.90900802612305,27.987342834472656,15.134500503540039,15.142396926879883,13.725384712219238,9.945505142211914,28.621356964111328,5.056722640991211,-29.971149444580078,-4.263767242431641,15.465760231018066,-8.281135559082031,-20.0546932220459,18.32522201538086,31.561445236206055,-14.37478256225586,-12.607381820678711,8.542121887207031,3.8111934661865234,-4.045021057128906,-18.774507522583008,-12.844945907592773,-1.4091157913208008,-1.4170122146606445,18.675851821899414,-4.888782501220703,-58.592506408691406,-9.320489883422852,45.43690872192383,-4.017368316650391,-35.52045440673828,26.60635757446289,51.61613845825195,-32.70000457763672,-44.168827056884766,22.91690444946289,16.418575286865234,-12.587142944335938,-22.58570098876953,-8.799924850463867,17.36539077758789,11.427933692932129,-0.00789642333984375,0.0020590180065482855,0.014369506388902664,-0.0009606052190065384,0.008971490897238255,-0.0003824667364824563,-0.0009498901781626046,0.004970027133822441,-0.0009133232524618506,0.006346232257783413,0.001053680432960391,0.009786244481801987,0.0011045215651392937,0.010196157731115818,0.003721168264746666,0.00793488509953022,0.004412437789142132,0.00494889821857214,0.006786605343222618,5.6471526477253065e-05,0.012310488149523735,-0.003019623225554824,-0.00539801549166441,0.0005781385116279125,-0.009921381250023842,0.005352493841201067,3.656692570075393e-05,0.0013762051239609718,0.00196700356900692,0.0034400122240185738,5.0841132178902626e-05,0.00040991324931383133,0.0026166466996073723,-0.002261272631585598,0.0006912695243954659,-0.0029859868809580803,0.0023741675540804863,-0.004892426542937756,-0.006730133667588234,-0.015330111607909203,-0.01770850270986557,0.0035977617371827364,-0.004523365758359432,0.0047743553295731544,0.00995794776827097,-0.003976288717240095,0.001930436585098505,0.002063807100057602,-0.0019161624368280172,-0.0030300989747047424,0.0025658055674284697,-0.0026711858808994293,-0.0019253771752119064,-0.0007247142493724823,0.0016828980296850204,-0.0019064396619796753,-0.00910430122166872,-0.0018377071246504784,-161863968.0,-271491520.0,-491971936.0,-326780096.0,-145599360.0,-274249856.0,-309538368.0,-187397584.0,-97847008.0,-387516416.0,-439008960.0,-223505232.0,-290431680.0,-317167296.0,-343060192.0,-271809728.0,-138012240.0,-144678352.0,-126326728.0,-109627552.0,-330107968.0,-55288576.0,346372576.0,52530240.0,-163939008.0,86852272.0,211691360.0,-200118832.0,-341161952.0,164011184.0,148577280.0,-93662064.0,-52628512.0,45357568.0,205047952.0,127131376.0,11685512.0,18351624.0,-220480416.0,54338976.0,676480512.0,107818816.0,-510311584.0,34322032.0,375630368.0,-286971104.0,-552853312.0,364130016.0,489739232.0,-257673248.0,-201205792.0,139019632.0,257676464.0,81773808.0,-193362432.0,-108779752.0,6666112.0,2.0531234741210938,10.270724296569824,50.02241897583008,41.479949951171875,4.602519989013672,11.31727409362793,9.849024772644043,3.2062160968780518,0.6417840123176575,20.445100784301758,22.987911224365234,5.562755584716797,11.984173774719238,14.74299430847168,23.118961334228516,18.749679565429688,1.5197914838790894,1.2694907188415527,1.1509146690368652,8.21760082244873,47.969295501708984,31.209224700927734,-45.419898986816406,-30.162675857543945,5.246504783630371,-8.111058235168457,-9.20724105834961,17.23888397216797,22.346126556396484,-14.882345199584961,-11.003737449645996,9.180238723754883,11.134787559509277,4.006685256958008,-21.599170684814453,-17.480188369750977,-0.3688768148422241,-0.1185760498046875,39.75169372558594,22.991622924804688,-93.38919067382812,-61.37190246582031,50.666404724121094,22.051616668701172,-14.45374584197998,25.34994125366211,31.553367614746094,-32.12123107910156,-33.3498649597168,24.062583923339844,22.138525009155273,-5.173553466796875,-32.73395919799805,-21.486873626708984,21.23029327392578,17.36161231994629,0.2503007650375366,0.017611302435398102,0.08321646600961685,-0.019711941480636597,-0.054966364055871964,-0.08211198449134827,-0.05846868082880974,0.03992414474487305,-0.00537846190854907,0.0411728136241436,-0.0702752023935318,-0.011066035367548466,-0.013001376762986183,-0.10298161208629608,-0.0033497391268610954,-0.00011188862845301628,0.04580453038215637,-0.05202767625451088,0.05192248523235321,0.03811032697558403,0.06560516357421875,-0.0373232439160347,-0.1381828337907791,-0.06240004301071167,-0.0035023167729377747,0.12203612923622131,0.05309021845459938,0.0012486688792705536,-0.06489674001932144,-0.05223884806036949,0.057273827493190765,-0.09191557765007019,0.009651637636125088,0.10286972671747208,0.04915427044034004,-0.051915787160396576,0.006117954850196838,0.09013800323009491,-0.01381215825676918,-0.10292840749025345,-0.20378799736499786,-0.02507679909467697,0.13468050956726074,0.18443617224693298,0.056592535227537155,-0.12078745663166046,-0.11798696219921112,-0.053487516939640045,0.12217056751251221,-0.0396767295897007,-0.0476221889257431,0.19478529691696167,0.03950263187289238,-0.15478551387786865,-0.043036315590143204,0.1420537829399109,-0.01993011310696602,-0.10395015776157379,0.8041235208511353,0.9992192387580872,1.3159886598587036,1.097477674484253,0.7552130818367004,1.0206243991851807,1.084829330444336,0.8607727885246277,0.6448004245758057,1.1903241872787476,1.2724307775497437,0.9435465335845947,1.0480154752731323,1.1021722555160522,1.1340041160583496,1.0260356664657593,0.7503070831298828,0.7509161829948425,0.7174628973007202,0.1950957179069519,0.5118651390075684,0.09825843572616577,-0.5607755780220032,-0.07685327529907227,0.3296162486076355,-0.15985161066055298,-0.4400289058685303,0.3295513987541199,0.627630352973938,-0.24677765369415283,-0.22441530227661133,0.15862572193145752,0.08598864078521729,-0.07613658905029297,-0.3836970329284668,-0.27511948347091675,-0.0328441858291626,-0.033453285694122314,0.31676942110061646,-0.09683728218078613,-1.0726406574249268,-0.17511171102523804,0.8903918266296387,-0.08299833536148071,-0.7696451544761658,0.48940300941467285,1.0676592588424683,-0.5763290524482727,-0.8520456552505493,0.40540337562561035,0.3104039430618286,-0.2347623109817505,-0.4696856737136841,-0.19898289442062378,0.3508528470993042,0.24166619777679443,-0.0006090998649597168,0.6466146111488342,0.9984391331672668,1.7318261861801147,1.20445716381073,0.5703468322753906,1.0416741371154785,1.1768547296524048,0.7409297823905945,0.4157676100730896,1.4168715476989746,1.6190801858901978,0.89028000831604,1.0983364582061768,1.2147836685180664,1.2859653234481812,1.0527491569519043,0.5629607439041138,0.5638750791549683,0.5147530436515808,0.3518245220184326,1.0852115154266357,0.20601803064346313,-1.1614793539047241,-0.16278302669525146,0.6065078973770142,-0.30074435472488403,-0.7610871195793152,0.6759417653083801,1.203312635421753,-0.5265915393829346,-0.520743727684021,0.32450366020202637,0.1876288652420044,-0.1620345115661621,-0.7230045795440674,-0.48887407779693604,-0.04820770025253296,-0.04912203550338745,0.7333869934082031,-0.14580649137496948,-2.2466907501220703,-0.3688010573387146,1.7679872512817383,-0.13796132802963257,-1.3675949573516846,0.9766861200332642,1.964399814605713,-1.20253324508667,-1.724056363105774,0.8510951995849609,0.7083725929260254,-0.4865381717681885,-0.9106334447860718,-0.3268395662307739,0.6747968792915344,0.4397520422935486,-0.0009143352508544922,-0.33500415086746216,0.05472840368747711,-0.4384424388408661,-1.0384693145751953,-0.4210158586502075,0.04663943871855736,-0.08377429097890854,0.03627144917845726,0.11451996117830276,-0.2875526547431946,-0.32043948769569397,-0.020598145201802254,0.02438209392130375,-0.30965572595596313,-0.78178870677948,-0.946605920791626,0.287656307220459,-0.226598858833313,-0.18666182458400726,0.3897325396537781,-0.10343828797340393,-1.0931977033615112,0.01742658019065857,1.085108757019043,0.3372415602207184,-0.010367989540100098,0.1982942521572113,-0.32382410764694214,-0.43495944142341614,0.2669545114040375,0.344821572303772,-0.28905758261680603,-0.8061708211898804,-0.6369501948356628,1.069445013999939,0.720007061958313,-0.47431814670562744,0.039937034249305725,-0.493170827627182,-1.4829301834106445,0.1208648681640625,2.1783065795898438,0.3198149800300598,-1.095476746559143,-0.13894730806350708,-0.31345611810684204,-0.6332536935806274,0.5907785892486572,0.7797809839248657,-0.5560120940208435,-1.1509923934936523,-0.3478926122188568,1.8756158351898193,1.356957197189331,-1.5437631607055664,-0.6800700426101685,0.514255166053772,2.3966708183288574,2.497274160385132,2.506296396255493,3.520109176635742,3.115398645401001,2.651869297027588,2.1795568466186523,2.4535014629364014,2.4394872188568115,2.1802237033843994,2.0611798763275146,2.4180800914764404,2.4722042083740234,2.5659830570220947,2.785956621170044,3.5155189037323,2.5711586475372314,2.3296866416931152,2.527883291244507,0.10060334205627441,0.10962557792663574,1.0228350162506104,0.6091022491455078,-0.8682398796081543,-0.9358417987823486,-0.19836783409118652,0.2599303722381592,-0.27327775955200195,-0.3783073425292969,0.23785638809204102,0.4110243320465088,0.1479029655456543,0.3137524127960205,0.9495358467102051,-0.2147979736328125,-1.1858322620391846,-0.04327535629272461,0.1981966495513916,0.009022235870361328,0.9222316741943359,0.49947667121887207,-1.8910748958587646,-1.5449440479278564,0.6698720455169678,1.1957721710205078,-0.07490992546081543,-0.638237714767456,0.511134147644043,0.7893316745758057,-0.08995342254638672,-0.09727191925048828,0.8016328811645508,-0.528550386428833,-2.1353681087493896,0.1715226173400879,1.3840289115905762,0.2414720058441162,17.54184913635254,81.75272369384766,-19.1196346282959,-55.680511474609375,-81.33216857910156,-58.076171875,39.86570358276367,-5.022317409515381,41.50558090209961,-69.36091613769531,-10.964956283569336,-11.953191757202148,-104.1108169555664,-2.0746846199035645,-1.0711264610290527,46.63463592529297,-52.60359573364258,51.112606048583984,38.09665298461914,64.21087646484375,-36.66148376464844,-137.4332275390625,-62.21253204345703,-2.395660400390625,121.1978759765625,53.053855895996094,1.6398773193359375,-64.3386001586914,-52.47053527832031,57.40772247314453,-93.14585876464844,9.878507614135742,103.03968811035156,48.709320068359375,-51.532470703125,4.477970123291016,90.70024871826172,-13.015953063964844,-100.87236022949219,-201.64410400390625,-25.551048278808594,135.03756713867188,183.410400390625,55.44951629638672,-119.55799865722656,-117.3924560546875,-54.11041259765625,121.74632263183594,-40.675323486328125,-47.529212951660156,196.185546875,38.830810546875,-154.57215881347656,-44.23134994506836,142.23272705078125,-17.49392318725586,-103.71620178222656,0.1155112236738205,0.17214900255203247,0.3127286732196808,0.15838487446308136,-0.1731467992067337,-0.14167559146881104,0.1236845999956131,-0.016224082559347153,0.023144448176026344,-0.03708948940038681,0.2116377055644989,-0.02514362707734108,-0.1979425847530365,0.06156361475586891,0.3103199005126953,0.3560306429862976,-0.10065662860870361,0.14063513278961182,0.0774017870426178,0.056637778878211975,0.1972174495458603,-0.01376412808895111,-0.4858754873275757,-0.3000604510307312,0.2968313992023468,0.12545150518417358,-0.1005401536822319,-0.020865406841039658,0.1884932518005371,0.01194586232304573,-0.4095802903175354,0.08670724183320999,0.5082625150680542,0.294467031955719,-0.4109765291213989,-0.2153955101966858,0.1780584156513214,-0.06323334574699402,0.14057967066764832,-0.07040190696716309,-0.6830929517745972,-0.2862963080406189,0.7827068567276001,0.4255119562149048,-0.3973715603351593,-0.14631691575050354,0.2890334129333496,0.03281126916408539,-0.5980735421180725,0.07476137578487396,0.9178428053855896,0.2077597975730896,-0.9192390441894531,-0.5098625421524048,0.589034914970398,0.15216216444969177,-0.24129176139831543
-0.18785947561264038,0.013521439395844936,0.02484261803328991,-0.20160816609859467,-0.11225339770317078,0.017399568110704422,0.017206436023116112,-0.12116239964962006,-0.11501042544841766,0.02712186984717846,-0.23514845967292786,-0.017112059518694878,0.09179184585809708,-0.10535438358783722,-0.14318513870239258,-0.10036967694759369,0.15348011255264282,-0.31776827573776245,-0.23197458684444427,0.2013809084892273,0.21270209550857544,-0.21512959897518158,-0.13709601759910583,0.2190077304840088,0.12945982813835144,-0.13856196403503418,-0.13221685588359833,0.14828427135944366,-0.12013803422451019,-0.04423392936587334,0.32694029808044434,-0.08824232220649719,-0.23497697710990906,0.00498470664024353,0.2966652512550354,-0.21739859879016876,-0.3854547142982483,0.08579368889331818,0.011321187019348145,-0.41651052236557007,-0.3497981131076813,0.43413734436035156,0.2665558457374573,-0.35756969451904297,-0.2616766691207886,0.28684622049331665,0.012078821659088135,-0.1925182044506073,0.4470783472061157,-0.044008392840623856,-0.5619173049926758,0.09322702884674072,0.5316421985626221,-0.2223833054304123,-0.6821199655532837,0.30319228768348694,0.4712483882904053,0.68037348985672,0.6180857419967651,0.7091912627220154,0.9085805416107178,0.8613863587379456,0.700211226940155,0.557722270488739,0.7311463356018066,0.8553098440170288,0.6606739163398743,0.8105449080467224,0.9180196523666382,0.6869516372680664,0.6606499552726746,0.7423815727233887,0.7358459234237671,0.7164427042007446,0.9122270345687866,0.9819439649581909,-0.062287747859954834,0.02881777286529541,0.29049479961395264,0.15219509601593018,-0.20836931467056274,-0.30366408824920654,0.03093510866165161,0.2975875735282898,-0.07047241926193237,-0.044764935970306396,0.2573457360267639,-0.123593270778656,-0.2573696970939636,0.055429935455322266,0.07519596815109253,-0.025938868522644043,0.17638111114501953,0.2655012607574463,0.0697169303894043,0.09110552072525024,0.35278254747390747,0.12337732315063477,-0.4988641142845154,-0.4558591842651367,0.23930442333221436,0.6012516617774963,-0.10140752792358398,-0.3423525094985962,0.3278181552886963,-0.07882833480834961,-0.5147154331207275,0.17902320623397827,0.33256566524505615,-0.08136880397796631,0.101185142993927,0.29144012928009033,-0.10666418075561523,-0.195784330368042,2.5886383056640625,1.615688681602478,2.2478766441345215,2.2478766441345215,2.0300941467285156,1.9896577596664429,2.035907506942749,2.035907506942749,2.600888252258301,2.600888252258301,2.4445605278015137,2.4445605278015137,2.341136932373047,2.7194344997406006,2.7194344997406006,2.9689595699310303,2.9689595699310303,1.7134374380111694,2.732581853866577,-0.9729496240615845,-0.340761661529541,0.6321879625320435,-0.21778249740600586,-0.2582188844680786,0.0058133602142333984,0.04624974727630615,0.5649807453155518,0.5649807453155518,-0.1563277244567871,-0.1563277244567871,-0.1034235954284668,0.2748739719390869,0.3782975673675537,0.2495250701904297,0.2495250701904297,-1.2555221319198608,-0.23637771606445312,1.0191444158554077,0.6321879625320435,1.605137586593628,0.12297916412353516,-0.8904068470001221,0.22359585762023926,0.30446863174438477,0.5591673851013184,0.5187309980392456,-0.7213084697723389,-0.7213084697723389,0.05290412902832031,0.431201696395874,0.4817211627960205,-0.025348901748657227,-0.12877249717712402,-1.5050472021102905,-0.4859027862548828,2.2746665477752686,1.2555221319198608,2.5886383056640625,1.615688681602478,2.2478766441345215,3.1273465156555176,3.1273465156555176,1.9896577596664429,2.035907506942749,2.3568077087402344,2.600888252258301,2.600888252258301,2.955554962158203,2.955554962158203,2.4040873050689697,2.7194344997406006,2.7194344997406006,2.9689595699310303,2.9689595699310303,2.6564857959747314,2.732581853866577,-0.9729496240615845,-0.340761661529541,1.5116578340530396,0.8794698715209961,-1.1376887559890747,-1.0914390087127686,0.3671499490737915,0.5649807453155518,0.2440805435180664,0.35466670989990234,0.35466670989990234,-0.5514676570892334,-0.23612046241760254,0.31534719467163086,0.2495250701904297,0.2495250701904297,-0.31247377395629883,-0.23637771606445312,0.0760960578918457,0.6321879625320435,2.484607458114624,1.220231533050537,-2.6493465900421143,-1.9709088802337646,1.5048387050628662,1.6564197540283203,-0.1230694055557251,-0.21031403541564941,0.11058616638183594,-0.9061343669891357,-0.5907871723175049,0.8668148517608643,0.4856455326080322,-0.06582212448120117,-0.5619988441467285,-0.4859027862548828,0.38856983184814453,0.31247377395629883,-2.308650493621826,-1.4957269430160522,-1.6797714233398438,-3.1273465156555176,-3.1273465156555176,-1.924439549446106,-1.6942342519760132,-2.3568077087402344,-2.3568077087402344,-2.0187573432922363,-2.955554962158203,-2.955554962158203,-2.4040873050689697,-2.4040873050689697,-2.3940470218658447,-2.6131513118743896,-2.6131513118743896,-2.6564857959747314,-2.6564857959747314,0.8129235506057739,0.6288790702819824,-1.6316195726394653,-1.4475750923156738,1.2029069662094116,1.4331122636795044,-0.4323681592941284,-0.6625734567642212,0.33805036544799805,-0.5987472534179688,-0.9367976188659668,0.5514676570892334,0.5514676570892334,0.010040283203125,-0.20906400680541992,-0.21910429000854492,-0.0433344841003418,-0.0433344841003418,0.0,-0.1840444803237915,-2.4445431232452393,-2.0764541625976562,2.834526538848877,2.8806872367858887,-1.63527512550354,-2.0956857204437256,0.7704185247421265,0.06382620334625244,-1.2748479843139648,1.1502149105072021,1.4882652759552002,-0.5414273738861084,-0.7605316638946533,-0.22914457321166992,0.16572952270507812,0.17576980590820312,0.0433344841003418,0.0433344841003418,0.0025829304940998554,0.007152940146625042,0.005123915616422892,0.005123915616422892,0.009268209338188171,0.0015951422974467278,0.0015951422974467278,0.004835563711822033,0.0006498409202322364,0.0006498409202322364,0.0017188265919685364,0.002612011507153511,0.001518764765933156,4.2609754018485546e-05,4.2609754018485546e-05,0.0014243947807699442,0.0014243947807699442,0.002930806716904044,0.0,0.0045700096525251865,0.002540985122323036,-0.0020290245302021503,0.00414429372176528,-0.003528773318976164,-0.007673067040741444,0.003240421414375305,-0.0009453013772144914,-0.004185722675174475,0.0010689856717363,0.001962170470505953,-0.00020006182603538036,-0.0025694016367197037,-0.0014761550119146705,0.0013817850267514586,0.0013817850267514586,0.0015064119361341,-0.0014243947807699442,-0.002930806716904044,-0.0020290245302021503,-0.006599034182727337,0.0016033085994422436,-0.0014997487887740135,-0.011817360296845436,0.006769194733351469,0.006727765779942274,-0.00742614408954978,0.0020142870489507914,0.0061478931456804276,-0.0012690474977716804,-0.0045315721072256565,-0.00127609318587929,0.003951186779886484,0.002857940038666129,0.00012462690938264132,-0.002806179691106081,-0.0044372184202075005,-0.0015064119361341,0.27998781204223633,0.11996173858642578,0.5681052207946777,-0.8794698715209961,-1.097252368927002,0.06521821022033691,0.34167325496673584,-0.32090020179748535,0.2440805435180664,0.5821309089660645,-0.5109944343566895,-0.5109944343566895,-0.06295037269592285,0.31534719467163086,0.32538747787475586,0.3558082580566406,0.3558082580566406,-0.943048357963562,0.0760960578918457,-0.16002607345581055,0.2881174087524414,-0.9994316101074219,-1.6653575897216797,0.944688081741333,1.4389256238937378,-0.38611841201782227,-0.09759271144866943,0.9030311107635498,-0.7550749778747559,-1.093125343322754,0.4480440616607666,0.8263416290283203,0.3883378505706787,0.040461063385009766,0.030420780181884766,-1.2988566160202026,-0.2797122001647949,1.0191444158554077,0.44814348220825195,-0.8394055366516113,-1.953474998474121,1.9441196918487549,3.104283332824707,-1.3308064937591553,-1.5365183353424072,1.289149522781372,-0.6574822664260864,-1.9961564540863037,1.2031190395355225,1.9194669723510742,-0.05970621109008789,-0.7858805656433105,-0.35791707038879395,-1.3393176794052124,-0.3101329803466797,2.3180010318756104,1.2988566160202026,4.897288799285889,3.1114156246185303,3.9276480674743652,5.375223159790039,5.157440662384033,3.914097309112549,3.7301416397094727,4.3927154541015625,4.957695960998535,4.619645595550537,5.400115489959717,5.400115489959717,4.7452239990234375,5.12352180480957,5.113481521606445,5.58211088180542,5.58211088180542,4.369923114776611,5.389067649841309,-1.7858731746673584,-0.9696407318115234,2.263807535171509,1.229792594909668,-1.4611258506774902,-1.4272990226745605,0.47861814498901367,1.2275543212890625,0.2269301414489746,0.44241952896118164,0.7804698944091797,-0.6548914909362793,-0.2765936851501465,0.3682575225830078,0.4585890769958496,0.4686293601989746,-1.2121877670288086,-0.19304323196411133,1.0191445350646973,0.816232442855835,4.049680709838867,2.1994333267211914,-3.724933385848999,-2.6570916175842285,1.939743995666504,2.654853343963623,-0.25168800354003906,-0.7851347923278809,0.5535397529602051,-1.097311019897461,-1.0570635795593262,1.023149013519287,0.7351827621459961,0.1003718376159668,-1.6707768440246582,-0.6616725921630859,2.231332302093506,1.2121877670288086,0.9809101819992065,0.6680334210395813,0.85203617811203,0.7566311359405518,0.6986671686172485,0.7660514116287231,0.8637519478797913,0.7353389859199524,0.8891008496284485,1.003279685974121,0.8523108959197998,0.819991946220398,0.8803123235702515,1.0158663988113403,0.9842451810836792,1.0659496784210205,1.0977190732955933,0.5767669677734375,0.878642201423645,-0.31287676095962524,-0.1288740038871765,0.08859771490097046,-0.1533690094947815,0.009420275688171387,0.16508477926254272,-0.030712425708770752,0.025348901748657227,0.2679407000541687,-0.03678995370864868,-0.18328773975372314,0.02800142765045166,0.19587445259094238,0.10393285751342773,0.050083279609680176,0.11347389221191406,-0.489182710647583,-0.21907687187194824,0.3018752336502075,0.18400275707244873,0.4014744758605957,-0.02449500560760498,-0.07917743921279907,0.3184537887573242,-0.04013270139694214,-0.1397358775138855,0.29865312576293945,-0.06213885545730591,-0.45122843980789185,0.06479138135910034,0.3791621923446655,0.07593142986297607,-0.1457911729812622,0.009541034698486328,-0.5392659902572632,-0.3325507640838623,0.7910579442977905,0.5209521055221558,0.4878055155277252,0.36748677492141724,0.7544962763786316,1.0049307346343994,0.12392441928386688,0.024062108248472214,0.9177266955375671,0.4670772850513458,1.195263385772705,0.9019010663032532,0.15893198549747467,0.1719421148300171,1.0517488718032837,0.3527389466762543,1.4373716115951538,1.2057485580444336,1.5099502801895142,0.5317829847335815,0.6645100712776184,-0.12031874060630798,0.26669076085090637,0.6374439597129822,-0.6305718421936035,-0.9808686375617981,0.7938022613525391,0.4430151879787445,0.27753669023513794,0.43482378125190735,-1.0363314151763916,-0.7299589514732361,0.8928169012069702,0.18079683184623718,0.3856227397918701,0.8530095815658569,0.07257866859436035,-0.673965573310852,-0.8454402089118958,0.13272708654403687,0.38700950145721436,0.7577626705169678,-0.8972625732421875,-1.6183125972747803,1.4243741035461426,1.4238837957382202,-0.5162655711174011,-0.008191406726837158,-1.3138680458068848,-1.1647827625274658,1.9291483163833618,0.9107557535171509,-0.5071941614151001,0.6722127199172974,-0.31304407119750977,-1.526975154876709,-0.9180188775062561,0.8066926598548889,0.9781672954559326,20.0234432220459,14.125636100769043,19.999900817871094,32.16053009033203,29.427518844604492,18.786760330200195,12.742250442504883,24.257829666137695,30.23102378845215,18.645275115966797,27.937088012695312,32.60881805419922,20.65048599243164,21.20011329650879,24.058652877807617,24.845077514648438,22.09136390686035,32.15448760986328,38.620201110839844,-5.8978071212768555,-0.023542404174804688,18.034893035888672,9.427618026733398,-13.373769760131836,-16.68526840209961,5.4710693359375,17.488773345947266,-5.612554550170898,-2.293935775756836,13.963542938232422,-7.286602020263672,-11.40870475769043,3.4081668853759766,3.6449642181396484,-1.9672889709472656,7.309410095214844,16.528837203979492,6.4657135009765625,5.874264717102051,23.932701110839844,9.451160430908203,-31.408662796020508,-26.112886428833008,18.844839096069336,34.174041748046875,-11.083623886108398,-19.7827091217041,19.57609748840332,-4.992666244506836,-25.37224769592285,10.694768905639648,15.053668975830078,-5.375455856323242,3.6644458770751953,18.496126174926758,-0.8436965942382812,-10.06312370300293,0.0041466704569756985,0.0008700390462763608,0.002688290551304817,-0.00012835019151680171,0.0036603515036404133,-0.0005084878648631275,0.0033806562423706055,-0.0006811461062170565,0.00030139891896396875,-0.0001290724176215008,-0.0003519043093547225,-0.0007709796191193163,0.005214581731706858,0.005075381603091955,0.007827315479516983,0.004875341895967722,0.0031392620876431465,0.006469148676842451,0.0022033541463315487,-0.0032766314689069986,-0.0014583799056708813,-0.000998389208689332,0.0009720609523355961,-0.00038013767334632576,-0.0002796952612698078,-0.00017265824135392904,-0.0030792574398219585,0.000552073703147471,-0.0006533032283186913,-0.0006419072160497308,0.005566486157476902,0.005846361164003611,0.0026127337478101254,-0.00020003970712423325,-0.0046880533918738365,0.0015938067808747292,-0.0009359079413115978,-0.004265794530510902,0.0018182515632361174,0.0022782422602176666,0.0024304408580064774,0.0006182515062391758,-0.001251756213605404,0.0002074794319923967,-0.0027995621785521507,0.0007247319445014,0.0024259542115032673,-0.0011939809191972017,0.006219789385795593,0.0064882682636380196,-0.0029537524096667767,-0.006046400871127844,-0.007300787139683962,0.0017938464879989624,0.0037521454505622387,-0.0058596013113856316,-0.0033298865891993046,-181347584.0,-125678288.0,-185314768.0,-312758688.0,-277592544.0,-170528528.0,-112649440.0,-227494624.0,-285920384.0,-169244464.0,-262835952.0,-314453024.0,-186359136.0,-191958752.0,-220572160.0,-231570768.0,-201904864.0,-310276288.0,-375122144.0,55669296.0,-3967184.0,-187080400.0,-92277776.0,142230160.0,164943104.0,-56966096.0,-173270944.0,58250160.0,23084432.0,-145208560.0,76476816.0,122494272.0,-34213024.0,-39612016.0,18667296.0,-78705520.0,-173217280.0,-64845856.0,-59636480.0,-242749696.0,-88310592.0,329310560.0,257220880.0,-199196256.0,-338214048.0,115216256.0,196355376.0,-203458720.0,53392384.0,267702832.0,-110689840.0,-162106288.0,52880320.0,-39093504.0,-191884576.0,13859664.0,108371424.0,7.199883460998535,0.8799355030059814,4.319906234741211,17.84638786315918,15.956361770629883,2.6287143230438232,1.5128687620162964,9.525832176208496,12.879585266113281,5.652956008911133,16.810443878173828,19.127586364746094,7.612605094909668,11.839685440063477,11.23031234741211,14.742565155029297,12.200725555419922,14.796332359313965,22.837932586669922,-6.319948196411133,-2.879977226257324,16.96645164489746,11.636455535888672,-15.217673301696777,-14.443492889404297,6.897117614746094,11.366716384887695,-3.8728761672973633,3.930858612060547,13.474630355834961,-9.19783878326416,-7.287900924682617,3.6177072525024414,2.9028797149658203,0.9704132080078125,0.05376720428466797,10.63720703125,8.041600227355957,3.4399709701538086,23.286399841308594,14.516432762145996,-32.18412399291992,-26.07994842529297,22.114791870117188,25.810209274291992,-10.769993782043457,-7.435857772827148,17.34750747680664,-13.128697395324707,-20.762531280517578,12.815546035766602,10.190780639648438,-2.647294044494629,-2.8491125106811523,9.666793823242188,7.987833023071289,-2.595606803894043,-0.09367799758911133,0.006506897509098053,0.012860801070928574,-0.10174727439880371,-0.0559222549200058,0.008540023118257523,0.008630205877125263,-0.06150515750050545,-0.05837802588939667,0.01317580509930849,-0.11860150843858719,-0.00888966117054224,0.04614226892590523,-0.05244447663426399,-0.07182132452726364,-0.05012995004653931,0.07655584067106247,-0.15906772017478943,-0.11611897498369217,0.10018489509820938,0.1065388023853302,-0.10825417190790176,-0.06878305971622467,0.11028729379177094,0.06455246359109879,-0.07004518061876297,-0.06700823456048965,0.07468096166849136,-0.06022348254919052,-0.02206546626985073,0.16474378108978271,-0.04355481639504433,-0.11796359717845917,0.0023145265877246857,0.1483771651983261,-0.10893777012825012,-0.19267481565475464,0.04294874519109726,0.006353907287120819,-0.20843906700611115,-0.17532186210155487,0.2185414731502533,0.13333553075790405,-0.1803324818611145,-0.13156069815158844,0.14472614228725433,0.006784752011299133,-0.09674642980098724,0.22496727108955383,-0.021489350125193596,-0.2827073931694031,0.04586934298276901,0.2663407623767853,-0.11125229299068451,-0.34105199575424194,0.15188652276992798,0.2356235682964325,0.8508879542350769,0.7317922115325928,0.8705521821975708,1.085787057876587,1.0504227876663208,0.8439010381698608,0.694940447807312,0.9514449238777161,1.064534068107605,0.8404574394226074,1.0020408630371094,1.1119214296340942,0.8801760077476501,0.8904348611831665,0.9443840980529785,0.9654709696769714,0.9023265838623047,1.0574750900268555,1.1877367496490479,-0.11909574270248413,0.019664227962493896,0.35399484634399414,0.17987060546875,-0.24188601970672607,-0.3554823398590088,0.10754388570785522,0.36959362030029297,-0.11098748445510864,-0.062493205070495605,0.2714639902114868,-0.12186485528945923,-0.22148656845092773,0.06420809030532837,0.07503610849380493,-0.04205751419067383,0.09200412034988403,0.28541016578674316,0.13026165962219238,0.13875997066497803,0.47309058904647827,0.1602063775062561,-0.5958808660507202,-0.5353529453277588,0.3494299054145813,0.7250759601593018,-0.21853137016296387,-0.4320868253707886,0.38245147466659546,-0.05937165021896362,-0.49295055866241455,0.1860729455947876,0.29652267694473267,-0.1062656044960022,0.0169680118560791,0.327467679977417,0.03825753927230835,-0.15514850616455078,0.7240103483200073,0.5355198383331299,0.7578611373901367,1.1789335012435913,1.1033879518508911,0.7121689915657043,0.4829421937465668,0.9052474498748779,1.1332327127456665,0.7063686847686768,1.004085898399353,1.2363693714141846,0.7747097611427307,0.792874276638031,0.8918613195419312,0.9321341514587402,0.8141932487487793,1.118253469467163,1.410718560218811,-0.18849050998687744,0.033850789070129395,0.6434136629104614,0.3455268144607544,-0.46676450967788696,-0.620445728302002,0.19307845830917358,0.6502904891967773,-0.19887876510620117,-0.12914681434631348,0.5300006866455078,-0.22937613725662231,-0.44349509477615356,0.11715155839920044,0.13925987482070923,-0.07766807079315186,0.18611931800842285,0.5965253114700317,0.29246509075164795,0.22234129905700684,0.8319041728973389,0.311676025390625,-1.1101782321929932,-0.9659725427627563,0.6598429679870605,1.2707362174987793,-0.39195722341537476,-0.7794373035430908,0.728879451751709,-0.10022932291030884,-0.9734957814216614,0.34652769565582275,0.5827549695968628,-0.1948196291923523,0.04685944318771362,0.6741933822631836,0.1063457727432251,-0.3040602207183838,0.1564536988735199,0.04981047660112381,0.308620423078537,0.1275206357240677,-0.16779793798923492,0.08548606932163239,0.08253391087055206,-0.14662885665893555,0.045141346752643585,0.16229555010795593,-0.0028627377469092607,-0.07752659171819687,0.07778715342283249,0.259147971868515,0.11223649233579636,-0.11109895259141922,-0.23310017585754395,-0.20524641871452332,0.0901598185300827,-0.10664322227239609,0.1521667242050171,0.07771015912294388,-0.4764183759689331,-0.0420345664024353,0.250331848859787,-0.23211492598056793,-0.03739256411790848,0.3089244067668915,-0.04800408333539963,-0.2398221492767334,0.08064989000558853,0.3366745710372925,0.03444933891296387,-0.37024691700935364,-0.3453366756439209,-0.0941474661231041,0.32326000928878784,0.2954062223434448,0.2588099539279938,0.18435338139533997,-0.6285851001739502,-0.11974472552537918,0.7267502546310425,-0.19008035957813263,-0.28772440552711487,0.5410393476486206,-0.01061151921749115,-0.5487465858459473,0.12865397334098816,0.5764967203140259,-0.046200551092624664,-0.7069214582443237,-0.37978601455688477,0.27609944343566895,0.6685966849327087,0.3895536959171295,-0.027853786945343018,3.4183030128479004,2.095357894897461,2.5856409072875977,2.60178804397583,2.6046721935272217,2.306410551071167,2.934920072555542,3.0195233821868896,2.5621988773345947,3.162841320037842,3.1089961528778076,2.6222891807556152,3.268317222595215,4.124364852905273,3.237454652786255,3.393521547317505,3.697294235229492,2.0809969902038574,2.3915326595306396,-1.3229451179504395,-0.8326621055603027,0.5064301490783691,0.019031286239624023,-0.2953774929046631,0.3302478790283203,0.7131128311157227,-0.37272119522094727,0.14331793785095215,0.5467972755432129,-0.5405521392822266,0.15932106971740723,1.5020756721496582,-0.03086256980895996,-0.7308433055877686,0.4598395824432373,-1.3125245571136475,-1.3057615756988525,0.3105356693267822,0.4902830123901367,1.8293752670288086,0.8516933917999268,-0.8018076419830322,0.3112165927886963,1.0084903240203857,-0.7029690742492676,-0.5697948932647705,0.9195184707641602,-0.6838700771331787,-0.38747620582580566,2.0426278114318848,-0.1901836395263672,-2.2329189777374268,0.49070215225219727,-0.5816812515258789,-1.7656011581420898,1.6230602264404297,1.6162972450256348,-94.30545806884766,6.787762641906738,12.470993995666504,-101.2072982788086,-56.35120391845703,8.734582901000977,8.637630462646484,-60.823524475097656,-57.735233306884766,13.615179061889648,-118.04452514648438,-8.590253829956055,46.079505920410156,-52.887901306152344,-71.87893676757812,-50.38557815551758,77.0470199584961,-159.51966857910156,-116.45124053955078,101.09322357177734,106.77645111083984,-107.99506378173828,-68.82219696044922,109.94187927246094,64.98883056640625,-69.55810546875,-66.37286376953125,74.43870544433594,-60.30929183959961,-22.205432891845703,164.1240234375,-44.297645568847656,-117.95844268798828,2.5023231506347656,148.92596435546875,-109.13409423828125,-193.49826049804688,43.06842803955078,5.6832275390625,-209.08828735351562,-175.59864807128906,217.93695068359375,133.81103515625,-179.49998474121094,-131.3616943359375,143.99681091308594,6.063571929931641,-96.64413452148438,224.43331909179688,-22.092212677001953,-282.08245849609375,46.79996871948242,266.8843994140625,-111.63641357421875,-342.4242248535156,152.2025146484375,236.56668090820312,-0.20502257347106934,-0.01823587343096733,-0.060716114938259125,-0.3154781758785248,-0.1656217873096466,0.03861675411462784,0.07956141978502274,-0.09603224694728851,-0.14697560667991638,-0.015139633789658546,-0.24174389243125916,0.055396053940057755,0.07417945563793182,-0.07944373041391373,-0.08949142694473267,-0.012247359380126,0.19751456379890442,-0.24341557919979095,-0.14455944299697876,0.1867866963148117,0.14430645108222961,-0.29724231362342834,-0.10490567237138748,0.354094922542572,0.24518319964408875,-0.13464900851249695,-0.22653701901435852,0.08089261502027512,-0.09476828575134277,0.07053568959236145,0.3159233331680298,-0.13483978807926178,-0.1636708825826645,0.06719636917114258,0.2870059907436371,-0.2311682254076004,-0.3420740067958832,0.0988561362028122,-0.04248024523258209,-0.48402899503707886,-0.2492121160030365,0.6513372659683228,0.35008886456489563,-0.48874393105506897,-0.47172021865844727,0.21554163098335266,0.13176873326301575,-0.010356925427913666,0.41069161891937256,-0.20537547767162323,-0.47959423065185547,0.20203615725040436,0.4506768584251404,-0.2983645796775818,-0.6290799975395203,0.3300243616104126,0.4409301280975342
-0.2153104543685913,-0.03532854840159416,0.0671902745962143,-0.029321661219000816,-0.016403527930378914,-0.1796737015247345,0.03238750249147415,0.027414975687861443,-0.11980634182691574,-0.12560507655143738,-0.010686254128813744,-0.02210126630961895,-0.0963631421327591,-0.011133608408272266,-0.07369379699230194,0.012433335185050964,-0.17198333144187927,-0.12565898895263672,0.1751292198896408,0.17998190224170685,0.2825007438659668,0.006006887182593346,-0.08359380066394806,-0.15035204589366913,0.048791028559207916,0.2070886790752411,-0.1521938443183899,-0.15302005410194397,0.10912008583545685,0.10350380837917328,-0.0856768861413002,0.010967657901346684,0.022669345140457153,0.023566942662000656,-0.09828953444957733,-0.13809232413768768,0.3471125364303589,0.3007882237434387,0.10251884162425995,-0.17397502064704895,-0.36609452962875366,-0.15635892748832703,0.13238483667373657,0.357440710067749,-0.2009848654270172,-0.36010873317718506,0.26131391525268555,0.25652384757995605,-0.19479697942733765,-0.09253615140914917,0.10834623128175735,0.012599284760653973,-0.12095887959003448,-0.16165927052497864,0.4454020857810974,0.4388805627822876,-0.046324312686920166,1.2126108407974243,1.1192851066589355,0.6225457787513733,0.6737446188926697,0.6174201369285583,0.6051784753799438,0.6568393707275391,0.6399433016777039,0.6335808634757996,0.7205751538276672,0.7055373191833496,0.5645915269851685,0.5263174772262573,0.5195140838623047,0.5710113644599915,0.6091301441192627,0.6546714901924133,0.625099241733551,0.5585920214653015,-0.09332573413848877,-0.590065062046051,-0.44554048776626587,-0.005125641822814941,-0.06856614351272583,0.03941923379898071,0.03476482629776001,-0.023258507251739502,0.08063185214996338,0.07195645570755005,-0.15598362684249878,-0.17921984195709229,-0.04507744312286377,0.04469388723373413,0.08961606025695801,0.08366012573242188,0.01596909761428833,-0.09607946872711182,-0.06650722026824951,-0.49673932790756226,-0.3522147536277771,0.5849394202232361,0.37697434425354004,0.044544875621795654,0.10333096981048584,-0.06267774105072021,0.04586702585220337,0.09521496295928955,-0.23661547899246216,-0.25117629766464233,0.11090618371963501,0.22391372919082642,0.13469350337982178,0.038966238498687744,-0.07364696264266968,-0.1797395944595337,-0.08247631788253784,0.029572248458862305,6.137867450714111,6.137867450714111,2.8185105323791504,1.7824158668518066,1.7824158668518066,2.551945209503174,2.551945209503174,2.2453179359436035,1.8316231966018677,2.125737428665161,2.125737428665161,1.5982227325439453,1.5965378284454346,1.7574334144592285,1.7574334144592285,1.7770371437072754,1.7770371437072754,1.8501044511795044,1.86430823802948,0.0,-3.319356918334961,-4.355451583862305,-1.0360946655273438,0.7695293426513672,0.7695293426513672,-0.3066272735595703,-0.7203220129013062,-0.11958050727844238,0.29411423206329346,-0.5275146961212158,-0.5291996002197266,0.1592106819152832,0.16089558601379395,0.019603729248046875,0.019603729248046875,0.073067307472229,0.08727109432220459,0.014203786849975586,-3.319356918334961,-4.355451583862305,2.283262252807617,5.124980926513672,1.805624008178711,-1.0761566162109375,-1.4898513555526733,0.18704676628112793,1.0144362449645996,-0.40793418884277344,-0.82331383228302,0.686725378036499,0.6900951862335205,-0.13960695266723633,-0.14129185676574707,0.05346357822418213,0.06766736507415771,-0.05886352062225342,-0.073067307472229,6.913249969482422,6.913249969482422,2.8185105323791504,1.876655101776123,2.462656021118164,2.948232412338257,2.948232412338257,2.2453179359436035,1.8316231966018677,2.5406081676483154,2.5406081676483154,1.7789660692214966,2.5070900917053223,2.5070900917053223,1.7574334144592285,1.7770371437072754,2.093773603439331,2.093773603439331,1.86430823802948,0.0,-4.0947394371032715,-5.036594867706299,-0.35585451126098633,1.0715773105621338,0.4855763912200928,-0.7029144763946533,-1.1166092157363892,0.2952902317047119,0.7089849710464478,-0.7616420984268188,-0.033518075942993164,0.7281240224838257,-0.7496566772460938,-0.7300529479980469,0.33634018898010254,0.31673645973205566,-0.22946536540985107,-0.22946536540985107,-4.0947394371032715,-5.036594867706299,3.738884925842285,6.108172416687012,0.8414309024810791,-1.774491786956787,-1.602185606956482,0.9982047080993652,1.825594186782837,-1.0569323301315308,-0.7425030469894409,1.4897661209106445,-0.7161386013031006,-1.4581769704818726,1.0859968662261963,1.0467894077301025,-0.5658055543899536,-0.5462018251419067,0.0,-6.913249969482422,-6.913249969482422,-1.876655101776123,-1.876655101776123,-2.462656021118164,-2.948232412338257,-2.948232412338257,-1.8930271863937378,-1.7465918064117432,-2.5406081676483154,-2.5406081676483154,-1.7789660692214966,-2.5070900917053223,-2.5070900917053223,-1.5581579208374023,-1.576525330543518,-2.093773603439331,-2.093773603439331,-1.4444504976272583,0.0,5.036594867706299,5.036594867706299,-0.586000919342041,-1.0715773105621338,-0.4855763912200928,1.055205225944519,1.2016406059265137,-0.6475809812545776,-0.7940163612365723,0.7616420984268188,0.033518075942993164,-0.7281240224838257,0.9489321708679199,0.9305647611618042,-0.5356156826019287,-0.517248272895813,0.6493231058120728,0.6493231058120728,5.036594867706299,5.036594867706299,-5.62259578704834,-6.108172416687012,0.10042452812194824,2.1267824172973633,1.6872169971466064,-1.7027862071990967,-1.995656967163086,1.4092230796813965,0.8275344371795654,-1.4897661209106445,0.9154140949249268,1.6586887836456299,-1.4845478534698486,-1.4478130340576172,1.1849387884140015,1.1665713787078857,0.0,0.0018304348923265934,0.0009205613750964403,0.0009205613750964403,0.002673500683158636,0.001375753665342927,0.001375753665342927,0.00040292111225426197,0.00040292111225426197,0.0006933980621397495,0.0015951087698340416,0.0015704911202192307,0.0015704911202192307,0.0017599273705855012,0.0017599273705855012,0.0027234191074967384,0.002233011182397604,0.0015838092658668756,0.0015838092658668756,0.0,-0.0009098735172301531,-0.0009098735172301531,0.0017529393080621958,0.00045519229024648666,-0.0012977470178157091,-0.000972832553088665,-0.000972832553088665,0.00029047694988548756,0.0011921876575797796,0.0008770930580794811,-2.4617649614810944e-05,0.00018943625036627054,0.00018943625036627054,0.0009634917369112372,0.0004730838118121028,-0.0011396098416298628,-0.0006492019165307283,-0.0015838092658668756,-0.0015838092658668756,0.0,0.002662812825292349,0.0013650658074766397,-0.003050686325877905,-0.0014280248433351517,0.0003249144647270441,0.0012633095029741526,0.0021650202106684446,0.0005866161081939936,-0.0012168053071945906,-0.0006876568077132106,0.00021405389998108149,0.0007740554865449667,0.00028364756144583225,-0.002103101462125778,-0.0011222857283428311,-0.00044419942423701286,-0.0009346073493361473,0.0,-0.7753825187683105,-0.7753825187683105,0.9418554306030273,-0.0942392349243164,-0.6802401542663574,-0.396287202835083,-0.396287202835083,0.3522907495498657,0.08503139019012451,-0.4148707389831543,-0.4148707389831543,-0.18074333667755127,-0.9105522632598877,-0.7496566772460938,0.19927549362182617,0.20051181316375732,-0.31673645973205566,-0.24366915225982666,0.4198577404022217,0.0,1.717237949371338,0.6811432838439941,-1.6220955848693848,-0.3020479679107666,0.2839529514312744,0.7485779523849487,0.4813185930252075,-0.76716148853302,-0.4999021291732788,0.23412740230560303,-0.4956815242767334,-0.5689133405685425,1.1098277568817139,0.9501684904098511,-0.5160119533538818,-0.444180965423584,0.7365942001342773,0.6635268926620483,1.717237949371338,0.6811432838439941,-3.3393335342407227,-0.9831912517547607,1.9060485363006592,1.0506259202957153,0.1973656415939331,-1.5157394409179688,-0.9812207221984863,1.001288890838623,0.00422060489654541,-0.8030407428741455,1.6055092811584473,1.5190818309783936,-1.6258397102355957,-1.394349455833435,1.2526061534881592,1.1077078580856323,-0.073067307472229,13.051116943359375,13.051116943359375,4.695165634155273,3.6590709686279297,4.245071887969971,5.500177383422852,5.500177383422852,4.138345241546631,3.5782151222229004,4.666345596313477,4.666345596313477,3.3771886825561523,4.103628158569336,4.264523506164551,3.315591335296631,3.353562355041504,3.8708107471466064,3.943878173828125,3.3087587356567383,0.0,-8.355951309204102,-9.392045974731445,-0.45009374618530273,1.8411064147949219,1.2551054954528809,-1.3618321418762207,-1.9219622611999512,0.5280003547668457,1.0881304740905762,-1.2891569137573242,-0.5627174377441406,0.8873348236083984,-0.7880368232727051,-0.9109611511230469,0.5552194118499756,0.5903158187866211,-0.5620520114898682,-0.6351194381713867,-8.355951309204102,-9.392045974731445,7.905857563018799,11.233152389526367,1.7051992416381836,-3.2029385566711426,-3.177067756652832,1.8898324966430664,3.0100927352905273,-1.81715726852417,-1.6508479118347168,2.1764917373657227,-0.22531938552856445,-1.7982959747314453,1.3432562351226807,1.501276969909668,-1.1172714233398438,-1.2254352569580078,-0.07306742668151855,1.6134159564971924,1.633463740348816,1.0958677530288696,0.6959313154220581,0.7074445486068726,0.976630687713623,0.9557832479476929,0.8880515694618225,0.7334504723548889,0.7792049050331116,0.7924097180366516,0.6804179549217224,0.679865837097168,0.7589437365531921,0.7499039173126221,0.7350491285324097,0.7020371556282043,0.7381702065467834,0.7889729738235474,0.020047783851623535,-0.5175482034683228,-0.9375324249267578,-0.38842320442199707,0.28069937229156494,0.2483386993408203,-0.08857911825180054,-0.22233277559280396,-0.10884666442871094,0.058959245681762695,-0.09878695011138916,-0.11254388093948364,0.07852578163146973,0.0700380802154541,-0.02389460802078247,-0.047866761684417725,0.0031210780143737793,0.08693581819534302,0.050802767276763916,-0.5375959873199463,-0.9575802087783813,0.12912499904632568,1.2182317972183228,0.6367619037628174,-0.3692784905433655,-0.47067147493362427,-0.0202675461769104,0.28129202127456665,0.010059714317321777,-0.17150312662124634,0.1773127317428589,0.18258196115493774,-0.1024203896522522,-0.11790484189987183,0.02701568603515625,0.13480257987976074,0.04768168926239014,-0.0361330509185791,0.8223649263381958,0.8203782439231873,0.28540629148483276,1.379773736000061,0.7612160444259644,0.2602844834327698,0.06154671683907509,0.6026946306228638,1.7104461193084717,0.09118606150150299,1.69386625289917,0.7415916323661804,0.3772571384906769,0.3766632378101349,0.8395493030548096,0.37851375341415405,0.1578642874956131,0.23515255749225616,0.0887584388256073,-0.001986682415008545,-0.536958634853363,0.5593954920768738,0.4758097529411316,-1.1194891929626465,-0.6996693015098572,0.342410147190094,1.6488994359970093,-0.511508584022522,-0.016579866409301758,0.6504055857658386,-1.3166091442108154,-0.36492839455604553,0.4622921645641327,0.001850515604019165,-0.6816850304603577,-0.1433611959218979,-0.0691058486700058,-0.14639411866664886,-0.5349719524383545,0.5613821744918823,1.0127683877944946,-1.678884744644165,-1.1754790544509888,1.4618992805480957,2.3485686779022217,-0.853918731212616,-1.665479302406311,1.1619141101837158,-1.3000292778015137,-1.0153340101242065,1.7789013385772705,0.3667789101600647,-1.143977165222168,-0.14521171152591705,0.6125791668891907,-0.0030329227447509766,-0.07728826999664307,86.46788024902344,82.30046081542969,18.0640926361084,17.764001846313477,16.635528564453125,19.245716094970703,20.98059844970703,16.870532989501953,16.0557861328125,22.866619110107422,21.380083084106445,12.566556930541992,12.554346084594727,11.86991024017334,12.452690124511719,14.102323532104492,16.947893142700195,16.29030418395996,12.870413780212402,-4.16741943359375,-68.4037857055664,-64.53646087646484,-1.4285640716552734,1.4817142486572266,4.345069885253906,-2.37518310546875,-4.924812316894531,5.996086120605469,5.324296951293945,-10.30006217956543,-8.825736999511719,-0.6966466903686523,-0.10165596008300781,2.2324132919311523,4.495203018188477,2.1879806518554688,-4.077479362487793,-3.4198904037475586,-64.23636627197266,-60.369041442871094,66.9752197265625,66.01817321777344,5.77363395690918,-3.8568973541259766,-9.269882202148438,8.371269226074219,10.249109268188477,-16.2961483001709,-14.150033950805664,9.603415489196777,8.724081039428711,2.9290599822998047,4.596858978271484,-0.044432640075683594,-8.57268238067627,-5.607871055603027,0.6575889587402344,-0.000705361133441329,0.0006913475226610899,-0.0007673581130802631,0.001540647936053574,-0.000398921751184389,0.0058381264097988605,0.0031597085762768984,0.0017107329331338406,0.0039260368794202805,0.002121115569025278,0.00321149080991745,0.0021914588287472725,0.0007266758475452662,0.0007902868092060089,0.0003551964182406664,0.0010659524705260992,0.000430654501542449,-0.0008030850440263748,-0.0001611163024790585,0.001396708656102419,-6.199697963893414e-05,0.0008493004133924842,0.00036843636189587414,0.004297478590160608,0.003558630356565118,-0.00412739347666502,0.0007663283031433821,0.00041038263589143753,-0.0007145460695028305,7.03432597219944e-05,-0.002484814962372184,-0.0014011720195412636,-0.00037147942930459976,0.0002756656613200903,7.545808330178261e-05,-0.001869037514552474,-0.0005917708040215075,0.0006419687415473163,-0.001458705635741353,-0.0005474082427099347,0.0004304333415348083,0.0034481780603528023,0.003190194023773074,-0.008424872532486916,-0.0027923020534217358,0.0045377761125564575,-0.0014808743726462126,-0.00034003937616944313,-0.0017702688928693533,-0.001471515279263258,0.002113335533067584,0.0016768376808613539,0.00044693751260638237,-0.0021447031758725643,-0.0006672288873232901,0.0025110063143074512,0.0012337395455688238,-874273152.0,-832173440.0,-165136688.0,-159984384.0,-149585536.0,-171571824.0,-191760336.0,-153704928.0,-145790608.0,-211027408.0,-194213216.0,-110396608.0,-108424632.0,-103897072.0,-107819712.0,-125057000.0,-154424848.0,-149113040.0,-112909336.0,42099712.0,709136448.0,672189056.0,15551152.0,-11587440.0,-42174800.0,17866896.0,45969728.0,-57322480.0,-48422608.0,100630800.0,85788584.0,6499536.0,604920.0,-21159928.0,-46605136.0,-24056040.0,41515512.0,36203704.0,667036736.0,630089344.0,-693585280.0,-683776512.0,-57725952.0,29454336.0,88144528.0,-75189376.0,-94392336.0,157953280.0,134211192.0,-94131264.0,-85183664.0,-27659464.0,-47210056.0,-2896112.0,88120648.0,60259744.0,-5311808.0,2163.317626953125,2162.819091796875,8.965615272521973,2.5153825283050537,3.7847189903259277,13.414650917053223,13.554656028747559,3.554776430130005,1.937723994255066,9.06279468536377,8.417893409729004,0.9712437987327576,3.887843608856201,3.7329421043395996,1.0836457014083862,1.2944172620773315,3.0499277114868164,3.094397783279419,1.3976534605026245,-0.49853515625,-2154.35205078125,-2160.3037109375,-5.180896282196045,10.89926815032959,9.769937515258789,-9.859874725341797,-11.616931915283203,5.508018493652344,6.480169296264648,-8.091550827026367,-4.530049800872803,2.7616982460021973,-2.8041977882385254,-2.4385247230529785,1.9662820100784302,1.7999805212020874,-1.652274250984192,-1.6967443227767944,-2153.853515625,-2159.80517578125,2149.171142578125,2171.202880859375,14.950834274291992,-20.759143829345703,-21.386869430541992,15.36789321899414,18.09710121154785,-13.599569320678711,-11.01021957397461,10.853248596191406,1.7258520126342773,-5.200222969055176,4.770479679107666,4.2385053634643555,-3.618556261062622,-3.496724843978882,-0.04447007179260254,-0.10864462703466415,-0.01882660761475563,0.033205702900886536,-0.015306007117033005,-0.008624603040516376,-0.08947157859802246,0.015373934991657734,0.014002643525600433,-0.06174939125776291,-0.06275824457406998,-0.00604704674333334,-0.010853033512830734,-0.04858996719121933,-0.00555796455591917,-0.03728886693716049,0.006437379866838455,-0.08624046295881271,-0.06353014707565308,0.0878705158829689,0.08981801569461823,0.1418503224849701,0.0035206004977226257,-0.04183030501008034,-0.07416556775569916,0.02399853803217411,0.1034742221236229,-0.07712332904338837,-0.07676088809967041,0.055702343583106995,0.05190521106123924,-0.042542919516563416,0.005295068956911564,0.011301100254058838,0.011995344422757626,-0.04895159602165222,-0.06996752321720123,0.17411097884178162,0.15140065550804138,0.05203230679035187,-0.0862974151968956,-0.18368062376976013,-0.07768616825342178,0.0658288449048996,0.17763978242874146,-0.10112186521291733,-0.1802351176738739,0.13282567262649536,0.12866610288619995,-0.09824526309967041,-0.04661014303565025,0.05384401977062225,0.006700275465846062,-0.06025269627571106,-0.08196286857128143,0.22306257486343384,0.22136817872524261,-0.022710323333740234,1.797989845275879,1.7663308382034302,0.8249495029449463,0.8202581405639648,0.7941148281097412,0.8351827263832092,0.8914150595664978,0.7994043827056885,0.7710508704185486,0.9227072596549988,0.9003928899765015,0.6899905204772949,0.6832337975502014,0.6708444356918335,0.6832392811775208,0.7312071919441223,0.7830051779747009,0.7758700847625732,0.6762898564338684,-0.03165900707244873,-0.9730403423309326,-0.9460726976394653,-0.030834674835205078,0.014924585819244385,0.09730023145675659,-0.03577834367752075,-0.12036418914794922,0.1233028769493103,0.12934201955795288,-0.23271673917770386,-0.21715909242630005,-0.019146084785461426,5.4836273193359375e-06,0.06036275625228882,0.09976589679718018,0.04466289281845093,-0.10671532154083252,-0.09958022832870483,-0.9413813352584839,-0.9144136905670166,0.9422056674957275,0.9609972834587097,0.12813490629196167,-0.05070292949676514,-0.2176644206047058,0.15908122062683105,0.2497062087059021,-0.35601961612701416,-0.34650111198425293,0.21357065439224243,0.21716457605361938,0.07950884103775024,0.09976041316986084,-0.01569986343383789,-0.2064812183380127,-0.14424312114715576,0.0071350932121276855,3.2327675819396973,3.119924545288086,0.6805416345596313,0.6728233695030212,0.6306183934211731,0.697530210018158,0.7946208119392395,0.639047384262085,0.5945194363594055,0.851388692855835,0.8107073903083801,0.47608688473701477,0.4668084383010864,0.45003223419189453,0.46681591868400574,0.5346639752388,0.6130971312522888,0.6019744277000427,0.4573679566383362,-0.11284303665161133,-2.5522260665893555,-2.44710111618042,-0.04992324113845825,0.02470684051513672,0.1640024185180664,-0.058482825756073,-0.20010137557983398,0.21234130859375,0.2161879539489746,-0.3753018081188202,-0.3438989520072937,-0.02605465054512024,7.4803829193115234e-06,0.08463174104690552,0.14628121256828308,0.06731045246124268,-0.15572917461395264,-0.14460647106170654,-2.439383029937744,-2.3342580795288086,2.502302885055542,2.4718079566955566,0.21392565965652466,-0.08318966627120972,-0.3641037940979004,0.270824134349823,0.4162893295288086,-0.5876431465148926,-0.5600869059562683,0.34924715757369995,0.343906432390213,0.11068639159202576,0.14627373218536377,-0.017321288585662842,-0.3020103871822357,-0.21191692352294922,0.011122703552246094,-0.5420250296592712,-0.8178579807281494,0.3783360719680786,-0.22771942615509033,-0.39251524209976196,-0.3088516294956207,-0.15736643970012665,0.5092758536338806,0.4323316812515259,-0.16083961725234985,-0.32955145835876465,0.18961404263973236,-0.5855545997619629,-0.7293024659156799,0.38743823766708374,0.21945036947727203,-0.07535102963447571,-0.21530260145664215,-0.11420514434576035,-0.2758329510688782,0.9203611016273499,0.5901385545730591,-0.7708513140678406,-0.0811322033405304,0.23514880239963531,0.8181275129318237,0.5896981358528137,-0.6701154708862305,-0.7618831396102905,0.3504536747932434,-0.25600314140319824,-0.9189165234565735,0.9729928374290466,0.9487528204917908,-0.46278926730155945,-0.4347529709339142,-0.03885411471128464,0.1010974571108818,1.196194052696228,0.8659715056419373,-1.6912124156951904,-0.6712707281112671,1.0060001611709595,0.8992596864700317,0.3545493483543396,-1.4882429838180542,-1.351581335067749,1.020569086074829,0.5058799982070923,-1.269370198249817,1.2289960384368896,1.8676693439483643,-1.4357820749282837,-1.3835058212280273,0.4239351451396942,0.5358504056930542,0.13995157182216644,6.2036237716674805,6.924045562744141,3.93863582611084,2.450056791305542,3.066641330718994,4.716607093811035,4.284181118011475,2.896728277206421,2.7485151290893555,3.010802745819092,3.1966378688812256,2.5507664680480957,4.144284725189209,4.5311503410339355,2.7787227630615234,2.424065351486206,2.686326503753662,2.8477747440338135,2.9468650817871094,0.7204217910766602,-2.2649879455566406,-4.4739885330200195,-0.8719944953918457,2.266550302505493,1.2175397872924805,-1.8198788166046143,-1.5356659889221191,0.1140744686126709,0.4481227397918701,-0.4600362777709961,0.9476468563079834,1.9803838729858398,-1.3655619621276855,-2.1070849895477295,-0.09239625930786133,0.4237093925476074,0.26053857803344727,0.0990903377532959,-2.985409736633301,-5.19441032409668,1.392993450164795,6.740538597106934,2.089534282684326,-4.086429119110107,-2.7532057762145996,1.9339532852172852,1.9837887287139893,-0.574110746383667,0.4995241165161133,2.440420150756836,-2.313208818435669,-4.087469100952148,1.2731657028198242,2.530794382095337,0.3529348373413086,-0.3246190547943115,-0.16144824028015137,-108.08584594726562,-17.73493194580078,33.72951889038086,-14.719473838806152,-8.23457145690918,-90.19619750976562,16.258525848388672,13.762317657470703,-60.142784118652344,-63.053749084472656,-5.364499568939209,-11.09483528137207,-48.374298095703125,-5.589071273803711,-36.994285583496094,6.241534233093262,-86.33563232421875,-63.080814361572266,87.91487121582031,90.35091400146484,141.81536865234375,3.015458106994629,-41.964088439941406,-75.47672271728516,24.49309730529785,103.95851135253906,-76.40130615234375,-76.81607055664062,54.77828598022461,51.95891571044922,-43.00979995727539,5.505764007568359,11.380012512207031,11.830605506896973,-49.341346740722656,-69.32234954833984,174.25050354003906,150.9956817626953,51.464454650878906,-87.33545684814453,-183.77944946289062,-78.49217987060547,66.45718383789062,179.43524169921875,-100.89440155029297,-180.7745819091797,131.17959594726562,128.77499389648438,-97.7880859375,-46.45315170288086,54.38981246948242,6.324841499328613,-60.72135925292969,-81.1529541015625,223.59185791015625,220.31802368164062,-23.25482177734375,-0.1251274049282074,0.13995254039764404,0.02786882594227791,-0.027817796915769577,0.019309252500534058,-0.16206377744674683,-0.0074156504124403,-0.06385714560747147,-0.21438153088092804,-0.0692833960056305,-0.006500045768916607,-0.11006371676921844,-0.08285650610923767,0.05934476852416992,-0.15884193778038025,-0.015522231347858906,-0.2149048000574112,-0.11847329884767532,0.23200544714927673,0.26507994532585144,0.152996227145195,-0.16777034103870392,-0.00855957344174385,-0.13424597680568695,-0.026724902912974358,0.09820663183927536,-0.2069658786058426,-0.005426250398159027,0.20788148045539856,-0.04078032076358795,-0.07635646313428879,0.16940848529338837,-0.07598543167114258,-0.07486700266599655,-0.056062862277030945,-0.1029510647058487,0.4469102621078491,0.35047873854637146,-0.11208371818065643,-0.43285030126571655,-0.16155579686164856,0.03352436423301697,-0.018165329471230507,0.2324526011943817,-0.18024097383022308,-0.10363288223743439,0.41484737396240234,-0.035354070365428925,-0.28423795104026794,0.21018880605697632,0.0003710314631462097,-0.24427548050880432,0.019922569394111633,-0.028084062039852142,0.5029731392860413,0.45342981815338135,-0.09643152356147766
0.09065873175859451,-0.07639524340629578,-0.04562346264719963,0.06803802400827408,0.3086831569671631,-0.20642392337322235,-0.2096000462770462,0.5107474327087402,-0.24423973262310028,-0.4477003216743469,0.5644387006759644,0.12722980976104736,-0.4253162443637848,0.39102041721343994,0.12251642346382141,-0.1350613534450531,0.025705410167574883,0.07092268019914627,0.15839537978172302,-0.1670539677143097,-0.13628219068050385,0.14443325996398926,0.3543066084384918,-0.274461954832077,-0.5182831883430481,0.7171713709831238,-0.03463968634605408,-0.9584477543830872,0.8086784482002258,0.5749301314353943,-0.9897549152374268,0.2637906074523926,0.5478326678276062,-0.5260818004608154,-0.09681101143360138,0.20598402619361877,0.132689967751503,0.08747269958257675,0.030771777033805847,0.31148722767829895,0.4905887842178345,-0.4188952147960663,-0.8725898265838623,0.9916332960128784,0.483643501996994,-1.675619125366211,0.8433181047439575,1.5333778858184814,-1.7984333038330078,-0.3111395239830017,1.5375876426696777,-0.789872407913208,-0.6446436643600464,0.7320657968521118,0.22950097918510437,-0.11851132661104202,-0.04521726816892624,0.7027158141136169,0.58351731300354,0.49130260944366455,0.5628679990768433,0.6879294514656067,0.8701777458190918,0.9074660539627075,0.7634024620056152,0.9519702792167664,0.917500376701355,0.9166247844696045,1.0908653736114502,0.8324971795082092,0.8159641623497009,0.855240523815155,0.6386411190032959,0.554995059967041,0.6807162165641785,0.8859388828277588,-0.1191985011100769,-0.2114132046699524,-0.020649313926696777,0.19662684202194214,0.30730974674224854,0.21953660249710083,-0.10677528381347656,0.04450422525405884,0.15409791469573975,-0.035345494747161865,0.17336499691009521,-0.08412760496139526,-0.27490121126174927,0.0227433443069458,-0.17732304334640503,-0.300245463848114,0.04207509756088257,0.3309438228607178,0.20522266626358032,-0.09221470355987549,0.09854918718338013,0.40804004669189453,0.3279590606689453,0.02290976047515869,-0.4140850305557251,-0.175032377243042,0.2608731985092163,-0.0798497200012207,0.01926708221435547,-0.0487821102142334,-0.4482662081718445,0.10687094926834106,0.09757816791534424,-0.3229888081550598,0.2193981409072876,0.6311892867088318,0.16314756870269775,-0.12572115659713745,2.1404054164886475,1.3217345476150513,0.900723934173584,1.3969991207122803,1.7005189657211304,1.7005189657211304,2.2970004081726074,2.2970004081726074,1.6874009370803833,1.9004095792770386,2.9115142822265625,2.9115142822265625,1.892756700515747,2.7411916255950928,2.7411916255950928,1.2312827110290527,1.2312827110290527,1.9661606550216675,3.0350213050842285,-0.8186708688735962,-1.2396814823150635,0.075264573097229,0.7997950315475464,0.3035198450088501,0.596481442451477,0.596481442451477,-0.6095994710922241,-0.39659082889556885,1.2241133451461792,1.011104702949524,-1.0187575817108154,-0.17032265663146973,0.8484349250793457,-1.50990891456604,-1.50990891456604,0.7348779439926147,1.8037385940551758,1.068860650062561,-0.4210106134414673,0.8939354419708252,2.0394763946533203,0.2282552719116211,-0.20331358909606934,0.29296159744262695,-1.2060809135437012,-0.9930722713470459,1.8337128162384033,1.4076955318450928,-2.242870807647705,-1.1814273595809937,1.8671925067901611,-1.3395862579345703,-2.3583438396453857,2.2447867393493652,3.313647508621216,0.3339827060699463,-0.7348779439926147,2.1404054164886475,1.5570493936538696,1.4158589839935303,1.3969991207122803,1.7005189657211304,2.6994590759277344,2.6994590759277344,2.2970004081726074,2.6937174797058105,2.6937174797058105,2.9115142822265625,2.9115142822265625,2.4362051486968994,2.7411916255950928,2.7411916255950928,2.1012823581695557,2.1012823581695557,1.9683611392974854,3.0350213050842285,-0.5833560228347778,-0.7245464324951172,-0.16005027294158936,0.2846599817276001,1.302459955215454,0.998940110206604,-0.40245866775512695,-0.005741596221923828,0.3967170715332031,0.21779680252075195,0.21779680252075195,-0.4753091335296631,-0.17032265663146973,0.30498647689819336,-0.6399092674255371,-0.6399092674255371,-0.1329212188720703,0.9337389469146729,1.0666601657867432,-0.14119040966033936,0.4233057498931885,1.0092064142227173,1.4625102281570435,0.7142801284790039,-1.704918622970581,-1.0046817064285278,0.7991757392883301,0.22353839874267578,-0.17892026901245117,-0.693105936050415,-0.3881194591522217,0.7802956104278564,-0.4695866107940674,-0.9448957443237305,0.5069880485534668,1.57364821434021,1.1995813846588135,0.1329212188720703,-1.5570493936538696,-1.5570493936538696,-1.4158589839935303,-1.2900491952896118,-1.2900491952896118,-2.6994590759277344,-2.6994590759277344,-1.1737515926361084,-2.6937174797058105,-2.6937174797058105,-1.941912293434143,-2.4362051486968994,-2.4362051486968994,-1.5151140689849854,-1.8950161933898926,-2.1012823581695557,-2.1012823581695557,-1.9683611392974854,-3.0081441402435303,0.0,0.14119040966033936,0.2670001983642578,0.12580978870391846,-1.4094098806381226,-1.4094098806381226,1.525707483291626,0.005741596221923828,-1.5199658870697021,0.7518051862716675,0.25751233100891113,-0.49429285526275635,0.9210910797119141,0.5411889553070068,-0.5861682891845703,-0.20626616477966309,0.1329212188720703,-0.9068617820739746,-1.039783000946045,0.14119040966033936,0.2670001983642578,-0.015380620956420898,-1.6764100790023804,-1.535219669342041,2.935117244720459,1.4151514768600464,-3.045673370361328,0.7460635900497437,1.7774782180786133,-1.2460980415344238,0.6635787487030029,1.0354818105697632,-1.5072593688964844,-0.7474551200866699,0.7190895080566406,-0.7005956172943115,-1.1727042198181152,-0.1329212188720703,0.0061867814511060715,0.006111122202128172,0.002449291991069913,7.454166188836098e-05,7.454166188836098e-05,0.0024461550638079643,0.0021784112323075533,0.0004333683755248785,0.0004060031205881387,0.0004060031205881387,0.0009145960211753845,0.0021873312070965767,0.0021873312070965767,0.0029666470363736153,0.0029666470363736153,0.0002591487136669457,0.0002591487136669457,0.0003018395509570837,0.0,-7.565924897789955e-05,-0.0037374894600361586,-0.006036580540239811,-0.002374750329181552,0.0023716134019196033,0.0021038695704191923,-0.002012786688283086,-0.001772408140823245,-2.7365254936739802e-05,0.0005085929296910763,0.0017813281156122684,0.0012727351859211922,0.0007793158292770386,0.0007793158292770386,-0.0027074983809143305,-0.0027074983809143305,4.2690837290138006e-05,-0.0002591487136669457,-0.0003018395509570837,-0.003661830211058259,-0.005960921291261911,0.0013627391308546066,0.008408194407820702,0.004478619899600744,-0.004384400323033333,-0.0038762777112424374,0.0019854214042425156,0.0022810010705143213,0.0018086933996528387,0.0007641422562301159,-0.0010020122863352299,-0.0004934193566441536,-0.003486814210191369,-0.003486814210191369,0.0027501892764121294,0.0024483497254550457,-0.0003445303882472217,-4.2690837290138006e-05,0.5833560228347778,-0.23531484603881836,-0.5151350498199463,0.10694992542266846,0.41046977043151855,-0.998940110206604,-0.40245866775512695,1.123248815536499,-1.0063165426254272,-0.793307900428772,0.9696019887924194,0.4753091335296631,-0.5434484481811523,1.2260775566101074,0.8461754322052002,-0.8699996471405029,-0.8699996471405029,-0.002200484275817871,0.026877164840698242,-0.8186708688735962,-1.0984910726547241,0.3422647714614868,0.9256048202514648,-1.1058900356292725,-0.8129284381866455,2.1221890449523926,-0.6038578748703003,-1.916556715965271,1.9759185314178467,1.268617033958435,-1.5130504369735718,0.7507684230804443,1.3896238803863525,-2.0960772037506104,-1.7161750793457031,0.8677991628646851,0.8968768119812012,0.029077649116516113,-0.27982020378112793,1.160935640335083,2.0240960121154785,-1.4481548070907593,-1.7385332584381104,3.228079080581665,0.20907056331634521,-4.038745880126953,2.5797762870788574,3.185173749923706,-3.488968849182129,-0.5178486108779907,2.9026741981506348,-2.8468456268310547,-3.1057989597320557,2.963876247406006,2.6130518913269043,-0.838721513748169,-0.8677991628646851,3.6974549293518066,2.878783941268921,2.3165829181671143,2.6870484352111816,2.990568161010742,4.399978160858154,4.996459484100342,3.470752000808716,4.381118297576904,4.594127178192139,4.853426456451416,5.347719192504883,4.3289618492126465,4.256305694580078,4.636207580566406,3.3325650691986084,3.3325650691986084,3.9345216751098633,6.04316520690918,-0.8186709880828857,-1.3808720111846924,-0.19173550605773926,0.6739852428436279,1.7129297256469727,2.0058913230895996,-0.9292261600494385,-0.6153411865234375,1.1233751773834229,0.4723081588745117,0.7535920143127441,-0.5244646072387695,-1.0914134979248047,0.30724573135375977,-0.9237406253814697,-1.3036425113677979,0.6019566059112549,2.7106001377105713,2.1086435317993164,-0.5622010231018066,0.6269354820251465,2.0548572540283203,1.904665231704712,1.3319060802459717,-2.642155885696411,-2.621232509613037,2.0526013374328613,1.0876493453979492,-0.3697831630706787,-0.9967727661132812,-1.8450055122375488,0.8317103385925293,0.16767287254333496,-1.6108882427215576,1.5256972312927246,4.014242649078369,1.5066869258880615,-0.6019566059112549,0.8217614889144897,0.5628548860549927,0.4186343550682068,0.610068142414093,0.6788351535797119,0.589512288570404,0.7648876309394836,0.834353506565094,0.5548487901687622,0.6256016492843628,0.9448255896568298,0.8918114304542542,0.6592828631401062,0.9505329728126526,0.9339429140090942,0.4868400990962982,0.5218707323074341,0.755786657333374,0.9975127577781677,-0.25890660285949707,-0.40312713384628296,0.04721325635910034,0.2602007985115051,-0.020555853843688965,0.08605247735977173,0.24484121799468994,-0.21003884077072144,-0.2087518572807312,0.3899767994880676,0.26620978116989136,-0.28554272651672363,0.05872154235839844,0.27466005086898804,-0.46369287371635437,-0.41207218170166016,0.2689465582370758,0.47564202547073364,0.2417261004447937,-0.1442205309867859,0.3061198592185974,0.6633279323577881,-0.0677691102027893,-0.1741483211517334,0.2653970718383789,-0.29609131813049316,-0.45359307527542114,0.6000156402587891,0.47496163845062256,-0.6755195260047913,-0.20748823881149292,0.5602027773857117,-0.5224144458770752,-0.6867322325706482,0.7326394319534302,0.8877142071723938,-0.027220457792282104,-0.23391592502593994,0.33803921937942505,1.4044625759124756,0.020649002864956856,0.03887335956096649,0.8712390065193176,0.6354799270629883,1.3820898532867432,0.2626737356185913,0.4963535964488983,0.9660413861274719,0.4632644057273865,0.6861797571182251,0.39050158858299255,1.4012023210525513,0.19378483295440674,0.17045524716377258,0.5284030437469482,0.4514142572879791,0.17534346878528595,1.0664234161376953,-0.31739020347595215,-1.3655892610549927,0.8505899906158447,0.5966065526008606,0.5108508467674255,-0.372806191444397,-0.8857362270355225,0.7033676505088806,-0.03308919072151184,-0.2798616290092468,-0.07276281714439392,0.7150225639343262,-0.19671675562858582,-1.230747103691101,0.3346182107925415,0.28095901012420654,-0.3530595898628235,-0.276070773601532,-1.3838136196136475,-2.4320125579833984,1.1679801940917969,1.962195873260498,-0.3397391438484192,-0.9694127440452576,-1.3965871334075928,1.0761737823486328,0.852647066116333,-0.9832292795181274,-0.03967362642288208,0.994884192943573,-0.1239539384841919,-1.9457696676254272,0.5313349962234497,1.5117061138153076,-0.687677800655365,-0.5570297837257385,0.0769888162612915,19.00076675415039,12.553398132324219,8.847030639648438,11.351188659667969,16.256940841674805,28.5841121673584,33.57561111450195,23.714506149291992,35.313819885253906,35.15341567993164,37.22539138793945,46.8979377746582,28.045429229736328,28.55348014831543,30.63701057434082,16.89101791381836,12.792325019836426,18.908157348632812,35.37881851196289,-6.447368621826172,-10.153736114501953,-1.20220947265625,7.409910202026367,17.23292350769043,17.31867027282715,-4.869606018066406,1.7382087707519531,11.438909530639648,1.9115715026855469,11.744522094726562,-9.179962158203125,-18.344457626342773,2.591581344604492,-11.66246223449707,-17.844684600830078,2.017139434814453,22.58649444580078,16.470661163330078,-3.7063674926757812,5.245159149169922,17.56364631652832,18.43513298034668,9.908760070800781,-22.102529525756836,-15.580461502075195,16.308515548706055,0.17336273193359375,0.30561256408691406,-11.091533660888672,-30.088979721069336,11.771543502807617,6.681995391845703,-20.43626594543457,13.679601669311523,40.43117904663086,14.453521728515625,-6.115833282470703,0.0011309082619845867,0.0064360154792666435,-0.00036666792584583163,-0.0005564391030929983,0.0038839569315314293,-0.0007811285322532058,0.006062778644263744,-0.0005688313394784927,-0.0009917018469423056,-0.0005538482218980789,0.0003560181939974427,0.006196183618158102,0.0006069076480343938,0.00647878460586071,-0.0007856542943045497,-0.0007665093871764839,0.00021060393191874027,0.005531840492039919,0.00041053546010516584,0.005305107217282057,-0.0014975762460380793,-0.006992454640567303,0.004250624682754278,-0.0002246894291602075,0.002178821712732315,0.00021229719277471304,-0.007054480724036694,1.4983117580413818e-05,0.0013477200409397483,0.006750031840056181,0.00025088945403695107,0.0002826009877026081,-0.0013925619423389435,-0.007245293818414211,0.00099625822622329,0.00629834970459342,0.00019993152818642557,-0.005121305119246244,-0.00680268369615078,-0.012297561392188072,0.005748201161623001,0.006767765153199434,-0.002071802970021963,0.00043698662193492055,-0.009233302436769009,-0.00019731407519429922,0.008402200415730476,0.006735048722475767,-0.0010968305869027972,-0.006467430852353573,-0.0016434513963758945,-0.007527894806116819,0.0023888200521469116,0.013543643057346344,-0.0007963266689330339,-0.011419654823839664,-0.005321236792951822,-180065504.0,-110790016.0,-76422840.0,-102156160.0,-149154976.0,-287014464.0,-338042464.0,-235951136.0,-365018944.0,-352317600.0,-378594208.0,-498046528.0,-275776160.0,-277945408.0,-311315968.0,-155439504.0,-113979360.0,-174251632.0,-355084704.0,69275488.0,103642664.0,8633856.0,-72732136.0,-184858304.0,-188887488.0,51063328.0,-26976480.0,-116366464.0,-13575264.0,-145728928.0,102818048.0,220101120.0,-35539808.0,122505904.0,197336608.0,-18812128.0,-241105344.0,-180833072.0,34367176.0,-60641632.0,-176374800.0,-193492160.0,-116155352.0,235921632.0,161911008.0,-167429792.0,13401216.0,-29362464.0,116393312.0,365830048.0,-138357856.0,-97595216.0,232876416.0,-141318032.0,-438441952.0,-162020944.0,60272272.0,3.350109815597534,0.6920283436775208,0.28330856561660767,0.443996787071228,1.041283130645752,11.424881935119629,16.20894432067871,6.614510536193848,21.041610717773438,22.274011611938477,31.580293655395508,38.082523345947266,10.150359153747559,15.005720138549805,15.728947639465332,2.9734997749328613,1.9250268936157227,3.2944798469543457,35.30057144165039,-2.658081531524658,-3.0668013095855713,-0.24803155660629272,0.7579745650291443,10.98088550567627,15.167661666870117,-4.810371398925781,4.832666397094727,15.659501075744629,10.53868293762207,15.808511734008789,-21.429935455322266,-23.07680320739746,5.578588485717773,-12.032220840454102,-13.80392074584961,0.3209800720214844,33.375545501708984,32.0060920715332,-0.4087197780609131,2.4100499153137207,3.8247759342193604,11.228917121887207,14.409687042236328,-15.79125690460205,-10.33499526977539,20.469871520996094,5.706016540527344,0.14901065826416016,-31.968618392944336,-38.88531494140625,27.00852394104004,11.04458236694336,-19.382509231567383,12.353200912475586,47.179466247558594,31.68511199951172,-1.3694534301757812,0.04573192819952965,-0.037737004458904266,-0.023248571902513504,0.03384082764387131,0.15503358840942383,-0.10404295474290848,-0.10476058721542358,0.25581520795822144,-0.12308338284492493,-0.22551316022872925,0.2832782566547394,0.06422196328639984,-0.21350950002670288,0.1969284862279892,0.061210762709379196,-0.06817658245563507,0.01277882233262062,0.036032263189554214,0.07960216701030731,-0.08346892893314362,-0.06898050010204315,0.07157783210277557,0.17828215658664703,-0.13788378238677979,-0.2597941756248474,0.3598581552505493,-0.018322795629501343,-0.4813283681869507,0.4063616394996643,0.2897351384162903,-0.49678775668144226,0.13270652294158936,0.2747202515602112,-0.26510506868362427,-0.048431940376758575,0.10420884191989899,0.06682334840297699,0.0435699038207531,0.014488428831100464,0.1550467610359192,0.24726265668869019,-0.20946161448955536,-0.43807631731033325,0.4977419376373291,0.24147137999534607,-0.8411865234375,0.42468443512916565,0.771063506603241,-0.9031493663787842,-0.15702861547470093,0.771507978439331,-0.3978115916252136,-0.32315218448638916,0.36931389570236206,0.11525528877973557,-0.06063893809914589,-0.023253444582223892,0.8440098166465759,0.6857324242591858,0.577434241771698,0.6525684595108032,0.7218415141105652,1.0204570293426514,1.1087405681610107,0.798729419708252,1.1311386823654175,1.064109206199646,1.0452343225479126,1.3275337219238281,0.9393319487571716,0.9641912579536438,1.0709075927734375,0.7888599634170532,0.6960432529449463,0.8438220620155334,1.1474204063415527,-0.15827739238739014,-0.26657557487487793,-0.03316396474838257,0.1444072723388672,0.36788856983184814,0.38689905405044556,-0.22172760963439941,0.02239811420440674,0.26537978649139404,-0.08590435981750488,0.26342451572418213,-0.10590237379074097,-0.3633424639701843,0.13157564401626587,-0.17533129453659058,-0.3748643398284912,0.054962098598480225,0.45137715339660645,0.3035983443260193,-0.10829818248748779,0.12511342763900757,0.4109828472137451,0.4010525345802307,0.24249178171157837,-0.5896161794662476,-0.3645009398460388,0.48710739612579346,-0.10830247402191162,-0.001955270767211914,-0.019998013973236084,-0.6267669796943665,0.23747801780700684,0.18801116943359375,-0.5064399838447571,0.2302933931350708,0.8262414932250977,0.24863624572753906,-0.14777880907058716,0.7123525738716125,0.47022897005081177,0.33343029022216797,0.42584559321403503,0.5210551619529724,1.041332483291626,1.229305624961853,0.6379686594009399,1.2794747352600098,1.1323285102844238,1.0925147533416748,1.762345790863037,0.8823445439338684,0.9296647906303406,1.1468430757522583,0.6223000884056091,0.484476238489151,0.7120356559753418,1.3165735006332397,-0.24212360382080078,-0.3789222836494446,-0.04438337683677673,0.18762487173080444,0.6154868602752686,0.7082504630088806,-0.40336382389068604,0.05016911029815674,0.4943598508834839,-0.18695998191833496,0.6300172805786133,-0.2101702094078064,-0.8326810002326965,0.2644985318183899,-0.30736470222473145,-0.6623668670654297,0.08973556756973267,0.8320972919464111,0.604537844657898,-0.1367986798286438,0.19774022698402405,0.566547155380249,0.6598702669143677,0.5206255912780762,-1.0188506841659546,-0.6580813527107239,0.8977236747741699,-0.2371290922164917,0.1356574296951294,-0.023210227489471436,-1.462698221206665,0.4746687412261963,0.5253162980079651,-0.9268653988838196,0.3971002697944641,1.4944641590118408,0.5148022770881653,-0.22755944728851318,0.16428238153457642,-0.11123472452163696,-0.38216689229011536,-0.1072939857840538,-0.37532660365104675,-0.31822699308395386,0.1660783886909485,0.036581870168447495,-0.2743418514728546,-0.14730608463287354,0.056464001536369324,0.13498182594776154,0.12946701049804688,0.3001771867275238,0.36822813749313354,-0.44278424978256226,-0.7246196269989014,0.031180964782834053,-0.3868057429790497,-0.2755171060562134,-0.5464493036270142,0.00394073873758316,0.0068402886390686035,-0.21093299984931946,0.5414049625396729,0.35480886697769165,-0.4404202401638031,-0.18388795852661133,0.33080583810806274,0.2822878956794739,0.07300300896167755,0.16519536077976227,0.23876112699508667,-0.7429614067077637,-1.0928478240966797,0.47396522760391235,0.3378138840198517,-0.4179867208003998,-0.2709321975708008,0.27945783734321594,0.5532895922660828,-0.21487373113632202,0.5345646739006042,0.5657418966293335,-0.9818252325057983,-0.538696825504303,0.7712260484695435,0.4661758542060852,-0.2578028440475464,-0.11709253489971161,0.16575811803340912,-0.9081567525863647,-1.3316090106964111,1.2169265747070312,1.430661678314209,-0.8919519186019897,-0.7558006048202515,2.3973569869995117,2.1148340702056885,2.116790294647217,2.064889907836914,2.0871493816375732,2.177236318588257,2.5505807399749756,2.3905673027038574,2.2115468978881836,2.3307273387908936,2.908491849899292,2.2290844917297363,2.6040687561035156,2.4450395107269287,2.529672145843506,2.5021305084228516,3.2834179401397705,2.5637171268463135,3.3829190731048584,-0.28252291679382324,-0.2805666923522949,-0.049944162368774414,-0.029640913009643555,0.11234641075134277,0.46343135833740234,0.21333098411560059,-0.339033842086792,-0.05983996391296387,0.6969449520111084,-0.10164284706115723,-0.30442309379577637,0.21595501899719238,-0.07439661026000977,0.05709099769592285,0.7537457942962646,0.061586618423461914,0.09950113296508789,0.8192019462585449,0.0019562244415283203,0.23257875442504883,0.25092577934265137,0.1622905731201172,0.4930722713470459,0.10098457336425781,-0.8024652004241943,-0.27317094802856445,1.0359787940979004,-0.04180288314819336,-1.0013680458068848,0.3175978660583496,0.2300264835357666,-0.15886402130126953,0.8281424045562744,0.0044956207275390625,-0.6542446613311768,0.757615327835083,0.719700813293457,45.510684967041016,-38.35041046142578,-22.902978897094727,34.155086517333984,154.9589385986328,-103.62480926513672,-105.21922302246094,256.39520263671875,-122.60834503173828,-224.7455596923828,283.3482360839844,63.869361877441406,-213.50875854492188,196.29225158691406,61.50324630737305,-67.80079650878906,12.904115676879883,35.60318374633789,79.51448059082031,-83.86109924316406,-68.41366577148438,72.5054931640625,177.86192321777344,-137.77989196777344,-260.17816162109375,360.02001953125,-17.389122009277344,-481.1407470703125,405.9565734863281,288.61492919921875,-496.85699462890625,132.42288208007812,275.0119934082031,-264.0930480957031,-48.59912872314453,103.40397644042969,66.61036682128906,43.91129684448242,15.447433471679688,156.36659240722656,246.2755889892578,-210.28538513183594,-438.04010009765625,497.7999267578125,242.78903198242188,-841.1607666015625,423.345703125,769.7556762695312,-902.8135986328125,-156.19204711914062,771.8690185546875,-396.51593017578125,-323.6111145019531,367.49700927734375,115.2094955444336,-59.492679595947266,-22.69906997680664,0.10611025243997574,0.01621379517018795,0.050352852791547775,0.09728749096393585,0.5122107863426208,-0.1589827835559845,-0.20165729522705078,0.48317214846611023,-0.14430803060531616,-0.34035736322402954,0.44824475049972534,0.09818334877490997,-0.4190799295902252,0.29209738969802856,-0.02033275179564953,-0.09138745069503784,0.10499431192874908,0.04920961707830429,0.1995212733745575,-0.08989645540714264,-0.05575739964842796,0.08107369393110275,0.46185794472694397,-0.25627028942108154,-0.7138680815696716,0.6421549320220947,0.05734926462173462,-0.8235294818878174,0.5925527811050415,0.4385406970977783,-0.867324709892273,0.1939140409231186,0.39874717593193054,-0.3834848403930664,0.12532706558704376,0.14059707522392273,0.09452696144580841,0.1503116488456726,0.034139055758714676,0.1709701418876648,0.5176153182983398,-0.3373439908027649,-1.175726056098938,0.8984252214431763,0.7712173461914062,-1.465684413909912,0.5352035164833069,1.2620701789855957,-1.4598774909973145,-0.24462665617465973,1.2660719156265259,-0.5773988962173462,-0.2734200954437256,0.5240819454193115,-0.03080010414123535,0.009714573621749878,0.0557846873998642
-0.010203320533037186,-0.08186167478561401,0.1008051261305809,0.09332559257745743,0.05588778108358383,-0.22729302942752838,0.16474735736846924,0.1694030463695526,-0.2410946637392044,0.13942499458789825,0.18894009292125702,-0.039602864533662796,-0.03179609403014183,0.03993094339966774,-0.0395406074821949,-0.02386605553328991,-0.06097979471087456,0.13077189028263092,0.07202231138944626,-0.07165835797786713,0.11100845038890839,0.17518725991249084,-0.04491734504699707,-0.3206186294555664,0.1088595762848854,0.3966960906982422,-0.40584200620651245,-0.029978051781654358,0.4300347566604614,-0.17902785539627075,-0.22073619067668915,0.07953380793333054,-0.00774451345205307,-0.0637969970703125,-0.021439187228679657,0.15463794767856598,0.13300210237503052,-0.05874957889318466,0.1826668083667755,0.24684561789035797,-0.15592579543590546,-0.49580588936805725,0.15377691388130188,0.7173147201538086,-0.5147016048431396,-0.42667412757873535,0.8358767628669739,-0.1490498036146164,-0.6507709622383118,0.2585616707801819,0.21299168467521667,-0.14333081245422363,-0.013694673776626587,0.21843494474887848,0.15444129705429077,-0.21338751912117004,-0.19175168871879578,0.7420651912689209,0.6364254951477051,0.6382293701171875,0.7007231116294861,0.5745965242385864,0.6157524585723877,0.8189062476158142,0.8159148693084717,0.6158559918403625,0.5571854114532471,0.6637306213378906,0.7039073705673218,1.1290104389190674,1.3066892623901367,1.068083643913269,0.8361618518829346,0.7445095181465149,1.0665119886398315,1.1129026412963867,-0.10563969612121582,-0.1038358211517334,0.064297616481781,-0.06363284587860107,-0.08497065305709839,0.24430972337722778,0.20016241073608398,-0.20305025577545166,-0.2587294578552246,0.047874629497528076,0.1467219591140747,0.46527981758117676,0.6027818918228149,-0.06092679500579834,-0.47052741050720215,-0.32357412576675415,0.23035013675689697,0.3683931231498718,0.046390652656555176,0.0018038749694824219,0.16993731260299683,0.040202975273132324,-0.1492682695388794,0.30794256925582886,0.2851330637931824,-0.44735997915267944,-0.4588918685913086,0.25092488527297974,0.4054514169692993,0.4174051880836487,0.45605993270874023,-0.5262066125869751,-1.073309302330017,-0.2626473307609558,0.7008775472640991,0.691967248916626,-0.1839594841003418,-0.32200247049331665,2.590827703475952,1.3710650205612183,1.7149815559387207,1.8488895893096924,1.8488895893096924,1.5966572761535645,2.1506059169769287,2.1506059169769287,1.2437506914138794,1.698621153831482,1.751973271369934,1.7784757614135742,2.5057785511016846,2.814558506011963,2.814558506011963,2.071794033050537,1.6763579845428467,2.8263931274414062,2.8263931274414062,-1.2197626829147339,-0.8758461475372314,0.4778245687484741,0.13390803337097168,-0.25223231315612793,0.30171632766723633,0.5539486408233643,-0.9068552255630493,-0.4519847631454468,0.5082225799560547,0.07985460758209229,0.7538052797317505,1.0360827445983887,0.3087799549102783,-0.7427644729614258,-1.1382005214691162,0.7545990943908691,1.1500351428985596,0.0,0.34391653537750244,1.697587251663208,1.0097541809082031,-0.730056881904602,0.16780829429626465,0.8061809539794922,-1.2085715532302856,-1.005933403968811,1.415077805519104,0.5318393707275391,0.2455826997756958,0.9562281370162964,-0.44502532482147217,-1.7788472175598145,-1.4469804763793945,1.497363567352295,2.288235664367676,-0.7545990943908691,-1.1500351428985596,2.590827703475952,1.871602177619934,2.1576778888702393,2.1784842014312744,2.1784842014312744,2.041098117828369,2.1506059169769287,2.1506059169769287,1.8494033813476562,1.698621153831482,1.9140394926071167,1.9140394926071167,3.630638599395752,3.630638599395752,2.9531478881835938,2.6269402503967285,1.8479232788085938,2.9193310737609863,2.9193310737609863,-0.7192255258560181,-0.4331498146057129,0.30688202381134033,0.020806312561035156,-0.13738608360290527,-0.027878284454345703,0.10950779914855957,-0.30120253562927246,-0.4519847631454468,0.06463611125946045,0.21541833877563477,1.7165991067886353,1.7165991067886353,-0.6774907112121582,-1.0036983489990234,-1.105224609375,0.2923908233642578,1.0714077949523926,0.0,0.2860757112503052,1.0261075496673584,0.45395612716674805,-0.4442681074142456,-0.04868459701538086,0.24689388275146484,-0.27332425117492676,-0.5614925622940063,0.3658386468887329,0.6674031019210815,1.6519629955291748,1.5011807680130005,-2.394089698791504,-2.720297336578369,-0.4277338981628418,1.2960891723632812,2.1766324043273926,-0.2923908233642578,-1.0714077949523926,-2.3524482250213623,-1.871602177619934,-2.1576778888702393,-2.1784842014312744,-2.1784842014312744,-2.041098117828369,-2.041098117828369,-1.8494033813476562,-1.8494033813476562,-1.2937668561935425,-1.9140394926071167,-1.9140394926071167,-3.630638599395752,-3.630638599395752,-2.9531478881835938,-2.6269402503967285,-1.8479232788085938,-2.9193310737609863,-2.9193310737609863,0.4808460474014282,0.19477033615112305,-0.30688202381134033,-0.020806312561035156,0.13738608360290527,0.13738608360290527,0.1916947364807129,0.1916947364807129,0.5556365251541138,-0.06463611125946045,-0.6202726364135742,-1.7165991067886353,-1.7165991067886353,0.6774907112121582,1.0036983489990234,1.105224609375,-0.2923908233642578,-1.0714077949523926,0.0,-0.2860757112503052,-0.7877280712127686,-0.2155766487121582,0.4442681074142456,0.15819239616394043,0.05430865287780762,0.05430865287780762,0.3639417886734009,-0.25633084774017334,-1.175909161567688,-1.6519629955291748,-1.096326470375061,2.394089698791504,2.720297336578369,0.4277338981628418,-1.2960891723632812,-2.1766324043273926,0.2923908233642578,1.0714077949523926,0.0020923386327922344,0.0020923386327922344,0.0016843886114656925,0.0016843886114656925,0.000268780451733619,0.000268780451733619,0.0005357877817004919,0.004227055236697197,0.004044019617140293,0.0011363220401108265,0.0011363220401108265,0.0006803317228332162,0.0006803317228332162,0.006426926702260971,0.00995261874049902,0.0010780501179397106,0.0010780501179397106,0.0011083085555583239,0.0,0.0,-0.0004079500213265419,-0.0004079500213265419,-0.0014156082179397345,-0.0014156082179397345,0.00026700732996687293,0.003958274610340595,0.003508231835439801,-0.0030907331965863705,-0.0029076975770294666,-0.0004559903172776103,-0.0004559903172776103,0.005746595095843077,0.009272286668419838,-0.0053488765843212605,-0.008874569088220596,3.0258437618613243e-05,-0.0010780501179397106,-0.0011083085555583239,-0.0004079500213265419,-0.0004079500213265419,-0.0010076581966131926,-0.0010076581966131926,0.0016826156061142683,0.005373883061110973,0.0032412244472652674,-0.007049007806926966,-0.0064159296452999115,0.0026347427628934383,0.0024517071433365345,0.006202585529536009,0.00972827710211277,-0.011095471680164337,-0.018146855756640434,0.00537913478910923,0.007796518970280886,-0.001138566993176937,-3.0258437618613243e-05,0.23837947845458984,-0.5005371570587158,-0.44269633293151855,-0.32959461212158203,-0.32959461212158203,-0.4444408416748047,0.10950779914855957,0.30120253562927246,-0.6056526899337769,0.40485429763793945,-0.16206622123718262,-0.13556373119354248,-1.1248600482940674,-0.8160800933837891,-0.13858938217163086,-0.5551462173461914,-0.17156529426574707,-0.09293794631958008,-0.09293794631958008,-0.7389166355133057,-0.6810758113861084,0.1709425449371338,0.11310172080993652,-0.11484622955322266,0.4391024112701416,0.7456433773040771,-0.7151604890823364,0.10365176200866699,0.44358646869659424,-0.5404180288314819,-0.9627938270568848,-0.6805163621902466,0.9862706661224365,0.26093387603759766,-0.03297591209411621,0.46220827102661133,0.07862734794616699,0.0,0.057840824127197266,0.9098591804504395,0.7941775321960449,-0.28578877449035645,0.3260006904602051,0.8604896068572998,-1.154262900352478,-0.6419916152954102,1.1587469577789307,-0.6440697908401489,-1.406380295753479,-0.14009833335876465,1.9490644931793213,0.9414502382278442,-1.0192465782165527,0.20127439498901367,0.1116032600402832,-0.46220827102661133,-0.07862734794616699,4.9432759284973145,3.2426671981811523,3.87265944480896,4.027373790740967,4.027373790740967,3.6377553939819336,4.191703796386719,4.000009536743164,3.093153953552246,2.9923880100250244,3.666012763977051,3.6925153732299805,6.136417388916016,6.445197105407715,5.767706394195557,4.698734283447266,3.5242812633514404,5.745724201202393,5.745724201202393,-1.700608730316162,-1.0706164836883545,0.7847065925598145,0.15471434593200684,-0.3896183967590332,0.16433000564575195,0.36225414276123047,-1.0985498428344727,-1.0076215267181396,0.5728588104248047,0.700127363204956,2.470404624938965,2.7526817321777344,-0.368710994720459,-1.7464628219604492,-2.243425130844116,1.046989917755127,2.221442937850952,0.0,0.6299922466278076,2.4853153228759766,1.2253308296203613,-1.1743249893188477,0.009615659713745117,0.7518725395202637,-1.2628798484802246,-1.3698756694793701,1.6714086532592773,1.7077488899230957,1.8975458145141602,2.0525543689727783,-2.839115619659424,-4.499144554138184,-1.8747141361236572,2.793452739715576,4.464868068695068,-1.046989917755127,-2.221442937850952,0.9379786252975464,0.5527206659317017,0.6853683590888977,0.7039958834648132,0.7611280679702759,0.6423531770706177,0.7665895819664001,0.7729870676994324,0.5065373182296753,0.7211307287216187,0.6872328519821167,0.6832930445671082,0.752400279045105,0.790168821811676,0.8674337267875671,0.7191421985626221,0.6221641898155212,0.8832499384880066,0.8631220459938049,-0.3852579593658447,-0.2526102662086487,0.15127521753311157,0.07575970888137817,-0.06164270639419556,0.005461513996124268,0.1306338906288147,-0.26005226373672485,-0.05185633897781372,0.1806955337524414,-0.0378376841545105,0.06516742706298828,0.10687577724456787,0.11503344774246216,-0.07102662324905396,-0.2452695369720459,0.16410773992538452,0.2409578561782837,-0.02012789249420166,0.13264769315719604,0.5365331768989563,0.32836997509002686,-0.21291792392730713,-0.0702981948852539,0.19227659702301025,-0.2655137777328491,-0.18249022960662842,0.44074779748916626,0.014018654823303223,-0.11552810668945312,0.14471346139907837,0.04986602067947388,-0.17790240049362183,-0.36030298471450806,0.23513436317443848,0.4862273931503296,-0.18423563241958618,-0.26108574867248535,2.3524482250213623,0.5829373598098755,1.148661732673645,0.36760008335113525,2.1784842014312744,0.7951491475105286,0.8217393755912781,0.23007133603096008,1.0712215900421143,1.2937668561935425,0.6037305593490601,0.06646030396223068,0.7427141070365906,0.7147906422615051,0.04567777365446091,1.1377075910568237,0.4377433657646179,0.35295939445495605,1.35115385055542,-1.7695108652114868,-1.2037864923477173,-0.21533727645874023,1.0298224687576294,0.4275490641593933,-1.3567447662353516,-0.5650777816772461,0.24948221445083618,1.0636955499649048,-0.4674910306930542,-1.227306604385376,0.13898354768753052,0.6483303308486938,-0.6970363259315491,0.4229169487953186,0.3920655846595764,-0.7847481966018677,0.913410484790802,0.9981944561004639,0.5657243728637695,1.5541735887527466,2.2336089611053467,0.6428863406181335,-2.3865671157836914,-0.9926268458366394,1.606226921081543,1.6287733316421509,-0.7169732451438904,-2.2910022735595703,0.6064745783805847,1.8756369352340698,-0.8360198736190796,-0.22541338205337524,1.0891019105911255,-1.207665205001831,0.5213449001312256,1.7829426527023315,0.08478397130966187,24.029932022094727,15.630742073059082,16.184965133666992,19.6396427154541,14.37418270111084,15.758735656738281,25.57183265686035,24.7357234954834,15.005755424499512,12.7086763381958,17.436708450317383,18.946714401245117,50.786136627197266,66.45562744140625,45.75788879394531,28.437889099121094,21.757915496826172,43.2878532409668,47.46915817260742,-8.399189949035645,-7.844966888427734,4.0089006423950195,-1.8107824325561523,-3.8809070587158203,11.197649955749512,8.976987838745117,-10.56607723236084,-12.027047157287598,2.430953025817871,6.238038063049316,33.34942626953125,47.5089111328125,-5.028247833251953,-38.017738342285156,-23.99997329711914,14.849964141845703,25.71124267578125,4.181304931640625,0.5542230606079102,12.408090591430664,6.034184455871582,-7.88980770111084,13.008432388305664,12.857894897460938,-21.76372718811035,-21.00403594970703,12.997030258178711,18.265085220336914,30.918472290039062,41.2708740234375,-38.3776741027832,-85.52664947509766,-18.971725463867188,52.86770248413086,49.71121597290039,-10.668659210205078,-21.529937744140625,0.020242830738425255,0.0030836956575512886,0.018488718196749687,0.001031452207826078,0.013594016432762146,0.0006065542111173272,-0.00010273513908032328,0.007319388445466757,0.0019026420777663589,0.005891879089176655,0.0017898106016218662,0.0017724590143188834,-0.0006690013688057661,0.0026939406525343657,-0.000579497660510242,0.0011947696330025792,0.006597170606255531,0.01891116425395012,0.006328228395432234,-0.01715913414955139,-0.0017541125416755676,-0.002052243333309889,-0.004894701763987541,-0.0004248979967087507,-0.013696751557290554,0.0067128343507647514,0.0020053773187100887,-0.001427509356290102,-0.00011283147614449263,-0.00411941995844245,-0.0024588119704276323,0.0009214816382154822,8.950370829552412e-05,-0.0014991710195317864,0.007176668383181095,0.01771639473736286,-0.0002689422108232975,-0.012582935392856598,0.015405021607875824,0.015106890350580215,-0.0031405892223119736,0.0016273453366011381,-0.008802049793303013,0.007137732580304146,0.015702128410339355,-0.00814034417271614,-0.002118208911269903,-0.0026919106021523476,-0.0023459806106984615,0.005040901713073254,0.0025483155623078346,-0.0024206526577472687,0.007087164558470249,0.01921556517481804,-0.007445610594004393,-0.03029933013021946,-0.012313993647694588,-237333360.0,-143956224.0,-149035696.0,-182056688.0,-126843576.0,-142584512.0,-253591808.0,-254769872.0,-139844352.0,-115404080.0,-162884464.0,-181818416.0,-534019232.0,-719165056.0,-486560864.0,-276018880.0,-207850848.0,-432352896.0,-486708672.0,93377136.0,88297664.0,-38100464.0,22192120.0,39472176.0,-126748232.0,-112185360.0,113747456.0,139365792.0,-23040112.0,-66414336.0,-371134784.0,-537346624.0,47458368.0,443146176.0,278710016.0,-156334016.0,-278857824.0,-54355776.0,-5079472.0,-131477600.0,-66105544.0,77572640.0,-148940352.0,-151657536.0,240495680.0,251551152.0,-136787568.0,-205780128.0,-348094656.0,-470932288.0,418593152.0,980492800.0,231251648.0,-599480192.0,-557567872.0,101978240.0,224502048.0,13.85361385345459,1.9082313776016235,2.5616931915283203,4.107146263122559,2.53851318359375,2.529130697250366,5.746438026428223,4.750431537628174,1.4884816408157349,0.9686194062232971,2.340599298477173,2.548030138015747,78.44158935546875,108.36259460449219,41.2349739074707,11.414791107177734,3.264625072479248,34.79500961303711,38.866790771484375,-11.945382118225098,-11.29192066192627,2.1989150047302246,-0.023180007934570312,-1.5780155658721924,3.2079248428344727,2.2213008403778076,-4.257956504821777,-3.7818121910095215,0.852117657661438,1.5794107913970947,76.10099029541016,105.81456756591797,-37.20661544799805,-96.94779968261719,-37.9703483581543,23.380218505859375,35.60216522216797,4.071781158447266,0.6534614562988281,14.144296646118164,11.2687406539917,-3.776930570602417,3.231104850769043,3.79931640625,-7.46588134765625,-6.00311279296875,5.110074043273926,5.361223220825195,75.24887084960938,104.23515319824219,-113.30760192871094,-202.76235961914062,-0.76373291015625,120.32801818847656,73.572509765625,-19.30843734741211,-31.530384063720703,-0.0034012719988822937,-0.04058527201414108,0.052257295697927475,0.046525824815034866,0.028701307252049446,-0.114325150847435,0.08174873143434525,0.0858595073223114,-0.12128385156393051,0.07063324749469757,0.09468749910593033,-0.019615724682807922,-0.016420820727944374,0.019845910370349884,-0.0200963094830513,-0.012383339926600456,-0.030105026438832283,0.06709592044353485,0.036830782890319824,-0.03718400001525879,0.05565856769680977,0.08711110055446625,-0.02355598844587803,-0.16085097193717957,0.05304742604494095,0.2001846581697464,-0.20303258299827576,-0.01522625982761383,0.21597135066986084,-0.0902489721775055,-0.11110831797122955,0.039461635053157806,-0.003675488755106926,-0.03222925215959549,-0.010008716955780983,0.07947926223278046,0.06693580746650696,-0.030265137553215027,0.09284256398677826,0.12429510056972504,-0.07921455800533295,-0.2479620724916458,0.07660341262817383,0.36103564500808716,-0.2560800015926361,-0.21541091799736023,0.4190039336681366,-0.07502271234989166,-0.3270796537399292,0.1297106146812439,0.10743282735347748,-0.0716908872127533,-0.006333228200674057,0.11170851439237595,0.07694452255964279,-0.10974439978599548,-0.09720094501972198,0.9545732140541077,0.7655509114265442,0.7769294381141663,0.8579567670822144,0.7362060546875,0.7388308048248291,0.9708731174468994,0.9535863995552063,0.7147291302680969,0.6800643801689148,0.790887176990509,0.8467387557029724,1.3874472379684448,1.5870343446731567,1.3167247772216797,1.038225531578064,0.9063248038291931,1.274566411972046,1.3397876024246216,-0.18902230262756348,-0.1776437759399414,0.09240585565567017,-0.04072338342666626,-0.11912596225738525,0.23466706275939941,0.2147555947303772,-0.2561439871788025,-0.2735220193862915,0.07615804672241211,0.16667437553405762,0.5965600609779358,0.7402955889701843,-0.07072246074676514,-0.5488088130950928,-0.4103999733924866,0.23634088039398193,0.43346279859542847,0.06522119045257568,0.01137852668762207,0.28142815828323364,0.13692039251327515,-0.21153181791305542,0.2753904461860657,0.33388155698776245,-0.4908110499382019,-0.4882776141166687,0.3323020339012146,0.4401963949203491,0.5204020142555237,0.5736212134361267,-0.6672825217247009,-1.2891044616699219,-0.33967751264572144,0.7851496934890747,0.843862771987915,-0.17111968994140625,-0.3682416081428528,0.9112100005149841,0.5860681533813477,0.6036193370819092,0.736089825630188,0.541999340057373,0.5458709597587585,0.942594587802887,0.9093270301818848,0.510837733745575,0.4624875783920288,0.6255025267601013,0.7169665098190308,1.9250099658966064,2.5186781883239746,1.7337642908096313,1.0779122114181519,0.821424663066864,1.6245195865631104,1.7950308322906494,-0.3251418471336365,-0.30759066343307495,0.15002167224884033,-0.06161999702453613,-0.19021886587142944,0.4005952477455139,0.3634560704231262,-0.431756854057312,-0.44683945178985596,0.11466479301452637,0.25447893142700195,1.2995073795318604,1.8017116785049438,-0.1912456750869751,-1.4407659769058228,-0.9123396277427673,0.5466073751449585,0.9736061692237854,0.17051124572753906,0.017551183700561523,0.4751635193824768,0.24597066640853882,-0.3402405381202698,0.46221524477005005,0.5536749362945557,-0.8323521018028259,-0.8102955222129822,0.5464216470718384,0.7013183832168579,1.184842586517334,1.547232747077942,-1.4907530546188354,-3.2424776554107666,-0.7210939526557922,1.9873733520507812,1.8859457969665527,-0.37609612941741943,-0.8030949234962463,0.5681337118148804,-0.2980799973011017,-0.48690131306648254,-0.3443760573863983,-0.2951403260231018,-0.09598293155431747,-0.10905379801988602,-0.10422349721193314,0.03279534727334976,0.19046978652477264,-0.2967934012413025,0.053412988781929016,-0.383572518825531,-0.4878261089324951,-0.138618603348732,-0.018677575513720512,-0.1065479964017868,0.04336307942867279,-0.02065346948802471,-0.8662136793136597,-1.0550349950790405,-0.04629606008529663,0.19176098704338074,0.24839311838150024,0.1860865354537964,-0.008240565657615662,0.14184914529323578,0.2946932911872864,-0.32958874106407166,-0.13705679774284363,-0.08677911758422852,-0.5412390828132629,0.244953915476799,0.46914854645729065,0.03207060694694519,0.06204065680503845,0.08589452505111694,-0.06401655077934265,-0.18882131576538086,0.819917619228363,1.2467960119247437,0.2946891784667969,-0.005674451589584351,-0.2566336989402771,-0.04423739016056061,0.30293387174606323,-0.47143787145614624,-0.43175008893013,0.24280962347984314,-0.4041822850704193,0.3317330479621887,1.010387659072876,-0.21288330852985382,-0.4071078896522522,0.05382391810417175,-0.1260572075843811,-0.1499110758304596,3.527484655380249,2.353851795196533,2.95662522315979,2.8019838333129883,3.343830108642578,2.7379863262176514,2.2390735149383545,2.120237350463867,2.3479175567626953,2.340632200241089,2.6748592853546143,2.274843454360962,2.6932642459869385,2.3304717540740967,2.4511866569519043,2.590270757675171,2.160475254058838,2.342294692993164,2.240302562713623,-1.1736328601837158,-0.570859432220459,0.4481320381164551,0.3872048854827881,-0.06399750709533691,-1.1047565937042236,-0.6177489757537842,0.10884404182434082,0.22039484977722168,0.32694172859191895,-0.06578874588012695,0.01840496063232422,0.055628299713134766,-0.24207758903503418,0.2597990036010742,-0.2907114028930664,-0.24797606468200684,0.07982730865478516,-0.10199213027954102,0.6027734279632568,1.621764898300171,0.9580643177032471,-0.512129545211792,-1.4919614791870117,-0.5537514686584473,1.2136006355285645,0.8381438255310059,0.21809768676757812,-0.28618359565734863,-0.3085367679595947,0.12141704559326172,-0.2604825496673584,0.20417070388793945,-0.04863381385803223,-0.507775068283081,0.37053871154785156,0.14598393440246582,-0.18181943893432617,-5.122066974639893,-41.09456253051758,50.60417175292969,46.849449157714844,28.055665969848633,-114.1010971069336,82.70317077636719,85.04032897949219,-121.0295181274414,69.99134826660156,94.8479232788086,-19.880638122558594,-15.961639404296875,20.045333862304688,-19.849384307861328,-11.980759620666504,-30.61185646057129,65.64749145507812,36.15520095825195,-35.972496032714844,55.72623825073242,87.94401550292969,-22.548505783081055,-160.95054626464844,54.64750671386719,199.14141845703125,-203.73269653320312,-15.048980712890625,215.87744140625,-89.87198638916016,-110.80956268310547,39.92597198486328,-3.887744903564453,-32.026092529296875,-10.762472152709961,77.62825012207031,66.76705932617188,-29.492290496826172,91.69873046875,123.91651153564453,-78.27474212646484,-248.89456176757812,77.19601440429688,360.09197998046875,-258.38018798828125,-214.19039916992188,419.6101379394531,-74.82300567626953,-326.68701171875,129.79795837402344,106.92181396484375,-71.95206451416016,-6.874727249145508,109.65434265136719,77.52953338623047,-107.12054443359375,-96.25935363769531,-0.050812430679798126,6.058020517230034e-05,0.13621270656585693,0.14019060134887695,0.11845001578330994,-0.1787889450788498,0.16661816835403442,0.20584718883037567,-0.2619335949420929,0.05419057607650757,0.18867620825767517,-0.1292540729045868,-0.09882670640945435,0.34806352853775024,0.1517396867275238,-0.05753118544816971,-0.05135832726955414,0.0753825306892395,0.08147189766168594,0.050873011350631714,0.18702512979507446,0.14013002812862396,-0.017762690782546997,-0.31897956132888794,0.04816815257072449,0.38463613390922546,-0.4285517632961273,-0.1516566127538681,0.45060980319976807,-0.18344464898109436,-0.2875029146671295,0.47731760144233704,0.25056639313697815,-0.40559470653533936,-0.20309801399707794,0.1329137086868286,0.13283023238182068,0.006089366972446442,0.13615211844444275,0.08925701677799225,-0.20478782057762146,-0.4591096043586731,0.06593084335327148,0.703615665435791,-0.4767199158668518,-0.5362927317619324,0.8791615962982178,-0.03178803622722626,-0.7381126880645752,0.6607622504234314,0.5380693078041077,-0.882912278175354,-0.4536644220352173,0.538508415222168,0.3359282612800598,-0.12682434916496277,-0.12674087285995483
-0.058069050312042236,-0.18420228362083435,0.0985398069024086,0.11505232006311417,-0.2043684720993042,-0.04515935480594635,0.17718571424484253,-0.057871703058481216,-0.2148415893316269,-0.1311551183462143,0.25553542375564575,-0.11090116202831268,-0.20371349155902863,0.1728954166173935,0.033435869961977005,0.016680628061294556,-0.21441565454006195,0.0455339141190052,0.061518438160419464,-0.12613323330879211,0.15660884976387024,0.2992545962333679,-0.3029082715511322,-0.1602116823196411,0.38155418634414673,-0.012712348252534866,-0.3920273184776306,-0.07328341901302338,0.47037702798843384,0.02025395631790161,-0.4592489004135132,0.2837965786457062,0.23714935779571533,-0.15621478855609894,-0.24785152077674866,0.028853286057710648,0.275934100151062,0.01598452404141426,0.28274208307266235,0.42538782954216003,-0.45951712131500244,-0.45946627855300903,0.6844624280929565,0.14749933779239655,-0.7735815048217773,-0.06057107076048851,0.8624043464660645,0.09353737533092499,-0.929625928401947,0.26354262232780457,0.6963982582092285,-0.4400113821029663,-0.485000878572464,0.1850680708885193,0.5237855911254883,-0.012868762016296387,-0.25994956493377686,1.2483397722244263,1.104509949684143,0.5895832777023315,0.8211607336997986,1.0905665159225464,0.9879572987556458,0.8095133304595947,0.7897917032241821,0.8025026321411133,0.7285124063491821,0.6490055322647095,0.7550635933876038,0.7166322469711304,0.5580694675445557,0.5954381823539734,0.5575081706047058,0.6649318337440491,0.8727096915245056,0.7796031832695007,-0.1438298225402832,-0.6587564945220947,-0.2833492159843445,0.5009832382202148,0.16679656505584717,-0.28105318546295166,-0.19816559553146362,-0.007010698318481445,-0.061279296875,-0.1534970998764038,0.02655118703842163,0.0676267147064209,-0.1969941258430481,-0.12119406461715698,-0.0005612969398498535,0.06949365139007568,0.3152015209197998,0.11467134952545166,-0.09310650825500488,-0.5149266719818115,-0.13951939344406128,1.1597397327423096,0.45014578104019165,-0.7820364236831665,-0.3649621605873108,0.2740424871444702,0.13688629865646362,-0.14648640155792236,0.08783048391342163,0.2211238145828247,-0.22354531288146973,-0.18882077932357788,0.19643282890319824,0.19068771600723267,0.31576281785964966,0.04517769813537598,-0.4083080291748047,-0.20777785778045654,4.0130615234375,4.0130615234375,2.265157461166382,3.4468305110931396,3.577450752258301,3.577450752258301,2.5136163234710693,2.086106538772583,1.667388916015625,2.236123561859131,2.3072450160980225,2.3072450160980225,1.8540064096450806,1.8540064096450806,1.8085451126098633,1.5543826818466187,1.369106650352478,2.6262478828430176,2.6262478828430176,0.0,-1.7479040622711182,-0.5662310123443604,1.312293291091919,0.13062024116516113,-1.0638344287872314,-1.4913442134857178,-0.8462274074554443,0.15001702308654785,0.6398561000823975,0.0711214542388916,-0.4532386064529419,-0.4532386064529419,-0.045461297035217285,-0.2996237277984619,-0.43943846225738525,1.071865200996399,1.2571412324905396,0.0,-1.7479040622711182,-0.5662310123443604,3.060197353363037,0.6968512535095215,-2.3761277198791504,-1.621964454650879,0.2176070213317871,1.6413612365722656,1.4860835075378418,-0.07889556884765625,-1.0930947065353394,-0.5243600606918335,0.4077773094177246,0.15361487865447998,-0.39397716522216797,1.3714889287948608,1.6965796947479248,-1.071865200996399,-1.2571412324905396,7.079586982727051,7.079586982727051,2.265157461166382,3.4468305110931396,3.577450752258301,3.577450752258301,3.0243043899536133,2.3267064094543457,2.642333507537842,2.642333507537842,2.3072450160980225,2.3072450160980225,2.2975072860717773,1.9122469425201416,2.1346518993377686,2.1346518993377686,3.1247341632843018,3.1247341632843018,2.6262478828430176,0.0,-4.81442928314209,-3.632756471633911,1.312293291091919,0.13062024116516113,-0.5531463623046875,-1.250744342803955,-0.3819708824157715,0.3156270980834961,-0.33508849143981934,-0.33508849143981934,-0.009737730026245117,-0.39499807357788086,-0.1628553867340088,0.22240495681762695,0.9900822639465332,0.9900822639465332,-0.4984862804412842,-0.4984862804412842,-4.81442928314209,-3.632756471633911,6.12672233581543,3.7633767127990723,-1.8654396533966064,-1.3813645839691162,0.17117547988891602,1.5663714408874512,0.04688239097595215,-0.6507155895233154,0.3253507614135742,-0.05990958213806152,-0.15311765670776367,0.6174030303955078,1.152937650680542,0.7676773071289062,-1.4885685443878174,-1.4885685443878174,0.0,-7.079586982727051,-7.079586982727051,-1.5243520736694336,-3.0967113971710205,-3.1471590995788574,-3.1471590995788574,-3.0243043899536133,-2.3267064094543457,-2.642333507537842,-2.642333507537842,-2.142080068588257,-2.2975072860717773,-2.2975072860717773,-1.9122469425201416,-2.1346518993377686,-2.1346518993377686,-3.1247341632843018,-3.1247341632843018,-1.6908917427062988,0.0,5.555234909057617,3.9828755855560303,-1.6228070259094238,-0.050447702407836914,0.12285470962524414,0.8204526901245117,0.3819708824157715,-0.3156270980834961,0.500253438949585,0.34482622146606445,-0.1554272174835205,0.38526034355163574,0.1628553867340088,-0.22240495681762695,-0.9900822639465332,-0.9900822639465332,1.433842420578003,1.433842420578003,5.555234909057617,3.9828755855560303,-7.178041934967041,-4.033323287963867,1.745661735534668,0.8709003925323486,0.25911617279052734,-1.1360797882080078,0.11828255653381348,0.6604533195495605,-0.6556806564331055,0.04043412208557129,0.3182826042175293,-0.6076653003692627,-1.152937650680542,-0.7676773071289062,2.423924684524536,2.423924684524536,0.0,0.007214553654193878,0.004601082298904657,0.0012137857265770435,0.0012137857265770435,0.0013317959383130074,0.004972933791577816,0.004097201861441135,0.00252332491800189,0.00252332491800189,5.827483255416155e-05,5.827483255416155e-05,0.0025186233688145876,0.005344440694898367,0.0004023308283649385,0.0004023308283649385,0.0026367707177996635,0.005964047275483608,0.007279319688677788,0.0,-0.002613471355289221,-0.006000767927616835,-0.003387296572327614,0.00011801021173596382,0.0037591480650007725,0.002765405923128128,-0.002449608873575926,-0.0015738769434392452,-0.0024650502018630505,-0.0024650502018630505,0.0024603484198451042,0.005286165978759527,-0.002116292482241988,-0.0049421098083257675,0.002234439831227064,0.005561716388911009,0.004642548970878124,-0.005964047275483608,-0.007279319688677788,-0.003387296572327614,-0.000773825217038393,0.0061187781393527985,0.007146444637328386,0.0026473957113921642,-0.006208756938576698,-0.004339282866567373,-1.5441328287124634e-05,-0.0008911732584238052,0.004925398621708155,0.007751216180622578,-0.004576641134917736,-0.010228276252746582,0.004350732080638409,0.010503826662898064,0.00240810913965106,-0.01152576319873333,-0.011921868659555912,-0.0013152724131941795,-3.066525459289551,-3.066525459289551,0.7408053874969482,0.35011911392211914,0.43029165267944336,0.43029165267944336,-0.510688066482544,-0.2405998706817627,-0.9749445915222168,-0.40620994567871094,0.16516494750976562,0.009737730026245117,-0.4435008764266968,-0.058240532875061035,-0.3261067867279053,-0.5802692174911499,-1.7556275129318237,-0.4984862804412842,0.9353561401367188,0.0,3.807330846786499,3.41664457321167,-0.3105137348175049,0.08017253875732422,-0.9409797191619873,-0.670891523361206,-0.46425652503967285,-0.16561007499694824,1.1401095390319824,0.41594767570495605,-0.6086658239364624,-0.06797826290130615,0.1173940896987915,-0.5220286846160889,-1.4295207262039185,0.08178293704986572,2.690983772277832,1.433842420578003,3.807330846786499,3.41664457321167,-4.117844581604004,-3.3364720344543457,-0.6304659843444824,-0.7510640621185303,0.47672319412231445,0.5052814483642578,1.6043660640716553,0.5815577507019043,-1.7487753629684448,-0.4839259386062622,0.7260599136352539,-0.4540504217147827,-1.54691481590271,0.6038116216659546,4.120504379272461,1.3520594835281372,-1.257141351699829,11.09264850616455,11.09264850616455,3.7895095348358154,6.54354190826416,6.724609851837158,6.724609851837158,5.537920951843262,4.412813186645508,4.309722423553467,4.878457069396973,4.449325084686279,4.604752540588379,4.151513576507568,3.7662534713745117,3.943197011947632,3.6890344619750977,4.49384069442749,5.750982284545898,4.317139625549316,0.0,-7.303138732910156,-4.549106597900391,2.9351003170013428,0.18106794357299805,-1.1866888999938965,-2.3117966651916504,-1.228198528289795,0.46564388275146484,0.1396026611328125,-0.27370452880859375,-0.29781150817871094,-0.8384990692138672,-0.20831656455993652,-0.07721900939941406,0.5506436824798584,2.061947822570801,-0.17670106887817383,-1.433842658996582,-7.303138732910156,-4.549106597900391,10.238239288330078,4.730174541473389,-4.12178897857666,-2.4928646087646484,-0.04150962829589844,2.7774405479431152,1.3678011894226074,-0.7393484115600586,-0.43741416931152344,-0.5647945404052734,0.08949494361877441,0.7612800598144531,0.7589602470397949,2.139166831970215,-0.7273447513580322,-3.495790481567383,-1.2571415901184082,1.0639429092407227,1.0951176881790161,0.9219505190849304,1.1690462827682495,1.0905770063400269,1.1445330381393433,0.8795425891876221,0.7582179307937622,0.6014519929885864,0.8163433074951172,0.8908588886260986,0.8462073802947998,0.6900019645690918,0.7773049473762512,0.737128496170044,0.6524468660354614,0.5263962745666504,0.9061464667320251,0.9575755596160889,0.031174778938293457,-0.14199239015579224,0.0739285945892334,0.16862648725509644,-0.02451324462890625,-0.21103441715240479,-0.38631510734558105,-0.27809059619903564,0.05812537670135498,0.2894068956375122,0.029864072799682617,-0.20085692405700684,-0.06890243291854858,0.04712653160095215,-0.1248580813407898,-0.21073222160339355,0.2536996006965637,0.4311792850494385,0.05142909288406372,-0.1731671690940857,0.04275381565093994,0.31061887741088867,-0.09844183921813965,-0.3796609044075012,-0.3618018627166748,-0.06705617904663086,0.44444048404693604,0.5674974918365479,-0.028261303901672363,-0.49026381969451904,-0.0987665057182312,0.24798345565795898,-0.05595564842224121,-0.2578587532043457,0.3785576820373535,0.641911506652832,-0.2022705078125,-0.37975019216537476,0.21271073818206787,0.07285819202661514,1.2778687477111816,0.43996956944465637,0.3865511417388916,1.4149657487869263,3.0243043899536133,0.7621925473213196,0.09411606192588806,0.8723962903022766,0.2742736041545868,0.6382442712783813,0.1302771419286728,0.04111618548631668,0.5877167582511902,2.03631591796875,0.81258225440979,0.1980047971010208,1.3035552501678467,-0.13985255360603333,1.0651580095291138,0.3671113848686218,-0.89131760597229,0.9749962091445923,2.6377532482147217,-0.6527732014656067,-2.9301884174346924,0.11020374298095703,0.18015754222869873,-0.23415201902389526,-0.143996462225914,-0.5971280932426453,0.4574396014213562,1.9951996803283691,0.22486549615859985,-1.8383110761642456,0.49097299575805664,1.1055504083633423,1.2050105333328247,0.5069639682769775,-1.9564756155014038,0.6078848242759705,3.5290708541870117,-1.6277694702148438,-5.567941665649414,0.7629769444465637,3.1103458404541016,-0.3443557620048523,-0.3241540193557739,-0.36297607421875,0.6014360785484314,2.592327833175659,-0.23257410526275635,-3.8335108757019043,0.2661074995994568,2.943861484527588,0.6145774126052856,83.56034088134766,74.444091796875,15.042961120605469,31.197738647460938,47.8012809753418,39.40501403808594,27.538394927978516,23.655929565429688,24.384498596191406,23.241384506225586,18.574167251586914,22.81590461730957,21.518587112426758,13.361323356628418,14.959418296813965,13.299074172973633,18.89157485961914,29.12858772277832,23.357202529907227,-9.116249084472656,-68.51737976074219,-43.24635314941406,32.75831985473633,8.207275390625,-20.26288604736328,-15.74908447265625,-3.1538963317871094,-0.41454505920410156,-5.810331344604492,-0.4254798889160156,2.9444198608398438,-9.454581260681152,-6.559168815612793,-0.062249183654785156,3.932156562805176,15.829513549804688,4.465627670288086,-5.771385192871094,-59.40113067626953,-34.130104064941406,101.27569580078125,51.45362854003906,-53.02120590209961,-23.95635986328125,17.108989715576172,15.334539413452148,-2.656435012817383,-0.010934829711914062,8.754751205444336,-9.029101371765137,-9.503588676452637,9.392332077026367,10.491325378417969,15.891762733459473,0.5334711074829102,-21.60089874267578,-10.23701286315918,0.006369727663695812,-0.0003114099381491542,0.0054489243775606155,0.00557815982028842,0.025527171790599823,0.006858508568257093,0.024538008496165276,0.0037200564984232187,-0.0006422851583920419,0.006497935391962528,6.518614100059494e-05,0.0022588837891817093,0.0019018236780539155,0.011178769171237946,0.0038917590864002705,0.01202740054577589,0.0033930784557014704,-0.0005054214270785451,0.0007882491336204112,-0.006681137718260288,-0.0009208032861351967,0.005889569874852896,0.020078247413039207,0.0012803487479686737,-0.0009891632944345474,-0.0031384520698338747,-0.02518029324710369,0.0027778788935393095,0.000707471277564764,-0.004239051602780819,0.0018366375006735325,0.008919885382056236,0.001989935524761677,0.0008486313745379448,-0.0004986806306988001,-0.012532821856439114,-0.00260482938028872,0.0012936706189066172,0.0057603344321250916,0.012570707127451897,0.02099905163049698,-0.004609221126884222,-0.021067410707473755,-0.004418800584971905,-0.024191129952669144,0.005916330963373184,0.025887764990329742,-0.007016930729150772,0.0011291662231087685,0.013158936984837055,0.0001532980240881443,-0.008071254007518291,-0.002488616155460477,-0.013381453230977058,-0.00210614874958992,0.013826492242515087,0.0038984999991953373,-853003840.0,-752600256.0,-135508224.0,-292308224.0,-459470592.0,-378535744.0,-256369968.0,-217711360.0,-227019392.0,-216182112.0,-169260880.0,-217223536.0,-201025328.0,-117400160.0,-133017776.0,-117252512.0,-172288784.0,-279490592.0,-222262384.0,100403584.0,717495616.0,460292032.0,-323962368.0,-86227520.0,203100624.0,160824384.0,29350576.0,1529248.0,57758512.0,-1041424.0,-31764448.0,99823376.0,68007552.0,147648.0,-39271008.0,-162238080.0,-49973600.0,57228208.0,617092032.0,359888448.0,-1041457984.0,-546519552.0,527062976.0,247051904.0,-173750048.0,-159295136.0,28407936.0,-2570672.0,-89522960.0,100864800.0,99772000.0,-99675728.0,-107278560.0,-162385728.0,-10702592.0,219466288.0,107201808.0,2120.578125,2088.664306640625,3.1821706295013428,41.33989715576172,72.75308990478516,42.57793045043945,13.709895133972168,5.964120864868164,8.541454315185547,10.11007308959961,5.744166374206543,6.610347270965576,5.456532955169678,1.705549716949463,2.488621473312378,2.0193655490875244,11.863239288330078,17.464941024780273,6.705203533172607,-31.913818359375,-2117.39599609375,-2047.324462890625,69.5709228515625,1.2380332946777344,-59.04319381713867,-36.613807678222656,-5.168440818786621,4.145952224731445,-2.797287940979004,-3.499725818634033,-0.28763341903686523,-4.904797554016113,-2.9679114818573,0.3138158321380615,9.374617576599121,15.445575714111328,-5.158035755157471,-10.759737014770508,-2085.482177734375,-2015.41064453125,2186.966796875,2048.5625,-128.61412048339844,-37.85184097290039,53.874752044677734,40.75975799560547,2.371152877807617,-7.6456780433654785,2.5096545219421387,-1.40507173538208,-2.6802780628204346,5.218613624572754,12.342529296875,15.131759643554688,-14.53265380859375,-26.205312728881836,-5.601701259613037,-0.02840137854218483,-0.09262077510356903,0.049992434680461884,0.05819408968091011,-0.10121269524097443,-0.022475115954875946,0.09052454680204391,-0.02892465330660343,-0.10809090733528137,-0.06496837735176086,0.128238707780838,-0.055312350392341614,-0.10193488746881485,0.08777017891407013,0.017392264679074287,0.009303759783506393,-0.10782690346240997,0.022705914452672005,0.030230484902858734,-0.0642194002866745,0.07839381694793701,0.15081486105918884,-0.1512051224708557,-0.08066920936107635,0.19173723459243774,-0.006449537351727486,-0.19861546158790588,-0.03604372590780258,0.23632961511611938,0.00965602695941925,-0.23017358779907227,0.14308252930641174,0.11932715028524399,-0.07846641540527344,-0.1252191662788391,0.013402154669165611,0.1380573809146881,0.007524570450186729,0.1426132172346115,0.21503426134586334,-0.22959893941879272,-0.2314840704202652,0.34294235706329346,0.07421967387199402,-0.39035269618034363,-0.029594188556075096,0.43494507670402527,0.04569975286722183,-0.46650320291519165,0.1334265023469925,0.34950074553489685,-0.22154894471168518,-0.2445463240146637,0.0918685719370842,0.2632765471935272,-0.005877584218978882,-0.13053281605243683,1.7792069911956787,1.6701005697250366,0.7488403916358948,1.08161199092865,1.330779790878296,1.2216206789016724,1.0064358711242676,0.9453967809677124,0.9372902512550354,0.929609477519989,0.7993626594543457,0.9235526919364929,0.8800524473190308,0.6904816627502441,0.7524644136428833,0.7099840641021729,0.818768322467804,1.0500470399856567,0.9391539692878723,-0.10910642147064209,-1.0303666591644287,-0.5884885787963867,0.5819393992424011,0.14000868797302246,-0.3243439197540283,-0.27622389793395996,-0.06914561986923218,-0.01578730344772339,-0.1379275918006897,-0.006056785583496094,0.08068978786468506,-0.23307102918624878,-0.12758803367614746,0.01950240135192871,0.06630390882492065,0.3400629758834839,0.12038564682006836,-0.11089307069778442,-0.9212602376937866,-0.47938215732574463,1.6123061180114746,0.7284972667694092,-0.9062833189964294,-0.4162325859069824,0.25519829988479614,0.2604365944862366,-0.06878197193145752,0.009730517864227295,0.21861737966537476,-0.22701424360275269,-0.20827782154083252,0.2525734305381775,0.19389194250106812,0.3205605745315552,0.054081737995147705,-0.4509560465812683,-0.23127871751785278,3.1655774116516113,2.789236068725586,0.5607619285583496,1.169884443283081,1.7709747552871704,1.4923570156097412,1.0129131078720093,0.8937751054763794,0.8785130381584167,0.8641737699508667,0.6389806270599365,0.8529495596885681,0.7744922637939453,0.4767649471759796,0.566202700138092,0.5040773749351501,0.6703816056251526,1.102598786354065,0.8820101618766785,-0.3763413429260254,-2.6048154830932617,-1.6193516254425049,1.2102128267288208,0.32247257232666016,-0.7580616474151611,-0.5985819101333618,-0.13440006971359253,-0.029601335525512695,-0.23953241109848022,-0.011224210262298584,0.1355116367340088,-0.3761846125125885,-0.20828956365585327,0.027312427759170532,0.10417890548706055,0.5985214114189148,0.21162855625152588,-0.22058862447738647,-2.2284741401672363,-1.2430102825164795,3.815028190612793,1.941824197769165,-1.968274474143982,-0.921054482460022,0.6236615777015686,0.5689805746078491,-0.1051323413848877,0.01837712526321411,0.375044047832489,-0.3649604022502899,-0.34380120038986206,0.40349704027175903,0.3124684691429138,0.5712089538574219,0.10744965076446533,-0.8191100358963013,-0.43221718072891235,-0.9279038310050964,-1.0351935625076294,0.36074063181877136,0.3048701882362366,0.5706303715705872,0.20952707529067993,-0.1081373542547226,-0.21555888652801514,-0.27946901321411133,-0.2607358694076538,-0.2292148619890213,-0.013328158296644688,0.06505165249109268,-0.10417310893535614,-0.5263186693191528,-0.7669826745986938,-0.6894977688789368,-0.17071965336799622,0.3240234851837158,-0.10728973150253296,1.2886444330215454,1.3400638103485107,0.2098897397518158,-0.09534311294555664,-0.678767740726471,-0.42508596181869507,-0.17133165895938873,-0.04517698287963867,0.05025415122509003,0.2474077045917511,0.2942665219306946,-0.09084495157003403,-0.5913703441619873,-0.6628095507621765,-0.16317909955978394,0.59626305103302,1.0135211944580078,0.49474313855171204,1.3959341049194336,1.4473536014556885,-1.0787546634674072,-1.4354069232940674,-0.8886574506759644,-0.3297428488731384,0.5074360966682434,0.3799089789390564,0.22158581018447876,0.29258468747138977,0.24401237070560455,-0.3382526636123657,-0.8856368660926819,-0.5719646215438843,0.42819124460220337,1.2590725421905518,1.1767003536224365,-0.10151991248130798,-0.5187780857086182,6.045360565185547,7.050318241119385,3.147169589996338,3.878617525100708,3.21185302734375,2.87443470954895,2.9351541996002197,2.3155345916748047,2.287325382232666,3.0415000915527344,3.754568338394165,2.687326192855835,2.7733874320983887,3.1473729610443115,3.1245412826538086,3.2892868518829346,3.434225559234619,2.770662307739258,2.359386444091797,1.004957675933838,-2.898190975189209,-3.1717007160186768,0.06468343734741211,-1.0041828155517578,-0.2766988277435303,-0.5589001178741455,-0.6478288173675537,0.7259654998779297,1.467242956161499,-0.3541738986968994,-0.9811809062957764,0.46004676818847656,0.3511538505554199,0.14191389083862305,0.30968427658081055,-0.5186245441436768,-1.0748391151428223,-0.41127586364746094,-3.903148651123047,-4.176658630371094,2.962874412536621,2.167517900466919,-0.3413822650909424,0.4452826976776123,-0.37112998962402344,1.2848656177520752,2.1150717735290527,-1.080139398574829,-2.4484238624572754,0.814220666885376,1.3323347568511963,-0.3181328773498535,-0.041469573974609375,-0.6605384349822998,-1.3845233917236328,0.10734868049621582,0.6635632514953613,-29.150663375854492,-92.46954345703125,49.466983795166016,57.756263732910156,-102.59297180175781,-22.66999626159668,88.94722747802734,-29.05159568786621,-107.85047912597656,-65.8398666381836,128.27877807617188,-55.67238235473633,-102.26417541503906,86.79350280761719,16.784807205200195,8.373675346374512,-107.63665771484375,22.85802459716797,30.88225555419922,-63.318878173828125,78.61764526367188,150.22579956054688,-152.05995178222656,-80.42626190185547,191.54019165039062,-6.381599426269531,-196.79769897460938,-36.78826904296875,236.12925720214844,10.167484283447266,-230.54295349121094,142.46588134765625,119.04898071289062,-78.41983032226562,-124.42146301269531,14.484349250793457,138.5189208984375,8.02423095703125,141.9365234375,213.544677734375,-230.67759704589844,-230.65206909179688,343.60015869140625,74.04466247558594,-388.337890625,-30.40666961669922,432.92694091796875,46.955753326416016,-466.6722106933594,132.29840087890625,349.5919189453125,-220.88571166992188,-243.47044372558594,92.90418243408203,262.94036865234375,-6.460118293762207,-130.49468994140625,0.06755388528108597,-0.09668830782175064,0.08027886599302292,0.08701010048389435,-0.4679962694644928,-0.1531984508037567,0.1578182876110077,0.044531870633363724,-0.15822595357894897,-0.03498465567827225,0.3023153841495514,-0.11846920847892761,-0.27756667137145996,0.1813482940196991,0.15355032682418823,0.20172378420829773,-0.06532156467437744,0.11175283789634705,0.0,-0.1642421931028366,0.01272498071193695,0.18369841575622559,-0.5482751131057739,-0.24020855128765106,0.6258145570755005,0.19773031771183014,-0.31604424118995667,-0.07951653003692627,0.46054133772850037,-0.08348455280065536,-0.579882025718689,0.2998175024986267,0.4311169981956482,0.020375490188598633,-0.21887189149856567,-0.08997094631195068,0.06532156467437744,-0.11175283789634705,0.17696717381477356,0.3479406237602234,-0.5610001087188721,-0.42390698194503784,1.1740896701812744,0.4379388689994812,-0.9418587684631348,-0.2772468328475952,0.776585578918457,-0.0039680227637290955,-1.0404233932495117,0.38330206274986267,1.0109989643096924,-0.2794420123100281,-0.6499888896942139,-0.11034643650054932,0.2841934561729431,-0.021781891584396362,-0.1770744025707245
-1.5871652364730835,-2.0692296028137207,-1.8853130340576172,-1.7978485822677612,-2.021646022796631,-1.6565728187561035,-1.868109107017517,-2.2613024711608887,-1.4914772510528564,-1.8068785667419434,-2.2462668418884277,-1.5389817953109741,-1.8187416791915894,-2.2614028453826904,-1.567914366722107,-1.673127293586731,-2.2226758003234863,-1.6494133472442627,-1.6317750215530396,-0.4820643663406372,-0.2981477975845337,0.2713810205459595,-0.13633298873901367,0.14127576351165771,0.15353691577911377,-0.6047296524047852,0.37663185596466064,0.4544239044189453,-0.7547895908355713,0.26789677143096924,0.4275251626968384,-0.7224210500717163,0.2508273124694824,0.5882755517959595,-0.6547614336013794,0.02371394634246826,0.5909007787704468,0.017638325691223145,0.18391656875610352,0.7534453868865967,0.16181480884552002,-0.13010525703430176,0.28986990451812744,-0.7460054159164429,0.22309494018554688,1.0591535568237305,-1.131421446800232,-0.18652713298797607,1.1823147535324097,-0.9903178215026855,-0.17669785022735596,1.3106966018676758,-0.9055887460708618,-0.5645616054534912,1.2456622123718262,-0.006075620651245117,-0.5732624530792236,1.5871652364730835,2.0692296028137207,1.8853130340576172,1.7978485822677612,2.021646022796631,1.6565728187561035,1.868109107017517,2.2613024711608887,1.4914772510528564,1.8068785667419434,2.2462668418884277,1.5389817953109741,1.8187416791915894,2.2614028453826904,1.567914366722107,1.673127293586731,2.2226758003234863,1.6499353647232056,1.632297158241272,0.4820643663406372,0.2981477975845337,-0.2713810205459595,0.13633298873901367,-0.14127576351165771,-0.15353691577911377,0.6047296524047852,-0.37663185596466064,-0.4544239044189453,0.7547895908355713,-0.26789677143096924,-0.4275251626968384,0.7224210500717163,-0.2508273124694824,-0.5882755517959595,0.6547614336013794,-0.02319192886352539,-0.5903786420822144,-0.017638206481933594,-0.18391656875610352,-0.7534453868865967,-0.16181480884552002,0.13010525703430176,-0.28986990451812744,0.7460054159164429,-0.22309494018554688,-1.0591535568237305,1.131421446800232,0.18652713298797607,-1.1823147535324097,0.9903178215026855,0.17669785022735596,-1.3106966018676758,0.9055887460708618,0.5650836229324341,-1.2451400756835938,0.005553722381591797,0.5727404356002808,-0.38113927841186523,-0.45119336247444153,-0.6545392274856567,-0.6545392274856567,-0.8284887075424194,-0.24246737360954285,-0.24246737360954285,-1.1037534475326538,-0.15629485249519348,-0.15629485249519348,-0.9076870083808899,-0.11398912966251373,-0.11398912966251373,-1.1443169116973877,-0.07680004835128784,-0.07680004835128784,-0.4618312418460846,0.050778817385435104,0.050778817385435104,-0.0700540840625763,-0.2733999490737915,-0.2033458650112152,-0.1739494800567627,0.4120718538761139,0.5860213041305542,-0.8612860441207886,0.08617252111434937,0.9474586248397827,-0.751392126083374,0.04230572283267975,0.7936978936195374,-1.0303277969360352,0.03718908131122589,1.067516803741455,-0.38503119349479675,0.12757886946201324,0.5126100778579712,0.0,-0.2033458650112152,-0.13329178094863892,0.09945046901702881,0.6154177188873291,0.7599707841873169,-1.27335786819458,-0.49984878301620483,1.8087446689605713,-0.8375646471977234,-0.9051529169082642,1.5450899600982666,-1.0726335048675537,-0.7565088272094727,2.0978446006774902,-0.42222028970718384,-0.939937949180603,0.8976413011550903,-0.12757886946201324,-0.5126100778579712,3.2354884147644043,3.2354884147644043,2.8132100105285645,3.239795446395874,3.239795446395874,2.960493326187134,3.619870662689209,3.619870662689209,2.871178150177002,3.4556069374084473,3.4556069374084473,2.4500811100006104,3.765963077545166,3.765963077545166,2.9394893646240234,3.3781988620758057,3.3781988620758057,3.2158353328704834,2.999645233154297,0.0,-0.42227840423583984,0.0043070316314697266,0.42658543586730957,-0.27930212020874023,0.38007521629333496,0.6593773365020752,-0.748692512512207,-0.16426372528076172,0.5844287872314453,-1.005525827407837,0.31035614013671875,1.3158819675445557,-0.8264737129211426,-0.38776421546936035,0.4387094974517822,-0.16236352920532227,-0.3785536289215088,-0.21619009971618652,-0.42227840423583984,0.0043070316314697266,0.8488638401031494,-0.28360915184020996,-0.04651021957397461,0.9386794567108154,-1.128767728805542,-0.8236410617828369,1.3331212997436523,-0.8412621021270752,-0.27407264709472656,2.3214077949523926,-1.1368298530578613,-1.703646183013916,1.2651832103729248,0.22540068626403809,-0.817263126373291,-0.05382657051086426,0.16236352920532227,-3.2354884147644043,-3.2354884147644043,-2.8132100105285645,-3.239795446395874,-3.239795446395874,-2.960493326187134,-3.619870662689209,-3.619870662689209,-2.871178150177002,-3.4556069374084473,-3.4556069374084473,-2.4500811100006104,-3.765963077545166,-3.765963077545166,-2.9394893646240234,-3.3781988620758057,-3.3781988620758057,-3.2158353328704834,-2.999645233154297,0.0,0.42227840423583984,-0.0043070316314697266,-0.42658543586730957,0.27930212020874023,-0.38007521629333496,-0.6593773365020752,0.748692512512207,0.16426372528076172,-0.5844287872314453,1.005525827407837,-0.31035614013671875,-1.3158819675445557,0.8264737129211426,0.38776421546936035,-0.4387094974517822,0.16236352920532227,0.3785536289215088,0.21619009971618652,0.42227840423583984,-0.0043070316314697266,-0.8488638401031494,0.28360915184020996,0.04651021957397461,-0.9386794567108154,1.128767728805542,0.8236410617828369,-1.3331212997436523,0.8412621021270752,0.27407264709472656,-2.3214077949523926,1.1368298530578613,1.703646183013916,-1.2651832103729248,-0.22540068626403809,0.817263126373291,0.05382657051086426,-0.16236352920532227,0.38113927841186523,0.45119336247444153,0.6545392274856567,0.6545392274856567,0.8284887075424194,0.24246737360954285,0.24246737360954285,1.1037534475326538,0.15629485249519348,0.15629485249519348,0.9076870083808899,0.11398912966251373,0.11398912966251373,1.1443169116973877,0.07680004835128784,0.07680004835128784,0.4618312418460846,0.0023189939092844725,0.0,0.0700540840625763,0.2733999490737915,0.2033458650112152,0.1739494800567627,-0.4120718538761139,-0.5860213041305542,0.8612860441207886,-0.08617252111434937,-0.9474586248397827,0.751392126083374,-0.04230572283267975,-0.7936978936195374,1.0303277969360352,-0.03718908131122589,-1.067516803741455,0.38503119349479675,-0.0744810551404953,-0.4618312418460846,-0.0023189939092844725,0.2033458650112152,0.13329178094863892,-0.09945046901702881,-0.6154177188873291,-0.7599707841873169,1.27335786819458,0.49984878301620483,-1.8087446689605713,0.8375646471977234,0.9051529169082642,-1.5450899600982666,1.0726335048675537,0.7565088272094727,-2.0978446006774902,0.42222028970718384,0.9930357336997986,-0.8468624353408813,0.07216206192970276,0.45951223373413086,-3.6166276931762695,-3.6866817474365234,-3.4677491188049316,-3.8943347930908203,-4.068284034729004,-3.202960729598999,-3.862338066101074,-4.723624229431152,-3.027472972869873,-3.6119017601013184,-4.3632941246032715,-2.564070224761963,-3.8799521923065186,-4.910280227661133,-3.016289472579956,-3.4549989700317383,-3.8400301933288574,-3.1650564670562744,-2.948866367340088,-0.0700540542602539,0.1488785743713379,-0.20765304565429688,-0.6005349159240723,0.6913740634918213,0.2059459686279297,-1.5206634998321533,0.8348650932312012,1.111722469329834,-1.3358211517333984,1.0478315353393555,0.48334193229675293,-2.34621000289917,0.8636627197265625,1.4552812576293945,-0.8237407207489014,0.28994250297546387,0.8911638259887695,0.21619009971618652,0.2189326286315918,-0.13759899139404297,-0.7494134902954102,0.8990271091461182,0.806480884552002,-2.2120375633239746,0.6289191246032715,2.6323859691619873,-2.1706862449645996,-0.06389093399047852,1.8191630840301514,-3.3940415382385254,0.38032078742980957,3.8014912605285645,-1.6874034404754639,-1.1653387546539307,1.714904546737671,-0.07375240325927734,-0.674973726272583,2.854349136352539,2.784295082092285,2.1586709022521973,2.5852560997009277,2.411306858062744,2.7180259227752686,3.3774032592773438,2.5161170959472656,2.714883327484131,3.299312114715576,2.547919988632202,2.336091995239258,3.6519739627838135,2.6216461658477783,2.862689256668091,3.301398754119873,2.916367530822754,3.2666141986846924,3.050424098968506,-0.0700540542602539,-0.6956782341003418,-0.19903898239135742,0.2526359558105469,0.13276982307434082,0.9660964012145996,-0.20190882682800293,-0.6625199317932129,0.7831950187683105,-0.1669633388519287,-0.9632201194763184,1.1040539741516113,0.2855541706085205,-0.7892847061157227,0.6797525882720947,0.053678274154663086,-0.034784555435180664,0.13405656814575195,-0.21619009971618652,-0.6256241798400879,-0.12898492813110352,0.9483141899108887,0.33180880546569824,0.7134604454040527,-0.33467864990234375,-1.6286163330078125,0.9851038455963135,0.4955565929412842,-1.746415138244629,1.27101731300354,1.2487742900848389,-1.893338680267334,0.3941984176635742,0.8429629802703857,-0.7145371437072754,0.08037829399108887,-0.18140554428100586,-0.3502466678619385,-0.1024497002363205,-0.10926079005002975,-0.16579550504684448,-0.16846957802772522,-0.20294426381587982,-0.06448010355234146,-0.05999070405960083,-0.2558888792991638,-0.04324118420481682,-0.03873001039028168,-0.21091842651367188,-0.03163841739296913,-0.02871013805270195,-0.2664930820465088,-0.020799318328499794,-0.01998188905417919,-0.10789209604263306,0.013336392119526863,0.013408209197223186,-0.006811089813709259,-0.06334580481052399,-0.059208787977695465,-0.03714875876903534,0.10398947447538376,0.142953559756279,-0.19140878319740295,0.016749519854784012,0.21715886890888214,-0.16767723858356476,0.007091592997312546,0.18220828473567963,-0.23485466837882996,0.007910819724202156,0.24651119112968445,-0.08709277957677841,0.033318281173706055,0.12130030244588852,7.18170776963234e-05,-0.05653471499681473,-0.052397698163986206,0.026197046041488647,0.16319826245307922,0.18010231852531433,-0.2953982651233673,-0.12620404362678528,0.4085676670074463,-0.18442675471305847,-0.2100672721862793,0.3498855233192444,-0.2419462651014328,-0.17429746687412262,0.4813658595085144,-0.09500359743833542,-0.2131929099559784,0.20839308202266693,-0.033246465027332306,-0.12122848629951477,2.4072554111480713,0.4589656591415405,1.890297770500183,2.464071035385132,0.8284887075424194,2.468592882156372,1.7632896900177002,1.3181604146957397,2.440077781677246,1.3294503688812256,1.7507727146148682,2.086446762084961,1.0820108652114868,1.5777207612991333,2.0985043048858643,1.4590845108032227,1.5558321475982666,2.7648770809173584,0.4426194727420807,-1.9482897520065308,-0.5169576406478882,2.005105495452881,-1.0618090629577637,0.004521846771240234,0.9348009824752808,-1.1504324674606323,0.6767880916595459,0.01128995418548584,-0.6893050670623779,0.7569963932037354,-0.6687618494033813,-0.5087260007858276,1.0164934396743774,-0.11863625049591064,-0.5426721572875977,1.3057925701141357,-1.1132127046585083,-2.3222575187683105,1.4313321113586426,3.953395366668701,-0.5448514223098755,-2.0005836486816406,1.9966100454330444,-1.1549543142318726,-0.25801289081573486,1.1617224216461182,-1.3660931587219238,0.7457064390182495,0.020543217658996582,-1.265722393989563,1.6852552890777588,0.390089750289917,-1.559165596961975,1.4244288206100464,-0.5705405473709106,-3.6280500888824463,-1.2090448141098022,79.0792007446289,120.05040740966797,100.28174591064453,94.06475067138672,114.65934753417969,82.54303741455078,110.16595458984375,142.90679931640625,70.46256256103516,109.48590087890625,141.59776306152344,69.56083679199219,102.5847396850586,140.3497772216797,76.7396240234375,90.08863067626953,138.5941162109375,86.76548767089844,84.92145538330078,40.97120666503906,21.202545166015625,-25.98565673828125,14.377601623535156,-11.521713256835938,-4.4933929443359375,60.36376190185547,-39.703392028808594,-33.4208984375,71.13520050048828,-39.92506408691406,-39.013023376464844,70.7889404296875,-25.845115661621094,-50.261146545410156,61.8544921875,-3.3231430053710938,-53.67266082763672,-1.8440322875976562,-19.768661499023438,-66.95686340332031,-6.824943542480469,14.463943481445312,-18.870994567871094,71.8854751586914,-35.209999084472656,-93.78466033935547,110.83859252929688,-6.5041656494140625,-110.14822387695312,110.71400451660156,13.16790771484375,-121.05008697509766,87.6996078491211,46.93800354003906,-115.52715301513672,1.4791107177734375,51.82862854003906,0.027671929448843002,0.018259193748235703,0.013524019159376621,0.03473052382469177,0.01261683739721775,0.022318456321954727,0.027196193113923073,0.012788908556103706,0.02636033296585083,0.019728805869817734,0.014006787911057472,0.021766256541013718,0.0172503013163805,0.01587846502661705,0.02064315788447857,0.02901582606136799,0.009266065433621407,0.03218463063240051,0.0012719749938696623,-0.0094127357006073,-0.014147910289466381,0.01647133007645607,-0.0009071817621588707,-0.012412067502737045,0.014579355716705322,-0.00952954776585102,-0.0008358601480722427,0.006939897313714027,-0.012353545054793358,0.002037450671195984,0.0032435134053230286,-0.0058877915143966675,0.0033928565680980682,0.013137361034750938,-0.011377092450857162,0.003168804571032524,-0.0079940902069211,-0.03091265633702278,-0.004735174588859081,0.02588406577706337,0.01324072852730751,-0.028883397579193115,0.015486537478864193,0.0028825197368860245,-0.015415215864777565,0.016469445079565048,-0.011517684906721115,-0.0049024466425180435,0.015597058460116386,-0.007925242185592651,0.00014934316277503967,0.019025152549147606,-0.01476994901895523,-0.009968556463718414,0.003383002243936062,-0.034081459045410156,-0.022918567061424255,-958378816.0,-1521489152.0,-1257326976.0,-1165412352.0,-1450112384.0,-1005647872.0,-1359763456.0,-1834061568.0,-845953600.0,-1343876480.0,-1814829056.0,-843314304.0,-1266091904.0,-1808156032.0,-928210752.0,-1093836288.0,-1771591936.0,-1048440256.0,-1021052608.0,-563110336.0,-298948160.0,356076800.0,-192785408.0,159764480.0,90348928.0,-828413696.0,513809856.0,490185088.0,-968875456.0,500562176.0,548737152.0,-964841728.0,337881152.0,714319744.0,-843381184.0,45396032.0,750539328.0,27387648.0,264162176.0,919187136.0,106162752.0,-196312320.0,283134336.0,-988178176.0,423460928.0,1318598784.0,-1482685312.0,10377088.0,1517612544.0,-1465403904.0,-210856000.0,1679161472.0,-1181262336.0,-668923712.0,1593920512.0,-18008384.0,-723151680.0,88.99163055419922,146.82742309570312,88.69071960449219,105.56090545654297,145.84689331054688,75.57562255859375,227.30587768554688,272.087158203125,57.470882415771484,242.18051147460938,269.7510070800781,36.594688415527344,173.74366760253906,231.30189514160156,66.2874984741211,129.13894653320312,237.86669921875,117.78990936279297,87.84227752685547,57.835792541503906,-0.30091094970703125,-41.266517639160156,57.15617370605469,-29.98528289794922,81.458984375,196.51153564453125,-169.83499145507812,-29.906646728515625,212.28012084960938,-205.5858154296875,-96.00733947753906,194.70721435546875,-107.45616912841797,-102.16294860839844,171.57919311523438,-11.349037170410156,-150.0244140625,-29.9476318359375,-58.13670349121094,-99.10231018066406,57.45708465576172,11.281234741210938,24.302810668945312,226.496826171875,-251.29397583007812,-226.41818237304688,382.1151123046875,-175.67916870117188,-308.2874755859375,400.29302978515625,-11.448829650878906,-296.87017822265625,279.0353698730469,90.81391143798828,-321.6036071777344,-18.598594665527344,120.0767822265625,-0.7945848703384399,-1.037294864654541,-0.9451044201850891,-0.9000253677368164,-1.0135771036148071,-0.8297649621963501,-0.9356566667556763,-1.1338144540786743,-0.7466236352920532,-0.9053102135658264,-1.1262155771255493,-0.7706871032714844,-0.9114274978637695,-1.1336660385131836,-0.7852798700332642,-0.8377547264099121,-1.1147747039794922,-0.825649082660675,-0.8189294338226318,-0.24270999431610107,-0.15051954984664917,0.1372694969177246,-0.06847268342971802,0.07026040554046631,0.07792043685913086,-0.3040494918823242,0.18903303146362305,0.2285042405128479,-0.3795919418334961,0.13462311029434204,0.21478807926177979,-0.3629789352416992,0.12614762783050537,0.2959113121032715,-0.329494833946228,0.01210564374923706,0.29584527015686035,0.006719648838043213,0.0921904444694519,0.3799794912338257,0.08204686641693115,-0.0670090913772583,0.14639312028884888,-0.3743098974227905,0.11111259460449219,0.5325537323951721,-0.5686249732971191,-0.09388113021850586,0.5943800210952759,-0.49760204553604126,-0.08864045143127441,0.6588902473449707,-0.4556424617767334,-0.2838056683540344,0.6253401041030884,-0.005385994911193848,-0.28912562131881714,0.6891224980354309,0.5124002695083618,0.49152863025665283,0.5732508897781372,0.5031324625015259,0.6169801950454712,0.8253195881843567,0.5439881682395935,0.6657979488372803,0.9385278224945068,0.5605239868164062,0.5146303772926331,0.7589564323425293,0.4455310106277466,0.6685975790023804,0.7820455431938171,0.5530929565429688,0.7513372898101807,0.7433521747589111,-0.1767222285270691,-0.19759386777877808,0.06085062026977539,0.011603832244873047,0.043729305267333984,0.3221871256828308,-0.07299202680587769,-0.15952163934707642,0.39453965425491333,-0.10527396202087402,-0.4238974452018738,0.19843244552612305,-0.06909936666488647,-0.09035885334014893,0.33651453256607056,-0.11550462245941162,-0.030708253383636475,0.19025921821594238,-0.007985115051269531,-0.020871639251708984,0.23757284879684448,0.20919770002365112,-0.017121315002441406,0.31058329343795776,-0.11672133207321167,-0.4817087650299072,0.467531681060791,0.05424767732620239,-0.8184370994567871,0.30370640754699707,0.3547980785369873,-0.288791298866272,0.40561389923095703,-0.025145769119262695,-0.36722278594970703,0.305763840675354,0.022723138332366943,-0.19824433326721191,0.4748898446559906,0.26255401968955994,0.2416003942489624,0.32861658930778503,0.2531422972679138,0.38066452741622925,0.6811524629592896,0.295923113822937,0.4432869255542755,0.8808344602584839,0.3141871690750122,0.26484444737434387,0.5760148763656616,0.19849789142608643,0.4470227360725403,0.6115952134132385,0.3059118390083313,0.5645077228546143,0.55257248878479,-0.21233582496643066,-0.2332894504070282,0.0660625696182251,0.011541903018951416,0.052047938108444214,0.42801016569137573,-0.08474141359329224,-0.23786553740501404,0.5849113464355469,-0.1290997564792633,-0.6159900426864624,0.2618277072906494,-0.06634655594825745,-0.12899214029312134,0.4130973219871521,-0.14111089706420898,-0.04708749055862427,0.24666064977645874,-0.011935234069824219,-0.020953625440597534,0.27839839458465576,0.24483135342597961,-0.014014631509780884,0.4164682626724243,-0.13678935170173645,-0.6658756732940674,0.6696527600288391,0.10876578092575073,-1.2009013891220093,0.3909274637699127,0.5496435165405273,-0.39081984758377075,0.47944387793540955,-0.012118756771087646,-0.46018481254577637,0.3877715468406677,0.03515225648880005,-0.25859588384628296,-0.28037238121032715,0.7691313624382019,0.5781136751174927,-0.23876483738422394,-0.14459443092346191,0.0710759088397026,-0.12843969464302063,-0.10587215423583984,-0.03640209883451462,-0.034731797873973846,-0.06783100217580795,0.443215548992157,-0.03860202431678772,-0.36733803153038025,0.21740369498729706,-0.009203729219734669,0.3116951584815979,-0.08775880932807922,0.4290456473827362,1.0495038032531738,0.8584860563278198,-1.0078961849212646,-0.7227081060409546,0.30984073877334595,0.016154736280441284,-0.17694807052612305,0.09203759580850601,0.071140356361866,-0.031428903341293335,0.4779473543167114,0.029228977859020233,-0.8105535507202148,0.2560057044029236,0.35813429951667786,0.09429146349430084,-0.07855507731437683,0.1173504889011383,0.5168044567108154,-0.191017746925354,-2.0573999881744385,-1.5811941623687744,1.3177368640899658,0.7388628721237183,-0.486788809299469,0.07588285952806473,0.24808841943740845,-0.12346649914979935,0.406807005405426,0.06065788120031357,-1.2885009050369263,0.22677671909332275,1.1686878204345703,-0.16171424090862274,-0.4366893768310547,0.023059025406837463,0.5953595638275146,0.3994539678096771,2.084207534790039,3.834855079650879,2.6462559700012207,2.608837842941284,2.7503890991210938,2.264723300933838,1.951864242553711,2.68761944770813,1.8883287906646729,1.5831267833709717,2.508669853210449,2.5022830963134766,2.3168394565582275,3.697829246520996,2.273653030395508,2.145366907119751,2.7043070793151855,2.3470611572265625,2.438754081726074,1.7506475448608398,0.5620484352111816,-1.2260172367095947,0.10413312911987305,-0.3441145420074463,-0.7985248565673828,0.422896146774292,-0.06353545188903809,-1.1044926643371582,0.6203410625457764,0.9191563129425049,-0.19183039665222168,1.1955461502075195,-0.04318642616271973,-1.5524623394012451,0.43065404891967773,0.20169425010681152,-0.26555299758911133,0.09169292449951172,-1.1885991096496582,-2.9766647815704346,-0.4579153060913086,0.8819026947021484,-0.9026579856872559,0.7670106887817383,0.7349894046783447,-1.5273888111114502,0.6838765144348145,2.023648977279663,-0.812171459197998,0.27638983726501465,0.14864397048950195,-2.7480084896087646,0.47384047508239746,1.7541565895080566,-0.6962070465087891,-0.1100013256072998,0.35724592208862305,-796.7569580078125,-1038.7532958984375,-946.4271240234375,-902.5199584960938,-1014.8663330078125,-831.5995483398438,-937.790771484375,-1135.173828125,-748.7215576171875,-907.0530395507812,-1127.6259765625,-772.56884765625,-913.00830078125,-1135.2242431640625,-787.093017578125,-839.909912109375,-1115.783203125,-828.0054931640625,-819.1510620117188,-241.996337890625,-149.670166015625,136.23333740234375,-68.439208984375,70.92041015625,77.0755615234375,-303.57427978515625,189.0692138671875,228.12078857421875,-378.9044189453125,134.48419189453125,214.61767578125,-362.6553955078125,125.915283203125,295.3143310546875,-328.690185546875,11.9044189453125,296.63214111328125,8.85443115234375,92.326171875,378.22967529296875,81.23095703125,-65.31292724609375,145.5147705078125,-374.49468994140625,111.99365234375,531.695068359375,-567.9736328125,-93.6365966796875,593.5220947265625,-497.13958740234375,-88.702392578125,657.9697265625,-454.60546875,-283.409912109375,625.3223266601562,-3.04998779296875,-287.7777099609375,-1.469881296157837,-2.1656856536865234,-1.9719246625900269,-1.7468538284301758,-1.9992825984954834,-1.7393121719360352,-1.8857777118682861,-2.236419200897217,-1.4730898141860962,-1.8242676258087158,-2.2475931644439697,-1.641221284866333,-1.8398492336273193,-2.2429232597351074,-1.5996129512786865,-1.6525378227233887,-2.277510643005371,-1.6156575679779053,-1.7664873600006104,-0.6958043575286865,-0.5020433664321899,0.41883182525634766,-0.027357935905456543,0.007541656494140625,0.11350488662719727,-0.49710702896118164,0.41268789768218994,0.412151575088501,-0.7745033502578735,0.1830463409423828,0.4077439308166504,-0.6017019748687744,0.2402362823486328,0.5903854370117188,-0.6778976917266846,0.0368802547454834,0.5110232830047607,-0.15082979202270508,0.19376099109649658,1.1146361827850342,0.4746854305267334,-0.41129016876220703,0.1408628225326538,-0.5046486854553223,0.2991830110549927,0.9092586040496826,-1.1871912479400635,-0.22910523414611816,1.182247281074524,-0.7847483158111572,-0.16750764846801758,1.1920874118804932,-0.9181339740753174,-0.5535051822662354,1.1889209747314453,-0.18771004676818848,-0.6618530750274658
0.11952199041843414,-0.10017675161361694,-0.15337559580802917,0.17174361646175385,0.24503068625926971,-0.2242586463689804,-0.054969869554042816,0.2667055130004883,-0.1778779923915863,-0.08460545539855957,0.3220761716365814,-0.056657589972019196,-0.3538999557495117,0.15625593066215515,0.22228774428367615,-0.23357032239437103,-0.06657946109771729,0.16188682615756989,0.09732870012521744,-0.2196987420320511,-0.2728976011276245,0.271920382976532,0.3984062671661377,-0.39600226283073425,-0.30000054836273193,0.4909641742706299,-0.12290812283754349,-0.35131096839904785,0.4999541640281677,0.027947865426540375,-0.6759761571884155,0.21291351318359375,0.5761877298355103,-0.389826238155365,-0.28886720538139343,0.3954571485519409,0.16390815377235413,-0.06455812603235245,-0.053198859095573425,0.4916191101074219,0.6713038682937622,-0.6679226160049438,-0.6984068155288696,0.8869664669036865,0.17709243297576904,-0.8422751426696777,0.6228622794151306,0.3792588412761688,-1.1759302616119385,0.18496564030647278,1.2521638870239258,-0.6027397513389587,-0.8650549650192261,0.7852833867073059,0.45277535915374756,-0.46001526713371277,-0.22846627235412598,0.6047643423080444,0.6790095567703247,0.6677142381668091,0.6851131319999695,0.5883138179779053,0.6388983726501465,0.6395872831344604,0.5228420495986938,0.6151849031448364,0.6908957958221436,0.7257651686668396,0.8225077986717224,0.8960618376731873,0.8310285806655884,0.615519106388092,0.7964155077934265,0.8469398617744446,0.542823851108551,0.5212220549583435,0.07424521446228027,0.06294989585876465,0.006103575229644775,-0.07940042018890381,-0.046214759349823,0.051273465156555176,-0.11605632305145264,-0.024402379989624023,0.1680537462234497,0.11058026552200317,0.13161200284957886,0.17029666900634766,0.008520781993865967,-0.2805427312850952,-0.034613072872161865,0.23142075538635254,-0.2535916566848755,-0.3257178068161011,-0.02160179615020752,-0.011295318603515625,-0.0681416392326355,-0.14235031604766846,-0.05231833457946777,0.13067388534545898,-0.06984156370162964,-0.0756758451461792,0.28411006927490234,0.1349826455116272,-0.03644174337387085,0.05971640348434448,-0.12309122085571289,-0.45083940029144287,-0.04313385486602783,0.5119634866714478,-0.21897858381271362,-0.5571385622024536,0.23198986053466797,0.30411601066589355,1.8706285953521729,1.671473741531372,1.498966097831726,1.9172463417053223,1.9172463417053223,1.244117021560669,1.4421876668930054,1.5881538391113281,1.5881538391113281,1.9947621822357178,2.3985636234283447,2.3985636234283447,1.913669466972351,2.6328234672546387,2.6328234672546387,2.752535820007324,2.752535820007324,1.937268614768982,1.7802811861038208,-0.19915485382080078,-0.3716624975204468,0.2457726001739502,0.4182802438735962,-0.6731293201446533,-0.4750586748123169,0.3440368175506592,0.14596617221832275,0.40660834312438965,0.8104097843170166,0.40380144119262695,-0.48489415645599365,0.23425984382629395,0.7191540002822876,0.11971235275268555,0.11971235275268555,-0.8152672052383423,-0.9722546339035034,-0.15698742866516113,-0.172507643699646,0.444927453994751,0.789942741394043,-0.9189019203186035,-0.8933389186859131,1.0171661376953125,0.6210248470306396,0.06257152557373047,0.6644436120986938,-0.0028069019317626953,-1.2953039407730103,-0.169541597366333,1.2040481567382812,-0.1145474910736084,-0.599441647529602,-0.9349795579910278,-1.091966986656189,0.6582797765731812,0.8152672052383423,1.8706285953521729,1.8055644035339355,2.2146079540252686,2.2146079540252686,1.9172463417053223,2.145683765411377,2.145683765411377,1.5881538391113281,2.187385320663452,2.187385320663452,2.3985636234283447,2.3985636234283447,2.902064561843872,2.902064561843872,2.6328234672546387,2.752535820007324,2.752535820007324,1.937268614768982,1.7802811861038208,-0.0650641918182373,0.3439793586730957,0.409043550491333,-0.2973616123199463,-0.0689241886138916,0.2284374237060547,-0.5575299263000488,0.041701555252075195,0.599231481552124,0.21117830276489258,0.21117830276489258,0.5035009384155273,0.5035009384155273,-0.2692410945892334,-0.14952874183654785,0.11971235275268555,-0.8152672052383423,-0.9722546339035034,-0.15698742866516113,0.409043550491333,0.4741077423095703,-0.641340970993042,-0.4779677391052246,0.525799036026001,-0.4886057376861572,-0.1867358684539795,1.1567614078521729,0.16947674751281738,-0.38805317878723145,0.29232263565063477,0.29232263565063477,-0.7727420330047607,-0.6530296802520752,0.38895344734191895,-0.6657384634017944,-1.091966986656189,0.6582797765731812,0.8152672052383423,-1.799452781677246,-1.8055644035339355,-2.2146079540252686,-2.2146079540252686,-1.1346375942230225,-2.145683765411377,-2.145683765411377,-0.9790704846382141,-2.187385320663452,-2.187385320663452,-1.8532187938690186,-2.1639976501464844,-2.902064561843872,-2.902064561843872,-1.830831527709961,-2.525662899017334,-2.525662899017334,-1.0062984228134155,-1.3078432083129883,-0.006111621856689453,-0.41515517234802246,-0.409043550491333,1.079970359802246,0.0689241886138916,-1.0110461711883545,1.1666133403778076,-0.041701555252075195,-1.2083148956298828,0.3341665267944336,0.023387670516967773,-1.0488457679748535,-0.7380669116973877,1.0712330341339111,0.3764016628265381,-0.694831371307373,1.5193644762039185,1.2178196907043457,-0.30154478549957275,-0.409043550491333,-0.40293192863464355,1.4951255321502686,0.4779677391052246,-2.0910165309906006,1.097689151763916,0.9693446159362793,-2.3749282360076904,0.3758680820465088,1.2317025661468506,-1.383012294769287,-0.7614545822143555,2.1200788021087646,1.1144685745239258,-1.7660644054412842,1.1429628133773804,1.9126510620117188,-1.8209092617034912,-1.5193644762039185,0.0004544058465398848,0.0030213473364710808,0.002653370378538966,0.0004667589673772454,0.0004667589673772454,0.002555594779551029,0.0034549785777926445,1.7258076695725322e-05,1.7258076695725322e-05,0.0012328982120379806,0.0012328982120379806,0.005992113146930933,0.0001695316459517926,0.0001695316459517926,0.0014972127974033356,0.002085987478494644,0.002394792390987277,0.002394792390987277,0.0,0.002566941548138857,0.0021989645902067423,-0.002554588485509157,-0.002186611294746399,0.0020888359285891056,0.002988219726830721,-0.0025383366737514734,-0.0034377204719930887,0.0012156401062384248,0.0012156401062384248,0.004759214818477631,-0.0010633665369823575,-0.005822581704705954,0.0013276811223477125,0.0019164558034390211,0.0008975795935839415,0.00030880491249263287,-0.002394792390987277,-0.002394792390987277,-0.0003679769579321146,-0.005121530033648014,-0.0043855756521224976,0.004643424414098263,0.00517483102157712,-0.004627172835171223,-0.006425940431654453,0.00375397689640522,0.004653360694646835,0.0035435748286545277,-0.0022790066432207823,-0.010581796988844872,0.002391047775745392,0.007739037275314331,-0.00043010152876377106,-0.0016076508909463882,-0.0032923719845712185,-0.00270359730347991,0.0,0.07117581367492676,-0.13409066200256348,-0.7156418561935425,-0.2973616123199463,0.7826087474822998,-0.901566743850708,-0.7034960985183716,0.609083354473114,-0.599231481552124,-0.19262313842773438,0.5453448295593262,0.23456597328186035,-0.988395094871521,-0.2692410945892334,0.8019919395446777,0.22687292098999023,0.22687292098999023,0.9309701919555664,0.4724379777908325,-0.20526647567749023,-0.7868176698684692,-0.1632709503173828,1.4982506036758423,-0.6042051315307617,-1.4861048460006714,1.5106501579284668,0.10426461696624756,-0.8017064929008484,1.1445763111114502,0.4271891117095947,-1.5337399244308472,-0.5038070678710938,1.7903870344161987,0.49611401557922363,-0.5751190185546875,0.7040972709655762,0.24556505680084229,-0.4585322141647339,-0.581551194190979,0.04199552536010742,2.2850682735443115,-0.4409341812133789,-2.9843554496765137,2.1148552894592285,1.590369462966919,-2.31235671043396,1.0403116941452026,1.228895664215088,-2.678316116333008,-0.9309961795806885,3.324126958847046,0.9999210834503174,-2.365506172180176,0.20798325538635254,0.8206840753555298,-1.16262948513031,-0.7040972709655762,3.670081377029419,3.4770381450653076,3.713573932647705,4.131854057312012,3.0518839359283447,3.389800786972046,3.587871551513672,2.5672242641448975,3.7755391597747803,4.18214750289917,4.251782417297363,4.56256103515625,4.815733909606934,5.53488826751709,4.4636549949646,5.278198719024658,5.278198719024658,2.9435670375823975,3.0881242752075195,-0.19304323196411133,0.04349255561828613,0.6548159122467041,-0.6616899967193604,-0.7420532703399658,0.5359876155853271,-0.8225765228271484,0.1876676082611084,1.6149232387542725,0.476243257522583,0.3804135322570801,0.5639514923095703,0.9723272323608398,-0.352078914642334,-0.25668954849243164,0.8145437240600586,-2.3346316814422607,-2.1900744438171387,0.14455723762512207,0.23653578758239746,0.8478591442108154,-0.7051825523376465,-1.39686918258667,1.1976776123046875,-0.08052325248718262,-0.34832000732421875,2.437499761581421,0.2885756492614746,-1.2345097064971924,0.0877082347869873,0.5919137001037598,-0.9160304069519043,-1.2290167808532715,1.1666226387023926,-2.077942132949829,-3.0046181678771973,2.479188919067383,2.3346316814422607,0.7571071982383728,0.6499386429786682,0.5852081179618835,0.7391297817230225,0.8009217381477356,0.4967018961906433,0.5709315538406372,0.6985183954238892,0.6306949853897095,0.7577235698699951,0.8887899518013,0.8490856885910034,0.6447033286094666,0.8954873085021973,1.031833529472351,0.971965491771698,0.953781247138977,0.8289559483528137,0.7842121124267578,-0.10716855525970459,-0.17189908027648926,0.08919113874435425,0.21571362018585205,-0.24242788553237915,-0.2299901843070984,0.20181649923324585,0.059763431549072266,0.05920517444610596,0.2580949664115906,0.0913621187210083,-0.2440866231918335,0.04640161991119385,0.3871302008628845,0.07647818326950073,-0.07805228233337402,-0.14300954341888428,-0.16956913471221924,-0.04474383592605591,-0.06473052501678467,0.19635969400405884,0.3876127004623413,-0.3316190242767334,-0.44570380449295044,0.444244384765625,0.28975361585617065,-0.1426113247871399,0.1983315348625183,0.032156944274902344,-0.5021815896034241,-0.04496049880981445,0.631216824054718,0.030076563358306885,-0.46518248319625854,-0.219487726688385,-0.09151685237884521,0.09826570749282837,0.12482529878616333,0.05782574415206909,0.8738537430763245,1.4845893383026123,0.002653370378538966,0.5837946534156799,0.09354789555072784,0.24968843162059784,0.24327456951141357,0.3247741162776947,0.14875827729701996,1.1366500854492188,1.8856271505355835,0.39587855339050293,1.289825201034546,0.4720192551612854,0.9548138976097107,0.583571195602417,0.09427851438522339,0.3928429186344147,0.8160279989242554,1.4267635345458984,-0.8712003827095032,-0.9007946848869324,0.09089452773332596,-0.3341062068939209,0.14972667396068573,0.07508568465709686,-0.09451629221439362,0.8118759393692017,1.7368688583374023,-0.7407715320587158,-0.5958019495010376,0.07614070177078247,-0.3350113034248352,0.11155194044113159,-0.8605353832244873,-0.19072827696800232,0.2985644042491913,0.6107355356216431,-1.6872284412384033,-2.3275582790374756,0.9620949029922485,0.5666884779930115,0.05883214622735977,0.40919190645217896,-0.24424296617507935,0.7367902398109436,1.8313851356506348,-1.5526474714279175,-2.3326706886291504,0.8169122338294983,0.2607906460762024,0.03541123867034912,-0.5255240797996521,-0.3022802174091339,1.159099817276001,0.4892926812171936,15.384767532348633,18.05838966369629,17.770349502563477,18.689559936523438,13.555682182312012,16.249197006225586,16.80819320678711,11.031360626220703,16.59827423095703,19.828571319580078,21.89669418334961,26.288700103759766,32.04779815673828,30.847454071044922,17.49921226501465,26.552085876464844,28.635635375976562,12.314131736755371,10.964539527893066,2.6736221313476562,2.3855819702148438,0.6311702728271484,-4.214667320251465,-2.4403629302978516,3.2525110244750977,-5.217836380004883,-0.20991897583007812,8.797210693359375,5.298419952392578,6.4601287841796875,10.151103973388672,4.558753967285156,-14.548585891723633,-4.295368194580078,11.136423110961914,-14.237954139709473,-17.671096801757812,-1.3495922088623047,-0.2880401611328125,-2.042451858520508,-6.600249290466309,-3.071533203125,7.4671783447265625,-2.7774734497070312,-3.462430000305176,14.015047073364258,5.508338928222656,-2.3370819091796875,4.852684020996094,-1.9013748168945312,-24.699689865112305,-8.854122161865234,25.685009002685547,-9.942585945129395,-28.807519912719727,12.888361930847168,16.321504592895508,0.008259879425168037,-3.1996398320188746e-05,0.006853668950498104,-4.304555659473408e-06,0.0003383579896762967,-0.0005124713643454015,0.00023528542078565806,5.607321872957982e-05,0.00401138374581933,0.0040904381312429905,0.004409621935337782,0.009479980915784836,-0.0009464469039812684,0.0059992363676428795,0.0014211720554158092,-0.0001583009143359959,0.0013429076643660665,0.00011136934335809201,-0.0004751341766677797,-0.008291875943541527,-0.0014062104746699333,2.769184357021004e-05,-0.006515311077237129,-0.0005081667914055288,-0.00010307256889063865,0.000568544608540833,0.003776098368689418,0.004034365061670542,0.0003982381895184517,0.005389542784541845,-0.0053560687229037285,-0.0034807445481419563,0.0023676189593970776,-0.006157537456601858,-7.82643910497427e-05,0.00026967027224600315,-0.0018180417828261852,-0.0005865035345777869,0.0068856654688715935,0.008319567888975143,-0.005109100602567196,-0.0005358586204238236,0.006412238348275423,0.0010767113417387009,0.0038791708648204803,0.0034658205695450306,-0.003377860179170966,0.0013551777228713036,-0.00575430691242218,-0.008870286867022514,0.007723687682300806,-0.002676792908459902,-0.0024458833504468203,0.006427207961678505,-0.0017397773917764425,-0.0008561738068237901,0.0012315382482483983,-141967520.0,-173024384.0,-170593360.0,-174794144.0,-121785280.0,-152237856.0,-160988480.0,-99607392.0,-153795760.0,-184092768.0,-204282080.0,-250614016.0,-316392192.0,-303256320.0,-161570176.0,-256294512.0,-278899712.0,-110395576.0,-96949752.0,-31056864.0,-28625840.0,-1769760.0,48808080.0,22556288.0,-39203200.0,52630464.0,7192720.0,-84485376.0,-50486320.0,-66521248.0,-112110112.0,-52642304.0,154822016.0,46961808.0,-117329536.0,145898944.0,181949952.0,13445824.0,2431024.0,29287104.0,77433920.0,24326048.0,-88011280.0,30074176.0,46395920.0,-137115840.0,-57679040.0,17964128.0,-61623792.0,13878944.0,266932128.0,99604112.0,-272151552.0,98937136.0,299279488.0,-132453120.0,-168504128.0,2.129702091217041,2.297762870788574,3.02704119682312,3.7199909687042236,1.618855357170105,3.017345905303955,3.1566436290740967,0.7195912599563599,3.248311758041382,4.007612705230713,6.193284034729004,8.33788776397705,19.247406005859375,22.573049545288086,7.289979934692383,14.118667602539062,14.868945121765137,1.613389492034912,0.8808128833770752,0.1680607795715332,0.8973391056060791,1.4222280979156494,-1.4081858396530151,-0.7026450634002686,1.5377882719039917,-2.2977547645568848,0.09166812896728516,3.2880215644836426,2.944972276687622,4.330275058746338,13.054121971130371,14.235161781311035,-11.957426071166992,-8.454381942749023,7.578965187072754,-12.505277633666992,-13.98813247680664,-0.7325766086578369,0.7292783260345459,1.2541673183441162,-2.3055248260498047,-2.124873161315918,2.945974111557007,-1.5951097011566162,-1.4461201429367065,5.585776329040527,2.853304147720337,1.0422534942626953,10.109149932861328,9.904886245727539,-25.011547088623047,-22.689544677734375,19.536392211914062,-4.050895690917969,-21.567096710205078,11.772701263427734,13.255556106567383,0.060820043087005615,-0.05068231374025345,-0.07652436196804047,0.08621419221162796,0.1228705570101738,-0.11273545771837234,-0.027601689100265503,0.1338544636964798,-0.08891922235488892,-0.043377652764320374,0.16209405660629272,-0.028721323236823082,-0.17804646492004395,0.0785578042268753,0.11165300011634827,-0.11774861067533493,-0.033379290252923965,0.08128940314054489,0.04866263270378113,-0.11150235682725906,-0.13734440505504608,0.1368965059518814,0.19939491152763367,-0.1989496499300003,-0.1504722535610199,0.24658992886543274,-0.06131753325462341,-0.17723211646080017,0.25101327896118164,0.014656329527497292,-0.34014052152633667,0.10727912932634354,0.2896994650363922,-0.19630640745162964,-0.14503228664398193,0.19903801381587982,0.0820419192314148,-0.03262677043676376,-0.025842048227787018,0.24839887022972107,0.33673930168151855,-0.3358461558818817,-0.34986716508865356,0.44553959369659424,0.08915472030639648,-0.4238220453262329,0.31233081221580505,0.1918884515762329,-0.5911538004875183,0.0926228016614914,0.6298400163650513,-0.3035855293273926,-0.43473175168037415,0.39534443616867065,0.22707420587539673,-0.231664776802063,-0.11466868966817856,0.7544136047363281,0.8214582800865173,0.8064457178115845,0.8241545557975769,0.6737416982650757,0.7522266507148743,0.7964978814125061,0.5891362428665161,0.7731572389602661,0.8630231618881226,0.8523340225219727,0.9968754053115845,1.0439785718917847,1.0702333450317383,0.7836662530899048,0.9758591651916504,1.0399715900421143,0.6638848185539246,0.6374395489692688,0.06704467535018921,0.05203211307525635,0.0026962757110595703,-0.1327040195465088,-0.07192790508270264,0.12275618314743042,-0.16309040784835815,-0.02334064245223999,0.27388691902160645,0.07917678356170654,0.13385224342346191,0.191644549369812,0.07335793972015381,-0.2603123188018799,-0.09437417984008789,0.2563053369522095,-0.31197434663772583,-0.40253204107284546,-0.02644526958465576,-0.015012562274932861,-0.06434839963912964,-0.18473613262176514,-0.07462418079376221,0.2554602026939392,-0.09116250276565552,-0.1460968255996704,0.4369773268699646,0.10251742601394653,-0.14003467559814453,0.11246776580810547,-0.060494303703308105,-0.4519568681716919,-0.1677321195602417,0.5166176557540894,-0.21760016679763794,-0.6588373780250549,0.28552907705307007,0.3760867714881897,0.5691398978233337,0.6747936606407166,0.6503546833992004,0.6792307496070862,0.4539278745651245,0.5658449530601501,0.6344088315963745,0.3470815122127533,0.5977721214294434,0.7448089718818665,0.7264732718467712,0.9937605261802673,1.0898911952972412,1.1453994512557983,0.614132821559906,0.9523010849952698,1.081540822982788,0.440743088722229,0.4063292145729065,0.10565376281738281,0.0812147855758667,0.004437088966369629,-0.19642680883407593,-0.11338579654693604,0.18048095703125,-0.21876344084739685,-0.03663671016693115,0.39772745966911316,0.12870115041732788,0.24895155429840088,0.36341792345046997,0.151638925075531,-0.4757583737373352,-0.19309836626052856,0.4674080014228821,-0.5115579962730408,-0.6752116084098816,-0.03441387414932251,-0.024438977241516113,-0.10121667385101318,-0.2776415944099426,-0.11782288551330566,0.3769077658653259,-0.10537764430046082,-0.21711766719818115,0.61649090051651,0.16533786058425903,-0.14877590537071228,0.2347167730331421,-0.09731262922286987,-0.8391762971878052,-0.34473729133605957,0.9431663751602173,-0.3184596300125122,-1.1426196098327637,0.47714412212371826,0.6407977342605591,-0.16937634348869324,-0.017101755365729332,-0.1752631962299347,-0.3206332325935364,0.2215026617050171,-0.25651469826698303,-0.4700235426425934,0.12098805606365204,-0.23235459625720978,-0.17802654206752777,0.013733121566474438,0.10029125958681107,-0.07041530311107635,-0.4572775959968567,0.30268508195877075,0.26282230019569397,0.16177897155284882,0.4945656359195709,0.04900358244776726,0.15227459371089935,-0.005886852741241455,-0.3035314679145813,0.3967658579349518,0.06411853432655334,-0.6915261745452881,0.3775027394294739,0.2376689463853836,-0.2990145981311798,0.2460877150297165,0.27831780910491943,-0.08414842188358307,-0.5575688481330872,0.3731003999710083,0.720099925994873,-0.14090611040592194,0.23174333572387695,-0.11277538537979126,-0.44556206464767456,-0.1581614464521408,-0.45580607652664185,0.40265271067619324,0.36765000224113464,-1.0882920026779175,0.31338420510292053,0.9291951060295105,-0.6765173673629761,0.008418768644332886,0.5773323774337769,-0.33023613691329956,-0.8358866572380066,0.4572488069534302,1.2776687145233154,-0.514006495475769,-0.4883565902709961,0.028130725026130676,-0.6773054003715515,-0.3327866792678833,2.8842310905456543,2.2933356761932373,2.4035210609436035,2.918994665145874,2.389711618423462,2.5474939346313477,2.7198002338409424,2.3392510414123535,2.835585594177246,2.5410268306732178,2.707618474960327,2.496656656265259,2.5451314449310303,3.4108054637908936,3.6462416648864746,3.2738449573516846,2.825080394744873,2.7273504734039307,2.8111438751220703,-0.590895414352417,-0.4807100296020508,0.6256589889526367,-0.013809442520141602,-0.37150073051452637,0.33008861541748047,-0.20824289321899414,0.11578536033630371,0.20177578926086426,-0.12796711921691895,-0.044370174407958984,-0.16248703002929688,0.9141488075256348,1.1011102199554443,-0.13696050643920898,-0.8211612701416016,-0.5464944839477539,-0.013936519622802734,0.08379340171813965,0.11018538475036621,1.2165544033050537,0.4669005870819092,-0.9971597194671631,0.34389805793762207,0.16325783729553223,-0.21430325508117676,0.4100186824798584,-0.24375247955322266,-0.24614596366882324,-0.03451991081237793,0.9585189819335938,1.2635972499847412,-1.0511093139648438,-1.922271490097046,-0.4095339775085449,0.8072247505187988,0.6302878856658936,0.09772992134094238,60.000038146972656,-50.28873062133789,-76.99455261230469,86.21529388427734,123.00540161132812,-112.57784271240234,-27.59487533569336,133.88616943359375,-89.29475402832031,-42.47193908691406,161.68223571777344,-28.442110061645508,-177.65777587890625,78.44047546386719,111.58844757080078,-117.25230407714844,-33.422889709472656,81.2671890258789,48.8590087890625,-110.28877258300781,-136.99459838867188,136.5040283203125,199.9999542236328,-198.7931365966797,-150.60028076171875,246.46401977539062,-61.69987869262695,-176.3581085205078,250.97698974609375,14.029829025268555,-339.34002685546875,106.88258361816406,289.2462158203125,-195.69277954101562,-145.01133728027344,198.51950073242188,82.28189849853516,-32.408180236816406,-26.705825805664062,246.7928009033203,336.99456787109375,-335.29718017578125,-350.6002197265625,445.25714111328125,88.90040588378906,-422.8221435546875,312.6768798828125,190.387939453125,-590.3170166015625,92.85275268554688,628.5862426757812,-302.57537841796875,-434.257568359375,394.2122802734375,227.29324340820312,-230.92767333984375,-114.69007873535156,0.08360792696475983,-0.08900706470012665,-0.08670677244663239,0.23116904497146606,0.23769259452819824,-0.21350055932998657,0.00014098547399044037,0.22668123245239258,-0.1115746721625328,-0.010225549340248108,0.2927473187446594,-0.06788492202758789,-0.3295510709285736,0.17538172006607056,0.1510462462902069,-0.1800057590007782,-0.0347621813416481,0.12478555738925934,0.12647609412670135,-0.17261499166488647,-0.1703146994113922,0.3201761245727539,0.32439935207366943,-0.44466960430145264,-0.23755161464214325,0.44018179178237915,-0.1117156594991684,-0.23690678179264069,0.4043219983577728,-0.05765937268733978,-0.6222983598709106,0.24326664209365845,0.4805973172187805,-0.35538747906684875,-0.18580842018127441,0.30479133129119873,0.16123828291893005,0.0016905367374420166,0.0023002922534942627,0.4927911162376404,0.49471405148506165,-0.7648457288742065,-0.5619509816169739,0.8848513960838318,0.12583595514297485,-0.6770885586738586,0.51603764295578,0.1792474091053009,-1.0266203880310059,0.3009260296821594,1.102895736694336,-0.5986541509628296,-0.6664057374000549,0.6601787805557251,0.34704670310020447,-0.3031007945537567,-0.15954774618148804
-0.14262929558753967,-0.034565869718790054,0.12380372732877731,-0.04343307763338089,-0.06758014112710953,0.12898243963718414,0.031908996403217316,-0.024391623213887215,0.10452147573232651,-0.06422057747840881,-0.20657430589199066,0.1700473576784134,0.2241736501455307,-0.1615818291902542,0.048587240278720856,0.08564740419387817,-0.18784455955028534,0.051148779690265656,0.1634313464164734,0.10806342959403992,0.2664330303668976,-0.008867207914590836,-0.19138386845588684,0.17241552472114563,0.09948913753032684,-0.1533740609884262,0.07261247932910919,-0.03982895612716675,-0.3110957741737366,0.2342679351568222,0.43074795603752136,-0.3316291868686676,-0.17558640241622925,0.24722923338413239,-0.2364318072795868,-0.03449862450361252,0.3512759208679199,0.11228256672620773,0.15836960077285767,-0.11693063378334045,-0.4578168988227844,0.18128272891044617,0.2908729910850525,-0.32578957080841064,-0.02687665820121765,0.11354510486125946,-0.38370823860168457,0.27409690618515015,0.7418437004089355,-0.5658971071243286,-0.6063343286514282,0.5788584351539612,-0.060845404863357544,-0.2817278504371643,0.5877077579498291,0.14678119122982025,-0.2389933466911316,0.535702109336853,0.48642268776893616,0.4061046242713928,0.5562726855278015,0.6849700212478638,0.5911740660667419,0.5557306408882141,0.546497106552124,0.5731748342514038,0.8677511215209961,0.9644333720207214,0.8032034039497375,0.732230544090271,0.6231852173805237,0.6140840649604797,0.7694776654243469,0.7942889928817749,0.6637762188911438,0.605710506439209,-0.04927942156791687,-0.1295974850654602,0.06984999775886536,0.27886539697647095,0.03490138053894043,-0.12923938035964966,-0.04467695951461792,0.017444193363189697,0.32125401496887207,0.3912585377693176,-0.06454771757125854,-0.23220282793045044,-0.18001818656921387,-0.11814647912979126,0.14629244804382324,0.18020492792129517,-0.10570144653320312,-0.18857848644256592,-0.058065712451934814,-0.08031806349754333,0.11912941932678223,0.40846288204193115,-0.03494861721992493,-0.4081047773361206,-0.07957834005355835,0.14668357372283936,0.36593097448349,0.37381434440612793,-0.3858017325401306,-0.6234613656997681,-0.11547046899795532,0.11405634880065918,0.3263106346130371,0.2983514070510864,-0.25199389457702637,-0.3687834143638611,0.04763573408126831,0.1305127739906311,1.1537326574325562,1.3515136241912842,1.3515136241912842,1.6479114294052124,1.7026408910751343,2.063373565673828,2.063373565673828,1.8411650657653809,2.405242681503296,2.405242681503296,1.8490910530090332,2.28192400932312,2.28192400932312,1.3476401567459106,2.06815242767334,2.06815242767334,1.6850827932357788,1.4284323453903198,1.4284323453903198,0.19778096675872803,0.19778096675872803,0.2963978052139282,0.3511272668838501,0.4154621362686157,0.36073267459869385,-0.22220849990844727,0.3418691158294678,0.564077615737915,-0.5561516284942627,-0.12331867218017578,0.4328329563140869,-0.9342838525772095,-0.21377158164978027,0.7205122709274292,-0.38306963443756104,-0.63972008228302,-0.256650447845459,0.0,0.0,0.0986168384552002,0.15334630012512207,0.1190643310546875,0.00960540771484375,-0.637670636177063,-0.018863558769226074,0.7862861156463623,-0.8980207443237305,-0.6873962879180908,0.9889845848083496,-0.8109651803970337,-0.6466045379638672,1.6547961235046387,-0.16929805278778076,-1.3602323532104492,0.12641918659210205,0.63972008228302,0.256650447845459,1.7110167741775513,1.7110167741775513,1.403685212135315,1.6479114294052124,1.7026408910751343,2.063373565673828,2.063373565673828,1.8411650657653809,2.405242681503296,3.1350221633911133,3.1350221633911133,2.5612716674804688,2.28192400932312,2.2062249183654785,2.06815242767334,2.5779459476470947,2.5779459476470947,1.8411047458648682,2.067460298538208,0.0,-0.30733156204223633,-0.06310534477233887,0.29895567893981934,0.4154621362686157,0.36073267459869385,-0.22220849990844727,0.3418691158294678,1.2938570976257324,0.7297794818878174,-0.5737504959106445,-0.8530981540679932,-0.35504674911499023,-0.21377158164978027,0.3717210292816162,0.5097935199737549,-0.7368412017822266,-0.5104856491088867,0.22635555267333984,-0.30733156204223633,-0.06310534477233887,0.6062872409820557,0.4785674810409546,0.06177699565887451,-0.637670636177063,-0.018863558769226074,1.5160655975341797,0.3879103660583496,-1.867607593536377,-1.5828776359558105,0.2187037467956543,0.6393265724182129,0.7267677783966064,0.7235651016235352,-1.1085622310638428,-1.0202791690826416,0.9631967544555664,0.7368412017822266,-1.7110167741775513,-1.7110167741775513,-1.403685212135315,-1.5514551401138306,-1.7014938592910767,-1.7014938592910767,-1.753475308418274,-1.753475308418274,-1.634618878364563,-3.1350221633911133,-3.1350221633911133,-2.5612716674804688,-2.2062249183654785,-2.2062249183654785,-1.823957920074463,-2.5779459476470947,-2.5779459476470947,-1.8411047458648682,-2.067460298538208,0.0,0.30733156204223633,0.1595616340637207,-0.2978086471557617,-0.1500387191772461,-0.051981449127197266,-0.051981449127197266,0.11885643005371094,-1.3815468549728394,-1.5004032850265503,0.5737504959106445,0.9287972450256348,0.35504674911499023,0.3822669982910156,-0.3717210292816162,-0.7539880275726318,0.7368412017822266,0.5104856491088867,-0.22635555267333984,0.30733156204223633,0.1595616340637207,-0.605140209197998,-0.3096003532409668,0.24582719802856445,0.09805727005004883,0.1708378791809082,-1.329565405845642,-1.6192597150802612,1.9552973508834839,2.4292006492614746,-0.2187037467956543,-0.5465302467346191,-0.7267677783966064,-1.1362550258636475,1.1085622310638428,1.2644736766815186,-0.9631967544555664,-0.7368412017822266,0.004621466156095266,0.0005592680536210537,0.0005592680536210537,0.000808261102065444,0.000522297341376543,0.000522297341376543,0.004633051343262196,0.0007187528535723686,0.00040466582868248224,0.00040466582868248224,0.0022840690799057484,0.0008886447176337242,0.0008886447176337242,0.0033601573668420315,0.0021522575989365578,0.0021522575989365578,0.0008375018951483071,0.0008375018951483071,0.0,-0.004062198102474213,-0.004062198102474213,0.0002489930484443903,-3.697071224451065e-05,-0.00028596376068890095,0.0041107540018856525,0.00019645551219582558,-0.004228385630995035,-0.0003140870248898864,0.0018794032512232661,0.00048397888895124197,-0.0013954243622720242,0.0024715126492083073,0.0012636128813028336,-0.0012078997679054737,-0.0013147557619959116,-0.0013147557619959116,-0.0008375018951483071,-0.0008375018951483071,0.0,0.004311190918087959,0.004025227390229702,-0.0005349568091332912,0.004147724714130163,0.0004824192728847265,-0.008339139632880688,-0.000510542537085712,0.006107788998633623,0.0007980659138411283,-0.003274827729910612,0.0019875336438417435,0.0026590372435748577,-0.003679412417113781,-0.002578368643298745,-0.00010685599409043789,0.0004772538668476045,0.0004772538668476045,0.0,-0.5572841167449951,-0.3595031499862671,-0.05217158794403076,0.09645628929138184,0.0011470317840576172,0.36187970638275146,0.3098982572555542,0.08768975734710693,0.7706238031387329,-0.7297794818878174,-1.28593111038208,-0.27934765815734863,0.0756990909576416,-0.8585847616195679,0.24419450759887695,-0.5097935199737549,-0.8928631544113159,-0.41267240047454834,-0.6390279531478882,0.19778096675872803,0.5051125288009644,0.4559594392776489,0.05331861972808838,0.26542341709136963,0.3087512254714966,-0.27418994903564453,0.4607255458831787,-0.8174692392349243,-2.0565547943115234,0.45043182373046875,1.3616302013397217,-0.5792371034622192,0.16849541664123535,0.348791241645813,-1.1370576620101929,0.09712111949920654,0.25383520126342773,-0.22635555267333984,0.30733156204223633,0.2581784725189209,-0.451793909072876,-0.1905360221862793,0.2554326057434082,-0.5396133661270142,0.15197432041168213,-0.5432792901992798,-2.517280340194702,1.267901062965393,3.418184995651245,-1.029668927192688,-1.1931347846984863,0.9280283451080322,-1.3055530786514282,-0.25167012214660645,1.3908928632736206,-0.3234766721725464,-0.4801907539367676,2.8647494316101074,3.062530517578125,2.7551989555358887,3.199366569519043,3.404134750366211,3.7648673057556152,3.8168487548828125,3.5946402549743652,4.039861679077148,5.540265083312988,4.9841132164001465,4.843195915222168,4.4881486892700195,3.5538649559020996,3.8921103477478027,4.6460981369018555,4.263028621673584,3.2695369720458984,3.4958925247192383,0.19778108596801758,-0.10955047607421875,0.13683605194091797,0.6489357948303223,0.5655007362365723,0.41271400451660156,-0.17022705078125,0.22301292419433594,1.945624828338623,0.944251537322998,-0.6970691680908203,-0.49596452713012695,-1.2893309593200684,-0.5960383415222168,1.0922331809997559,0.37091827392578125,-1.376561164855957,-0.7671360969543457,0.22635555267333984,-0.30733156204223633,-0.06094503402709961,0.758486270904541,0.4286646842956543,-0.2362217903137207,-0.7357277870178223,-0.18970108032226562,2.115851879119873,0.7212386131286621,-2.6426939964294434,-1.440216064453125,-0.592261791229248,-0.10007381439208984,2.381564140319824,0.966956615447998,-2.468794345855713,-1.138054370880127,1.6029167175292969,0.9934916496276855,0.49666163325309753,0.5944568514823914,0.663547158241272,0.6998761296272278,0.6621556878089905,0.8355621695518494,0.8652130961418152,0.7788671851158142,0.965491533279419,0.7997914552688599,0.5939670205116272,0.8128712773323059,0.8557737469673157,0.535841703414917,0.816035270690918,0.7334952354431152,0.5990735292434692,0.5678490996360779,0.5878674983978271,0.09779521822929382,0.16688552498817444,0.10541927814483643,-0.0013914704322814941,0.13568603992462158,0.2030574083328247,-0.056694984436035156,0.10027843713760376,0.020924270153045654,-0.37152451276779175,0.013079822063446045,0.2618067264556885,-0.2770295739173889,-0.039738476276397705,0.19765353202819824,-0.21696174144744873,-0.16564613580703735,-0.01120603084564209,0.020018398761749268,0.06909030675888062,0.0076240599155426025,-0.16827699542045593,0.030266761779785156,0.2044488787651062,-0.19238102436065674,-0.10277897119522095,0.07761925458908081,-0.4718029499053955,-0.00784444808959961,0.6333312392234802,-0.29010939598083496,-0.3015452027320862,0.47468310594558716,-0.17722326517105103,-0.3632996678352356,0.20575571060180664,0.18566453456878662,0.031224429607391357,0.5084404945373535,0.05780892074108124,0.3208549916744232,0.5390638113021851,1.242743730545044,0.5307173132896423,0.060681138187646866,0.9712668061256409,0.7921493053436279,0.822020411491394,0.016604013741016388,0.47134241461753845,0.8064656853675842,1.3476401567459106,0.8576263785362244,0.43971091508865356,0.5783175230026245,0.04964883252978325,0.6476315855979919,-0.4506315588951111,-0.1875855028629303,0.4812548756599426,0.9218887090682983,-0.008346498012542725,-1.1820626258850098,0.44054949283599854,0.731468141078949,-0.14924639463424683,-0.7755452990531921,-0.3506779968738556,0.7898616790771484,0.8762977123260498,0.05116069316864014,-0.9079292416572571,-0.27930885553359985,-0.3900620937347412,0.06931406259536743,0.5979827642440796,0.2630460560321808,0.9318864345550537,1.1094741821289062,-0.48960137367248535,-2.1039514541625977,0.44889599084854126,1.9135308265686035,-0.5897958874702454,-1.5070134401321411,-0.20143160223960876,1.5654070377349854,1.226975679397583,-0.7387009859085083,-1.784226894378662,-0.33046954870224,0.5178671479225159,0.3486229181289673,0.9880448579788208,0.5286687016487122,12.021217346191406,11.02987289428711,7.10500955581665,12.688812255859375,18.047700881958008,15.35205364227295,13.353320121765137,12.891024589538574,15.900538444519043,33.767486572265625,38.77519607543945,25.638212203979492,20.870800018310547,16.516569137573242,17.031959533691406,26.092227935791016,25.842504501342773,16.530162811279297,14.390998840332031,-0.9913444519042969,-4.916207790374756,1.6589393615722656,10.942691802978516,2.663241386413574,-4.694380760192871,-2.461029052734375,2.5472183227539062,20.876461029052734,22.874656677246094,-8.129274368286133,-17.904396057128906,-9.12164306640625,-3.8388404846191406,9.575658798217773,8.810544967651367,-9.562065124511719,-11.451505661010742,-2.1391639709472656,-3.924863338470459,2.6502838134765625,15.85890007019043,1.0043020248413086,-15.637072563171387,-5.124270439147949,7.241599082946777,23.33749008178711,20.327438354492188,-29.005735397338867,-40.779052734375,-0.9923686981201172,14.065555572509766,18.697301864624023,12.649385452270508,-19.137723922729492,-20.26205062866211,7.422901153564453,9.312341690063477,-0.0009458515560254455,0.001394854043610394,0.004494757391512394,0.0037438939325511456,0.006409010384231806,0.0018422800349071622,-0.00028559748898260295,-0.0003222113009542227,-0.0002271057601319626,0.0023578337859362364,0.0031542908400297165,0.0023899171501398087,0.006179927382618189,0.0020426942501217127,0.0028313221409916878,0.0010910435812547803,-0.0009495267295278609,-0.0003564006765373051,-0.0004545914416667074,0.0023407055996358395,0.005440609063953161,0.0023490400053560734,0.0019142529927194118,-0.0019016138976439834,-0.006694607902318239,-0.0021644914522767067,5.8491728850640357e-05,0.002680045086890459,0.0033813966438174248,3.208336420357227e-05,0.0030256365425884724,-0.00034722290001809597,-0.003348605241626501,-0.0009516506688669324,-0.0037808488123118877,-0.0014474443159997463,0.0004949353169649839,-9.819076512940228e-05,0.0030999034643173218,8.334405720233917e-06,-0.0035263560712337494,-0.004250654019415379,-0.008608860895037651,-0.00026287755463272333,0.006753099616616964,0.004844536539167166,0.0033229049295186996,-0.002647961722686887,-0.0003557601012289524,-0.00037930626422166824,-0.0063742417842149734,-0.0006044277688488364,-0.00043224357068538666,-0.0004957936471328139,0.004275783896446228,0.0013492535799741745,-0.0005931260529905558,-109544544.0,-101059112.0,-60177408.0,-113975672.0,-171337712.0,-137779568.0,-120275776.0,-118241152.0,-146019344.0,-330293696.0,-389505632.0,-251244992.0,-198953328.0,-154325280.0,-157380048.0,-257614688.0,-247717104.0,-153519392.0,-130207464.0,8485432.0,49367136.0,-12916560.0,-111160304.0,-23803896.0,51061936.0,19538416.0,-25743568.0,-212052544.0,-243486288.0,79048704.0,190552304.0,96919712.0,41573280.0,-103289408.0,-90337056.0,104095296.0,117509640.0,23311928.0,40881704.0,-21401992.0,-160527440.0,-10887336.0,162222240.0,43342312.0,-76805504.0,-231590960.0,-217742720.0,291101248.0,434038592.0,17871008.0,-148979024.0,-200209120.0,-131910336.0,207384704.0,207846688.0,-80783368.0,-94197712.0,1.16082763671875,1.1372959613800049,0.2725456953048706,1.1780778169631958,2.0150222778320312,2.559208393096924,2.2217230796813965,1.7696573734283447,4.891291618347168,34.53782272338867,38.852256774902344,11.027445793151855,5.5754218101501465,3.502530336380005,3.5770263671875,9.963980674743652,9.059249877929688,2.0860538482666016,1.8984843492507935,-0.023531675338745117,-0.8882819414138794,0.04078185558319092,1.7424765825271606,1.381130576133728,0.20670080184936523,-0.7895510196685791,2.6695685386657715,32.768165588378906,33.96096420288086,-23.5103759765625,-33.27683639526367,-7.52491569519043,-1.9983954429626465,6.461450576782227,5.4822235107421875,-7.877926826477051,-7.160765647888184,-0.1875694990158081,-0.8647502660751343,0.06431353092193604,2.63075852394104,1.340348720550537,-1.5357757806777954,-2.1706814765930176,2.4628677368164062,33.557716369628906,31.29139518737793,-56.278541564941406,-67.23780059814453,15.98546028137207,31.278440475463867,13.986366271972656,7.480618953704834,-14.339377403259277,-12.642989158630371,7.690357208251953,6.973196029663086,-0.0720248743891716,-0.01712973043322563,0.06256435066461563,-0.021213827654719353,-0.03314148634672165,0.0644635409116745,0.015695888549089432,-0.013150645419955254,0.05209784954786301,-0.03227124363183975,-0.10326813161373138,0.08491457253694534,0.11337676644325256,-0.08158870041370392,0.024429799988865852,0.04316774010658264,-0.09490270912647247,0.025520432740449905,0.08171874284744263,0.05489514395594597,0.13458922505378723,-0.004084097221493721,-0.09570583701133728,0.085677370429039,0.04883737489581108,-0.0776141881942749,0.036401960998773575,-0.0191205982118845,-0.1553659737110138,0.1171858161687851,0.21664489805698395,-0.16650328040122986,-0.08894696831703186,0.12475644052028656,-0.11933250725269318,-0.017647307366132736,0.1766214519739151,0.05619831010699272,0.07969407737255096,-0.05897924304008484,-0.2302950620651245,0.08976146578788757,0.14454321563243866,-0.1632915586233139,-0.012435413897037506,0.05849359184503555,-0.19176793098449707,0.13630641996860504,0.37201088666915894,-0.28368908166885376,-0.305591881275177,0.2912597060203552,-0.030385538935661316,-0.1424037516117096,0.2959539592266083,0.07384561747312546,-0.12042313814163208,0.6599323153495789,0.6458337903022766,0.5040768384933472,0.692331075668335,0.824540913105011,0.7520266175270081,0.710909903049469,0.6987738013267517,0.7694592475891113,1.129810094833374,1.1948881149291992,0.9712536931037903,0.8609022498130798,0.7747361660003662,0.802220344543457,0.9910475015640259,0.9719563722610474,0.7901081442832947,0.7204189896583557,-0.014098525047302246,-0.1558554768562317,0.04649728536605835,0.3204640746116638,0.059695541858673096,-0.11363101005554199,-0.05325281620025635,0.058549344539642334,0.4310362935066223,0.4254288673400879,-0.15855640172958374,-0.3339858651161194,-0.19651752710342407,-0.0586819052696228,0.21631133556365967,0.16973602771759033,-0.2009393572807312,-0.25153738260269165,-0.06968915462493896,-0.14175695180892944,0.060595810413360596,0.4763195514678955,0.013198256492614746,-0.4340950846672058,-0.11294835805892944,0.17218035459518433,0.48428910970687866,0.36687952280044556,-0.589592695236206,-0.7594147324562073,-0.03796112537384033,0.2753039598464966,0.41282886266708374,0.22841793298721313,-0.41725069284439087,-0.421273410320282,0.13125020265579224,0.18184822797775269,0.43551069498062134,0.41710126399993896,0.2540934383869171,0.47932231426239014,0.679867684841156,0.5655440092086792,0.5053929090499878,0.4882848262786865,0.592067539691925,1.2764708995819092,1.4277576208114624,0.9433336853981018,0.7411526441574097,0.6002161502838135,0.6435574889183044,0.9821751713752747,0.9446991682052612,0.6242708563804626,0.5190035104751587,-0.018409430980682373,-0.18141725659370422,0.06222105026245117,0.4257742464542389,0.08622169494628906,-0.1744747757911682,-0.07725918292999268,0.08667463064193726,0.7881860733032227,0.8356900811195374,-0.3331372141838074,-0.6866049766540527,-0.34311753511428833,-0.09759515523910522,0.3819590210914612,0.3011416792869568,-0.357904314994812,-0.42569565773010254,-0.10526734590530396,-0.16300782561302185,0.08063048124313354,0.6071915030479431,0.02400064468383789,-0.6002490520477295,-0.16348087787628174,0.26114940643310547,0.8654452562332153,0.7490154504776001,-1.1213233470916748,-1.5222949981689453,-0.009980320930480957,0.5890098214149475,0.7250765562057495,0.398736834526062,-0.7398633360862732,-0.7268373370170593,0.25263696908950806,0.3204283118247986,-0.38646936416625977,-0.4641067385673523,-0.16858921945095062,0.2558053135871887,0.16644489765167236,-0.08833452314138412,0.3248768746852875,0.4713082015514374,0.6232130527496338,-0.3913984000682831,-0.47298458218574524,-0.6796430945396423,-0.3570517897605896,-0.2351515293121338,0.04530782252550125,-0.3236146867275238,-0.18939699232578278,-0.626594603061676,-0.8669915199279785,-0.07763737440109253,0.21788014471530914,0.719912052154541,0.3350341320037842,-0.34413984417915344,0.1584319770336151,0.5596427321434021,0.2983361780643463,-0.8627066016197205,-1.0961976051330566,-0.28824469447135925,0.11593279242515564,0.44449156522750854,0.40235960483551025,-0.08846315741539001,-0.23470482230186462,-0.3029799163341522,-0.6775945425033569,-0.2403969168663025,0.2955175042152405,0.7975494265556335,0.11715398728847504,-1.064051866531372,-0.17660215497016907,0.9037826061248779,0.1399042010307312,-1.4223493337631226,-1.3945337533950806,0.5744619369506836,1.2121304273605347,0.7327362298965454,0.2864268124103546,-0.5329546928405762,-0.6370644569396973,-0.2145167589187622,-0.4428897202014923,0.06258299946784973,0.43719762563705444,2.613870859146118,3.2695648670196533,3.2782649993896484,2.8248391151428223,2.2676737308502197,3.130359172821045,3.3238747119903564,3.3226981163024902,3.5623719692230225,3.216203451156616,2.5534913539886475,3.31099009513855,3.0751328468322754,2.907341718673706,3.1171092987060547,2.8699951171875,2.450892210006714,2.591841697692871,3.4850656986236572,0.6556940078735352,0.6643941402435303,-0.44472575187683105,-1.0105912685394287,0.30552005767822266,1.0562009811401367,0.1923389434814453,0.23849725723266602,-0.10649466514587402,-1.008880615234375,0.0947866439819336,0.5216414928436279,-0.40364837646484375,0.0419764518737793,-0.037346601486206055,-0.6662170886993408,-0.2781534194946289,1.0341734886169434,0.8932240009307861,0.008700132369995117,-1.1004197597503662,-1.674985408782959,0.7502458095550537,2.0667922496795654,-0.11318111419677734,-0.8177037239074707,-0.29883360862731934,-1.247377872467041,0.20128130912780762,1.530522108078003,-0.49843502044677734,-0.47966504096984863,0.3663017749786377,-0.7081935405731201,-0.24080681800842285,1.7003905773162842,1.171377420425415,-0.14094948768615723,-71.59990692138672,-17.352066040039062,62.149471282958984,-21.80340576171875,-33.92523193359375,64.74918365478516,16.0183162689209,-12.24459457397461,52.46977996826172,-32.238731384277344,-103.70030212402344,85.36377716064453,112.53517150878906,-81.11407470703125,24.39079475402832,42.9949951171875,-94.29796600341797,25.676687240600586,82.04253387451172,54.247840881347656,133.74937438964844,-4.4513397216796875,-96.07470703125,86.5525894165039,49.94355010986328,-76.9937744140625,36.45146179199219,-19.994136810302734,-156.17007446289062,117.60250854492188,216.2354736328125,-166.47784423828125,-88.14437866210938,124.10906982421875,-118.68875885009766,-17.318307876586914,176.3404998779297,56.3658447265625,79.50153350830078,-58.699180603027344,-229.82408142089844,91.0039291381836,146.01824951171875,-163.54635620117188,-13.492088317871094,56.999637603759766,-192.6215362548828,137.59664916992188,372.4055480957031,-284.0803527832031,-304.3798522949219,290.5869140625,-30.54438018798828,-141.42738342285156,295.0292663574219,73.68415069580078,-119.97465515136719,-0.1285647451877594,-0.06369823217391968,0.11108580231666565,-0.035372793674468994,-0.007388405967503786,0.20955723524093628,0.03268943354487419,-0.06210166960954666,0.0642130970954895,0.006326502654701471,-0.06681103259325027,0.38298988342285156,0.31522083282470703,-0.19397883117198944,-0.014414502307772636,0.045093126595020294,-0.15713247656822205,0.2569308280944824,0.3017987310886383,0.06486651301383972,0.23965054750442505,0.028325438499450684,-0.11847420781850815,0.24493002891540527,0.04007783904671669,-0.27165889739990234,0.03152366355061531,0.068428173661232,-0.13102412223815918,0.3766633868217468,0.3820318579673767,-0.5769687294960022,-0.3296353220939636,0.23907196521759033,-0.14271797239780426,0.21183770895004272,0.45893120765686035,0.044867902994155884,0.17478403449058533,-0.03654107451438904,-0.3581247627735138,0.2166045904159546,0.15855205059051514,-0.5165889263153076,-0.00855417549610138,0.34008705615997314,-0.1625477820634842,0.308235228061676,0.5130559802055359,-0.953632116317749,-0.7116671800613403,0.8160406947135925,0.18691734969615936,-0.027234256267547607,0.6016491651535034,-0.16696980595588684,-0.41406330466270447
-0.1486428827047348,0.04439613223075867,0.08005522191524506,0.023371748626232147,-0.18228471279144287,-0.00022717073443345726,0.14195795357227325,-0.07205123454332352,-0.13825570046901703,-0.14609096944332123,0.2515387237071991,-0.09723630547523499,-0.33299770951271057,0.15225857496261597,0.08537010103464127,-0.136182963848114,0.035725187510252,-0.0692746713757515,-0.0831795260310173,0.19303901493549347,0.22869810461997986,-0.02102438360452652,-0.2623399496078491,-0.023598918691277504,0.32424265146255493,-0.07182406634092331,-0.2802136540412903,-0.07403973489999771,0.38979440927505493,0.04885466396808624,-0.5845364332199097,0.24949488043785095,0.41836780309677124,-0.28844153881073,-0.04964491352438927,0.06690829247236252,-0.118904709815979,-0.013904854655265808,0.03565908968448639,-0.21406340599060059,-0.491038054227829,-0.002574535086750984,0.586582601070404,-0.048225149512290955,-0.6044563055038452,-0.002215668559074402,0.6700080633163452,0.12289439886808395,-0.9743308424949646,0.2006402164697647,1.0029041767120361,-0.5379364490509033,-0.4680127203464508,0.3553498387336731,-0.06925979256629944,-0.08081314712762833,0.1049998551607132,0.5473519563674927,0.4535540044307709,0.47288379073143005,0.4435211718082428,0.5731258988380432,0.6655668020248413,0.7013641595840454,0.6322818994522095,0.49192529916763306,0.559813916683197,0.5495893955230713,0.6186619997024536,0.7304776310920715,0.6976056098937988,0.5789620876312256,0.5027926564216614,0.48612430691719055,0.5895048975944519,0.6944687366485596,-0.0937979519367218,-0.07446816563606262,-0.010032832622528076,0.10024210810661316,0.2220456302165985,0.1282382607460022,-0.033284902572631836,-0.20943886041641235,-0.07246798276901245,0.05766409635543823,0.05884808301925659,0.18088823556900024,0.07894361019134521,-0.15151554346084595,-0.19481295347213745,-0.09283778071403503,0.08671224117279053,0.20834442973136902,0.10496383905410767,0.01932978630065918,0.08376511931419373,0.17471027374267578,0.2320784628391266,0.027996152639389038,-0.25533053278923035,-0.33767712116241455,-0.039183080196380615,0.2671029567718506,0.13131606578826904,0.12322413921356201,0.020095527172088623,-0.3324037790298462,-0.27375656366348267,0.05867776274681091,0.281525194644928,0.30118221044540405,0.01825159788131714,-0.10338059067726135,1.5196213722229004,1.5920217037200928,1.5920217037200928,1.3814208507537842,1.0171380043029785,1.5186951160430908,1.5544325113296509,1.5544325113296509,1.0301522016525269,1.8545706272125244,1.8545706272125244,1.6886897087097168,2.787100315093994,2.787100315093994,2.118051290512085,1.468133807182312,1.8403499126434326,1.8403499126434326,1.1539124250411987,0.07240033149719238,0.07240033149719238,-0.2106008529663086,-0.5748836994171143,0.13727426528930664,0.5372945070266724,0.03573739528656006,-0.524280309677124,0.30013811588287354,0.8244184255599976,-0.16588091850280762,0.9325296878814697,1.0984106063842773,-0.6690490245819092,-1.3189665079116821,-0.27770137786865234,0.3722161054611206,-0.6864374876022339,-0.6864374876022339,0.0,-0.283001184463501,-0.6472840309143066,0.34787511825561523,1.1121782064437866,-0.10153687000274658,-1.0615748167037964,0.2644007205963135,1.3486987352371216,-0.46601903438568115,0.10811126232147217,1.264291524887085,-1.601578712463379,-2.41737699508667,0.39134764671325684,1.6911826133728027,-0.40873610973358154,-1.0586535930633545,0.0,2.0131711959838867,1.5920217037200928,1.8102372884750366,1.8102372884750366,1.8012022972106934,1.8012022972106934,2.134801149368286,2.134801149368286,1.3820173740386963,1.8545706272125244,1.8545706272125244,1.6886897087097168,2.787100315093994,2.787100315093994,2.118051290512085,1.468133807182312,1.8403499126434326,2.0096275806427,2.0096275806427,-0.42114949226379395,-0.2029339075088501,0.21821558475494385,-0.009034991264343262,-0.009034991264343262,0.3335988521575928,0.3335988521575928,-0.7527837753295898,-0.2802305221557617,0.4725532531738281,-0.16588091850280762,0.9325296878814697,1.0984106063842773,-0.6690490245819092,-1.3189665079116821,-0.27770137786865234,0.5414937734603882,0.16927766799926758,0.0,0.21821558475494385,0.6393650770187378,0.19389891624450684,-0.2272505760192871,0.34263384342193604,0.34263384342193604,-1.0863826274871826,-0.6138293743133545,1.225337028503418,0.1143496036529541,0.4599764347076416,1.264291524887085,-1.601578712463379,-2.41737699508667,0.39134764671325684,1.8604602813720703,0.4469790458679199,-0.5414937734603882,-0.16927766799926758,-2.0131711959838867,-1.5409822463989258,-1.8102372884750366,-1.8102372884750366,-1.8012022972106934,-1.8012022972106934,-2.134801149368286,-2.134801149368286,-1.3820173740386963,-1.3820173740386963,-1.3534892797470093,-1.432547926902771,-1.432547926902771,-1.4317996501922607,-1.3708187341690063,-1.4017020463943481,-1.4017020463943481,-2.0096275806427,-2.0096275806427,0.47218894958496094,0.2029339075088501,-0.26925504207611084,0.009034991264343262,0.009034991264343262,-0.3335988521575928,-0.3335988521575928,0.7527837753295898,0.7527837753295898,0.02852809429168701,-0.05053055286407471,-0.07905864715576172,0.0007482767105102539,0.06172919273376465,0.030097603797912598,-0.030883312225341797,-0.607925534248352,-0.607925534248352,0.0,-0.26925504207611084,-0.7414439916610718,-0.19389891624450684,0.2782900333404541,-0.34263384342193604,-0.34263384342193604,1.0863826274871826,1.0863826274871826,-0.7242556810379028,-0.8033143281936646,-0.10758674144744873,0.05127882957458496,0.14078783988952637,0.029349327087402344,-0.09261250495910645,-0.6380231380462646,-0.5770422220230103,0.607925534248352,0.607925534248352,0.001026487909257412,0.001026487909257412,0.001350997481495142,0.001350997481495142,0.002523668110370636,0.00025934167206287384,0.00025934167206287384,0.0014242110773921013,0.0014242110773921013,0.0005733771249651909,0.0005733771249651909,0.0011935997754335403,0.0011935997754335403,0.009299678727984428,0.0025923466309905052,0.0025923466309905052,0.0006750836037099361,0.0006750836037099361,0.0,0.0,0.00032450957223773,0.00032450957223773,0.001172670628875494,-0.0010916558094322681,-0.002264326438307762,0.0011648694053292274,0.0011648694053292274,-0.0008508339524269104,-0.0008508339524269104,0.0006202226504683495,0.0006202226504683495,0.008106078952550888,0.0013987468555569649,-0.006707332096993923,-0.001917263027280569,-0.001917263027280569,-0.0006750836037099361,-0.0006750836037099361,0.00032450957223773,0.00032450957223773,0.000848161056637764,-0.0014161653816699982,-0.003436997067183256,0.0022565252147614956,0.0034291958436369896,-0.002015703357756138,-0.002015703357756138,0.0014710566028952599,0.0014710566028952599,0.007485856302082539,0.0007785242050886154,-0.014813411049544811,-0.003316009882837534,0.004790069069713354,0.001242179423570633,0.001242179423570633,0.0,-0.49354982376098633,0.05103945732116699,-0.21821558475494385,-0.42881643772125244,-0.7840642929077148,-0.28250718116760254,-0.5803686380386353,-0.5803686380386353,-0.35186517238616943,0.4725532531738281,0.5010813474655151,0.2561417818069458,1.3545523881912231,1.3553006649017334,0.7472325563430786,0.06643176078796387,0.4386478662490845,-0.16927766799926758,-0.8557151556015015,0.5445892810821533,0.2753342390060425,-0.47985589504241943,-0.565848708152771,0.1463092565536499,0.2036956548690796,-0.2978614568710327,0.22850346565246582,1.0529218912124634,0.8529465198516846,-0.21641147136688232,0.853471040725708,1.0991588830947876,-0.6073198318481445,-1.2888689041137695,-0.30858469009399414,-0.23570942878723145,-1.294363021850586,-0.6864374876022339,-0.26925504207611084,-1.0244451761245728,-0.8411829471588135,0.6261651515960693,0.7695443630218506,-0.4441707134246826,0.02480781078338623,1.350783348083496,0.6244430541992188,-1.2693333625793457,0.0005245208740234375,1.31557035446167,-1.4607908725738525,-2.3880276679992676,0.2987351417541504,1.053159475326538,-0.9857783317565918,-0.45072805881500244,0.607925534248352,3.532792568206787,3.1330039501190186,3.40225887298584,3.1916580200195312,2.818340301513672,3.319897413253784,3.6892337799072266,3.6892337799072266,2.4121694564819336,3.2365880012512207,3.208059787750244,3.1212377548217773,4.219648361206055,4.218899726867676,3.488870143890381,2.86983585357666,3.2420520782470703,3.849977493286133,3.1635398864746094,-0.39978861808776855,-0.13053369522094727,0.058654069900512695,-0.583918571472168,0.12823939323425293,0.8708934783935547,0.3693363666534424,-1.277064323425293,-0.45264577865600586,0.7958903312683105,-0.11535024642944336,1.0115885734558105,1.0976619720458984,-0.7307782173156738,-1.3490638732910156,-0.24681806564331055,0.9801416397094727,-0.07851219177246094,-0.6864376068115234,0.2692549228668213,0.45844268798828125,-0.4533848762512207,0.06958532333374023,1.4548120498657227,0.24109697341918945,-2.1479578018188477,-0.8219821453094482,2.0729546546936035,0.3372955322265625,0.2156982421875,1.2130122184753418,-1.7423667907714844,-2.446725845336914,0.4839601516723633,2.3292055130004883,0.1683058738708496,-1.666579246520996,-0.6079254150390625,0.6323854923248291,0.7288699746131897,0.7223973870277405,0.6545313000679016,0.4328854978084564,0.6054883599281311,0.5997279286384583,0.6279548406600952,0.4752575755119324,0.7946903109550476,0.794363260269165,0.6958657503128052,1.0361578464508057,1.0256935358047485,0.8639663457870483,0.6511032581329346,0.8129167556762695,0.747699499130249,0.4498565196990967,0.0964844822883606,0.09001189470291138,-0.07433867454528809,-0.28951188921928406,-0.04904294013977051,0.16684243083000183,0.02246648073196411,-0.12447035312652588,0.1667354702949524,0.31910568475723267,-0.09882456064224243,0.24179458618164062,0.32982778549194336,-0.17219150066375732,-0.37459027767181396,-0.05104959011077881,0.09659624099731445,-0.36306023597717285,-0.29784297943115234,-0.006472587585449219,-0.17082315683364868,-0.37952378392219543,0.025295734405517578,0.4563543200492859,0.07150942087173462,-0.2913127839565277,0.14426898956298828,0.44357603788375854,-0.2655600309371948,-0.07731109857559204,0.4286523461341858,-0.41398608684539795,-0.7044180631637573,0.12114191055297852,0.4711865186691284,-0.31201064586639404,-0.3944392204284668,0.06521725654602051,0.23120424151420593,1.2498621940612793,0.40447160601615906,0.7367264628410339,1.000059723854065,0.42414191365242004,0.9733520150184631,0.08599566668272018,0.14368152618408203,0.05060717836022377,0.6887676119804382,0.3926098048686981,0.6696306467056274,0.3723558783531189,0.6445351839065552,0.4704304337501526,0.7452714443206787,1.2542648315429688,0.6553000211715698,1.018657922744751,0.17326736450195312,-0.5131357312202454,0.5955880880355835,-0.3125845491886139,-0.026707708835601807,-0.33814623951911926,-0.8296704888343811,-0.035388488322496414,0.5450860857963562,0.34200263023376465,-0.01913696527481079,-0.020253926515579224,-0.025095462799072266,0.09807455539703369,0.10073626041412354,0.7838343977928162,-0.08997142314910889,-0.5989648103713989,-0.8453905582427979,-1.5317935943603516,0.42232072353363037,0.20055118203163147,-0.6222957968711853,-0.02556169033050537,-0.8029627799987793,0.30275774002075195,1.3747565746307373,0.37739112973213196,-0.564223051071167,-0.36225655674934387,-0.005958497524261475,0.11832848191261292,0.1258317232131958,0.6857598423957825,-0.19070768356323242,-1.3827991485595703,-0.50899338722229,13.765247344970703,9.396492004394531,9.737812042236328,8.191291809082031,12.583385467529297,16.339143753051758,18.631181716918945,15.500439643859863,9.112961769104004,12.244808197021484,12.264984130859375,14.317517280578613,21.611099243164062,22.506608963012695,14.911757469177246,10.671690940856934,10.843949317932129,15.151771545410156,17.871686935424805,-4.368755340576172,-4.027435302734375,-1.2052001953125,2.8455734252929688,8.147851943969727,6.047796249389648,-0.8387041091918945,-9.518219947814941,-3.255631446838379,3.152022361755371,2.072709083557129,9.346115112304688,8.189091682434082,-6.699341773986816,-11.834918022155762,-4.067808151245117,4.480080604553223,7.027737617492676,2.7199153900146484,0.3413200378417969,3.163555145263672,6.873008728027344,9.353052139282227,3.2022228240966797,-8.986556053161621,-15.56601619720459,-2.4169273376464844,12.670242309570312,5.328340530395508,6.194092750549316,6.116382598876953,-16.045455932617188,-20.024009704589844,2.631533622741699,16.314998626708984,11.095545768737793,-1.7601652145385742,-4.307822227478027,-0.0008071039337664843,0.005220475140959024,-0.00014524493599310517,0.0006795913795940578,0.0033310160506516695,0.0013234653742983937,0.003571468871086836,0.00027299835346639156,0.0023774474393576384,-0.00039117547567002475,0.0019353660754859447,0.0010035460582002997,-0.0008819986251182854,0.0022724804002791643,0.002156738191843033,0.006851241923868656,0.002131017856299877,0.005135856103152037,-0.0004499639617279172,0.006027579307556152,0.0006618589977733791,-0.004540883935987949,0.0034762609284371138,0.0006438739947043359,0.00024045282043516636,-0.0010504670208320022,-0.0011940214317291975,-0.0006641738582402468,-0.0004420813638716936,0.001394721562974155,-0.0028173646423965693,0.0012689343420788646,0.0030387367587536573,0.0045787617564201355,-2.572033554315567e-05,-0.0017153858207166195,-0.0025809817016124725,-0.005585819948464632,-0.005365720484405756,-0.010568463243544102,0.0028144018724560738,0.005184757988899946,-0.0032358081080019474,-0.0016943409573286772,-0.0014344742521643639,0.0003862931625917554,0.0007519400678575039,0.00205889530479908,-0.0023752832785248756,-0.00012578722089529037,0.005856101401150227,0.003309827297925949,-0.003064457094296813,-0.006294147577136755,-0.002555261366069317,-0.0038704341277480125,-0.0030048382468521595,-127993560.0,-81968000.0,-84562288.0,-70078968.0,-115163728.0,-158180608.0,-178290400.0,-148894848.0,-81288616.0,-111842720.0,-112921824.0,-138116128.0,-203538752.0,-213252400.0,-139429920.0,-96124280.0,-96473432.0,-140396480.0,-173067760.0,46025560.0,43431272.0,11889032.0,-30601440.0,-88101640.0,-63126672.0,9285760.0,97001784.0,37052128.0,-31633208.0,-26273408.0,-90616928.0,-75136272.0,64108832.0,117128120.0,42956488.0,-44272200.0,-76594328.0,-32671280.0,-2594288.0,-34136528.0,-74032712.0,-99990672.0,-32525232.0,97387400.0,160128448.0,27766368.0,-128634992.0,-63325536.0,-58983720.0,-48862864.0,154725760.0,192264384.0,-21152344.0,-161400320.0,-119550816.0,11600920.0,43923048.0,2.2714288234710693,0.8082572817802429,0.998094379901886,0.65468829870224,1.0429359674453735,1.3883382081985474,2.936185836791992,2.6093227863311768,0.2581837475299835,0.9557133913040161,1.2666916847229004,1.0577086210250854,9.78577995300293,12.396844863891602,3.47786021232605,0.6881315112113953,1.2053993940353394,2.803640604019165,2.384195566177368,-1.4631714820861816,-1.2733345031738281,-0.15356898307800293,0.04484158754348755,0.7336499094963074,1.8932498693466187,1.2209845781326294,-2.678002119064331,-1.6536093950271606,1.0085079669952393,0.10199522972106934,8.519088745117188,11.339136123657227,-6.307919502258301,-11.70871353149414,-2.2724609375,2.115509033203125,1.1787961721420288,-0.4194450378417969,0.18983697891235352,1.3096024990081787,1.318176031112671,0.8872188925743103,1.8484082221984863,0.487334668636322,-4.57125186920166,-2.87459397315979,3.6865100860595703,1.75560462474823,7.510581016540527,11.237140655517578,-14.827008247375488,-23.047849655151367,4.035458564758301,13.824222564697266,3.4512572288513184,-2.534954071044922,-1.5982412099838257,-0.07490921020507812,0.022540666162967682,0.039412230253219604,0.01155728567391634,-0.09156376123428345,0.00012651001452468336,0.07167433947324753,-0.03610575944185257,-0.06910041719675064,-0.07355166971683502,0.12624600529670715,-0.04876088351011276,-0.16783398389816284,0.07683888077735901,0.042908310890197754,-0.06751295924186707,0.017987634986639023,-0.03438505902886391,-0.0420837476849556,0.0974498763680458,0.11432144045829773,-0.010983380489051342,-0.13097599148750305,-0.011430775746703148,0.16323810815811157,-0.036232270300388336,-0.14077475666999817,-0.03744591027498245,0.1953464150428772,0.02479078620672226,-0.29407998919487,0.12559977173805237,0.2107422947883606,-0.14435184001922607,-0.02492067590355873,0.03312790021300316,-0.06007138267159462,-0.00769868865609169,0.016871564090251923,-0.10843325406312943,-0.24529743194580078,-0.0004473952576518059,0.2942140996456146,-0.02480149455368519,-0.30401286482810974,-0.0012136399745941162,0.33612117171287537,0.06223669648170471,-0.4894264042377472,0.10080898553133011,0.5048222541809082,-0.26995161175727844,-0.23566296696662903,0.17747974395751953,-0.03515070676803589,-0.04082658886909485,0.05237269401550293,0.7070339918136597,0.5952973961830139,0.6023926138877869,0.5568667650222778,0.6662732362747192,0.7871772646903992,0.8284802436828613,0.7633082866668701,0.5713565945625305,0.6655740141868591,0.6338306069374084,0.7304148077964783,0.8417092561721802,0.9112162590026855,0.7471367120742798,0.6213952898979187,0.6402882933616638,0.7548569440841675,0.819045901298523,-0.11173659563064575,-0.1046413779258728,-0.038430631160736084,0.06388062238693237,0.23031049966812134,0.1622070074081421,-0.023868978023529053,-0.2571236491203308,-0.09773427248001099,0.06247401237487793,0.06484079360961914,0.20787864923477173,0.18080145120620728,-0.09457254409790039,-0.28982096910476685,-0.10684841871261597,0.13346165418624878,0.17875760793685913,0.06418895721435547,0.007095217704772949,0.07330596446990967,0.16852200031280518,0.2687411308288574,0.09832638502120972,-0.2541794776916504,-0.4193306565284729,-0.07386529445648193,0.31959766149520874,0.16257506608963013,0.1454046368598938,0.11596065759658813,-0.3024511933326721,-0.4706224203109741,-0.012275874614715576,0.4232826232910156,0.2856060266494751,-0.06927269697189331,-0.11456865072250366,0.4998970627784729,0.35437899827957153,0.362876832485199,0.31010061502456665,0.4439200460910797,0.6196480393409729,0.6863795518875122,0.5826395153999329,0.32644838094711304,0.4429887533187866,0.40174123644828796,0.5335057973861694,0.7084745168685913,0.8303150534629822,0.5582132935523987,0.3861321210861206,0.40996912121772766,0.5698090195655823,0.6708361506462097,-0.14551806449890137,-0.13702023029327393,-0.04427838325500488,0.08104321360588074,0.30954742431640625,0.2424595057964325,-0.03700852394104004,-0.35993117094039917,-0.13965076208114624,0.07529285550117493,0.09051704406738281,0.30673328042030334,0.29680925607681274,-0.15026122331619263,-0.4441829323768616,-0.14824417233467102,0.18367689847946167,0.26086702942848206,0.10102713108062744,0.008497834205627441,0.10123968124389648,0.21806344389915466,0.35382580757141113,0.16141629219055176,-0.3465559482574463,-0.6023906469345093,-0.1026422381401062,0.4352240264415741,0.23016780614852905,0.23144042491912842,0.20629221200942993,-0.45699450373649597,-0.7409921884536743,0.0020170509815216064,0.6278598308563232,0.4091112017631531,-0.08264976739883423,-0.15983989834785461,-0.5017461776733398,-0.13630598783493042,-0.029967131093144417,-0.24184751510620117,-0.1774664670228958,-0.25221943855285645,-0.5306928753852844,-0.24379339814186096,-0.01818031445145607,0.3889113962650299,-0.1747887134552002,0.06542957574129105,1.5119702816009521,0.8207561373710632,0.7951604127883911,0.5291823148727417,0.45858001708984375,-0.2963906228542328,-0.3409743309020996,0.3654401898384094,0.4717790484428406,-0.10554152727127075,-0.14749933779239655,-0.010371923446655273,-0.3532264232635498,0.008426040410995483,0.5125125646591187,0.6327047944068909,-0.15660840272903442,-0.32348182797431946,1.6867589950561523,0.7553265690803528,-0.716809868812561,-0.29157382249832153,-0.33658039569854736,-0.8255729675292969,-0.7995543479919434,-0.04458370804786682,0.10633885860443115,-0.4709817171096802,-0.6192783713340759,0.09516960382461548,-0.20572708547115326,0.018797963857650757,0.8657389879226685,0.6242787837982178,-0.6691209673881531,-0.9561866521835327,1.843367338180542,1.0788084268569946,-2.403568744659424,-1.0469003915786743,0.38022947311401367,-0.5339991450309753,-0.462973952293396,0.7809892892837524,0.7549706697463989,2.962355852127075,3.619288206100464,3.6222712993621826,3.536494731903076,2.2821178436279297,2.088761806488037,2.6635396480560303,2.69221568107605,2.0602431297302246,2.7979695796966553,3.1924314498901367,2.241551637649536,5.69753360748291,3.180208921432495,3.2836480140686035,3.280839681625366,3.397501230239868,3.140162944793701,2.1330201625823975,0.6569323539733887,0.6599154472351074,-0.0827934741973877,-1.340153455734253,-1.447732925415039,0.3814218044281006,0.6034538745880127,-0.6032965183258057,0.10575389862060547,1.132188320159912,-0.5564179420471191,2.5051021575927734,0.938657283782959,-2.4138855934143066,0.1006307601928711,0.11385321617126465,-0.14067673683166504,-1.2644810676574707,-1.0071427822113037,0.00298309326171875,-0.7397258281707764,-2.0000689029693604,-1.3649394512176514,1.7215752601623535,2.0511868000030518,-0.9847183227539062,-0.4976999759674072,1.7354848384857178,-0.6621718406677246,1.3729138374328613,1.4950752258300781,-4.91898775100708,-0.8380265235900879,2.5277388095855713,-0.24130749702453613,-1.3783342838287354,-0.8664660453796387,0.257338285446167,-74.61872863769531,22.28685760498047,40.187721252441406,11.732617378234863,-91.50692749023438,-0.11403971165418625,71.26289367675781,-36.16971969604492,-69.40435791015625,-73.3376693725586,126.2724380493164,-48.812625885009766,-167.16485595703125,76.43380737304688,42.85578918457031,-68.36384582519531,17.934043884277344,-34.77588653564453,-41.75612258911133,96.90558624267578,114.80644989013672,-10.554240226745605,-131.69464111328125,-11.846656799316406,162.7698211669922,-36.05567932128906,-140.66725158691406,-37.16794967651367,195.67678833007812,24.525043487548828,-293.4372863769531,125.24642944335938,210.02064514160156,-144.7976531982422,-24.92174530029297,33.58795928955078,-59.69016647338867,-6.980236053466797,17.900863647460938,-107.45982360839844,-246.5010986328125,-1.2924165725708008,294.4644775390625,-24.209022521972656,-303.43707275390625,-1.1122703552246094,336.34405517578125,61.6929931640625,-489.11407470703125,100.72138977050781,503.45794677734375,-270.0440673828125,-234.9423828125,178.3856201171875,-34.7684211730957,-40.56819534301758,52.709930419921875,-0.017449285835027695,0.046042654663324356,0.0019627963192760944,-0.052589576691389084,-0.20463505387306213,0.08276409655809402,0.2170933485031128,-0.05360099673271179,-0.12020838260650635,-0.1432531774044037,0.3006379008293152,-0.08693614602088928,-0.4944812059402466,-0.07541421055793762,-0.11496082693338394,-0.2107536494731903,0.010277502238750458,0.06590910255908966,0.0017123324796557426,0.06349194049835205,0.019412081688642502,-0.09863223135471344,-0.20659784972667694,0.1353536695241928,0.4217284023761749,-0.13636508584022522,-0.33730173110961914,-0.0896521806716919,0.42084628343582153,0.056317031383514404,-0.7951191067695618,0.01152193546295166,0.37952038645744324,-0.13533943891525269,0.1252383291721344,0.27666276693344116,-0.008565169759094715,-0.06419677287340164,-0.04407985880970955,-0.1621241718530655,-0.22600993514060974,0.23398590087890625,0.6283262372016907,-0.27171874046325684,-0.7590301036834717,0.046712905168533325,0.7581480145454407,0.1459692120552063,-1.2159653902053833,-0.044795095920562744,1.1746394634246826,-0.14686137437820435,-0.25428205728530884,0.41200220584869385,-0.13380350172519684,-0.3408595323562622,-0.0556316040456295
0.1382199376821518,-0.027111852541565895,-0.14249707758426666,0.07969249039888382,0.12138094753026962,-0.1631089448928833,0.0004961762460879982,0.11622804403305054,-0.20257364213466644,0.07484909147024155,0.07396543025970459,-0.25112536549568176,0.0895247533917427,0.10931375622749329,-0.09874314814805984,-0.04167630895972252,0.09523461014032364,-0.007850024849176407,-0.06092457100749016,-0.16533179581165314,-0.28071701526641846,0.10680434107780457,0.2638780176639557,-0.24280142784118652,-0.12088476866483688,0.27933698892593384,-0.20306982100009918,-0.04137895256280899,0.2765390872955322,-0.3259744644165039,0.015559323132038116,0.36043912172317505,-0.18826790153980255,-0.1509900689125061,0.19397775828838348,0.03382628411054611,-0.1561591774225235,-0.05307454615831375,-0.11538521945476532,0.2721361517906189,0.5445950031280518,-0.3496057689189911,-0.38476279377937317,0.5221384167671204,-0.0821850523352623,-0.32071593403816223,0.4796088933944702,-0.2845955193042755,-0.2609797716140747,0.686413586139679,-0.20382723212242126,-0.5114291906356812,0.38224565982818604,0.1848163604736328,-0.350136935710907,-0.08690083026885986,0.10308463126420975,0.5759080648422241,0.6512810587882996,0.5703960657119751,0.523243248462677,0.5737974047660828,0.6163506507873535,0.7235565185546875,0.5979810357093811,0.6638132333755493,1.0287909507751465,0.9776014685630798,0.8154208660125732,0.7480717897415161,0.6600710153579712,0.580836296081543,0.5108785629272461,0.5457233786582947,0.7053396105766296,0.8552907109260559,0.07537299394607544,-0.0055119991302490234,-0.12803781032562256,0.003401339054107666,0.09310740232467651,0.14975911378860474,-0.018369615077972412,-0.059743285179138184,0.4308099150657654,0.3137882351875305,-0.21337008476257324,-0.22952967882156372,-0.15534985065460205,-0.16723549365997314,-0.1491924524307251,-0.03511291742324829,0.19446104764938354,0.30956733226776123,0.14995110034942627,-0.08088499307632446,-0.203410804271698,0.00891333818435669,0.22114521265029907,0.14635777473449707,-0.11147701740264893,-0.20950239896774292,0.4491795301437378,0.3735315203666687,-0.6441799998283386,-0.5433179140090942,0.05802023410797119,0.062294185161590576,0.006157398223876953,0.13212257623672485,0.34365350008010864,0.3446802496910095,-0.044509947299957275,-0.15961623191833496,1.6048500537872314,1.9679312705993652,1.9679312705993652,1.7739797830581665,1.7739797830581665,1.5443397760391235,1.688773512840271,1.688773512840271,1.7974761724472046,2.734698534011841,2.734698534011841,2.049031972885132,2.299329996109009,2.299329996109009,1.1452144384384155,1.7696340084075928,1.7696340084075928,1.635670781135559,1.8723262548446655,0.3630812168121338,0.3630812168121338,-0.19395148754119873,-0.19395148754119873,-0.22964000701904297,-0.08520627021789551,0.14443373680114746,0.1087026596069336,1.0459250211715698,0.9372223615646362,-0.685666561126709,-0.43536853790283203,0.25029802322387695,-1.1541155576705933,-0.529695987701416,0.6244195699691772,-0.1339632272720337,0.10269224643707275,0.23665547370910645,0.0,-0.5570327043533325,-0.5570327043533325,-0.03568851947784424,0.10874521732330322,0.37407374382019043,0.1939089298248291,0.9014912843704224,0.8285197019577026,-1.7315915822982788,-1.3725908994674683,0.9359645843505859,-0.7187470197677612,-0.779994010925293,1.7785351276397705,0.3957327604293823,-0.5217273235321045,0.37061870098114014,0.1339632272720337,1.8185253143310547,2.5493180751800537,2.5493180751800537,1.8229248523712158,1.8229248523712158,1.6659448146820068,2.387697458267212,2.387697458267212,3.1209444999694824,3.1209444999694824,3.049985408782959,2.1516051292419434,2.299329996109009,2.4739391803741455,2.4739391803741455,1.7696340084075928,1.7696340084075928,2.3964595794677734,3.442561149597168,0.730792760848999,0.730792760848999,-0.7263932228088379,-0.7263932228088379,-0.15698003768920898,0.5647726058959961,0.7217526435852051,0.7332470417022705,0.7332470417022705,-0.07095909118652344,-0.9693393707275391,-0.7506554126739502,0.32233405113220215,0.17460918426513672,-0.7043051719665527,-0.7043051719665527,0.6268255710601807,1.6729271411895752,1.0461015701293945,0.0,-1.457185983657837,-1.457185983657837,0.5694131851196289,1.291165828704834,0.8787326812744141,0.16847443580627441,0.01149439811706543,-0.804206132888794,-1.7025864124298096,-0.6796963214874268,1.2916734218597412,0.9252645969390869,-1.0266392230987549,-0.8789143562316895,1.3311307430267334,2.377232313156128,0.41927599906921387,-0.6268255710601807,-1.8185253143310547,-2.5493180751800537,-2.5493180751800537,-1.8229248523712158,-1.8229248523712158,-1.6659448146820068,-2.387697458267212,-2.387697458267212,-3.1209444999694824,-3.1209444999694824,-3.049985408782959,-2.1516051292419434,-1.775526523590088,-2.4739391803741455,-2.4739391803741455,-1.4578219652175903,-1.2018603086471558,-2.3964595794677734,-3.442561149597168,-0.730792760848999,-0.730792760848999,0.7263932228088379,0.7263932228088379,0.15698003768920898,-0.5647726058959961,-0.7217526435852051,-0.7332470417022705,-0.7332470417022705,0.07095909118652344,0.9693393707275391,1.274458885192871,-0.32233405113220215,-0.6984126567840576,1.0161172151565552,1.2720788717269897,-0.9386376142501831,-2.2407007217407227,-1.0461015701293945,0.0,1.457185983657837,1.457185983657837,-0.5694131851196289,-1.291165828704834,-0.8787326812744141,-0.16847443580627441,-0.01149439811706543,0.804206132888794,1.7025864124298096,1.2034997940063477,-1.2916734218597412,-1.9728715419769287,1.3384512662887573,1.9704915285110474,-1.9547548294067383,-3.512779712677002,-0.10746395587921143,1.1945991516113281,2.3521599359810352e-05,2.3521599359810352e-05,0.0004405006766319275,0.0006437543779611588,0.00016227434389293194,0.00016227434389293194,0.0006263107061386108,0.0004165773279964924,0.0004165773279964924,0.004381234757602215,0.00218381080776453,0.00218381080776453,0.003079170361161232,0.00034608086571097374,0.00034608086571097374,0.001615174114704132,0.0004373178817331791,0.0004373178817331791,0.0,0.0,0.00041697907727211714,0.0006202327786013484,-0.00027822633273899555,-0.0004814800340682268,0.0004640363622456789,0.00025430298410356045,-0.00020973337814211845,0.003964657429605722,0.0017672334797680378,-0.0021974239498376846,0.0008953595533967018,-0.0018377299420535564,-0.0027330894954502583,0.0012690932489931583,9.123701602220535e-05,-0.001177856232970953,-0.0004373178817331791,-0.0004373178817331791,0.00041697907727211714,0.0006202327786013484,-0.0006952054100111127,-0.0011017128126695752,0.0007422626949846745,0.0007357830181717873,-0.0006737697403877974,0.003710354445502162,0.0019769668579101562,-0.006162081379443407,-0.000871873926371336,0.0003596940077841282,-0.00362844904884696,0.0031068231910467148,0.0028243265114724636,-0.0024469494819641113,-0.0005285548977553844,0.0007405383512377739,0.0,-0.21367526054382324,-0.5813868045806885,-0.5813868045806885,-0.048945069313049316,-0.048945069313049316,-0.1216050386428833,-0.6989239454269409,-0.6989239454269409,-1.3234683275222778,-0.3862459659576416,-0.31528687477111816,-0.10257315635681152,0.5238034725189209,-0.17460918426513672,-1.32872474193573,0.31181204319000244,0.567773699760437,-0.7607887983322144,-1.5702348947525024,-0.36771154403686523,-0.36771154403686523,0.5324417352676392,0.5324417352676392,-0.07265996932983398,-0.6499788761138916,-0.5773189067840576,-0.6245443820953369,0.3126779794692993,1.0081814527511597,0.2836728096008301,0.8390903472900391,-0.0720360279083252,-1.8525282144546509,0.48642122745513916,1.896498441696167,-1.0726008415222168,-2.1380085945129395,-0.8094460964202881,0.0,0.9001532793045044,0.9001532793045044,-0.6051017045974731,-1.1824206113815308,-0.5046589374542236,0.025434494018554688,0.8899968862533569,1.6327258348464966,-0.02900516986846924,-0.1690911054611206,-0.3557088375091553,-2.6916184425354004,0.5584572553634644,3.7490267753601074,-1.559022068977356,-4.034506797790527,0.2631547451019287,1.3285624980926514,3.423375368118286,4.51724910736084,4.51724910736084,3.596904754638672,3.596904754638672,3.21028470993042,4.076470851898193,4.076470851898193,4.918420791625977,5.855643272399902,5.784684181213379,4.200636863708496,4.074856758117676,4.773269176483154,3.6191534996032715,3.2274560928344727,2.971494197845459,4.032130241394043,5.314887523651123,1.0938737392425537,1.0938737392425537,-0.920344352722168,-0.920344352722168,-0.38662004470825195,0.4795660972595215,0.8661861419677734,0.8419499397277832,1.779172420501709,0.8662633895874023,-1.6550064086914062,-1.7098274230957031,0.5726323127746582,-0.4557032585144043,-1.5458130836486816,-0.6476593017578125,0.8046741485595703,2.343393325805664,1.28275728225708,0.0,-2.0142180919647217,-2.0142180919647217,0.533724308013916,1.3999104499816895,1.2528061866760254,0.3623838424682617,0.9129862785339355,0.02431344985961914,-3.4341788291931152,-2.5760908126831055,2.2276387214660645,1.2541241645812988,-2.11844539642334,-0.1919560432434082,2.350487232208252,2.9910526275634766,0.47808313369750977,-1.060636043548584,0.6777252554893494,0.7493446469306946,0.773716926574707,0.752699613571167,0.7329959869384766,0.626552164554596,0.6406494975090027,0.6882993578910828,0.6722338795661926,0.8476481437683105,0.8719058036804199,0.7336277365684509,0.8534080982208252,0.8861343264579773,0.4683658480644226,0.7834951281547546,0.7613855600357056,0.6216732263565063,0.6411905288696289,0.07161939144134521,0.09599167108535767,0.003354966640472412,-0.04072093963623047,-0.12614744901657104,-0.09234648942947388,0.061747193336486816,0.03158438205718994,0.15934878587722778,0.1996719241142273,-0.11402040719985962,-0.018497705459594727,0.15250658988952637,-0.3850422501564026,-0.10263919830322266,0.29301971197128296,-0.1618219017982483,-0.12019503116607666,0.01951730251312256,0.02437227964401245,-0.0682644248008728,-0.13671261072158813,-0.12950241565704346,-0.05162554979324341,0.18789464235305786,0.12393087148666382,0.09760159254074097,0.16808754205703735,-0.2733691930770874,-0.21816962957382202,0.266526997089386,-0.36654454469680786,-0.255145788192749,0.6780619621276855,-0.059182703495025635,-0.4132147431373596,0.18133920431137085,0.13971233367919922,0.03324875608086586,0.5026969313621521,1.5299843549728394,0.3430052399635315,1.1767693758010864,0.42211833596229553,0.6443244218826294,0.1806250512599945,0.1656259000301361,0.23363789916038513,0.9771580100059509,0.4008447527885437,0.011354532092809677,0.532351553440094,0.0830405205488205,0.4332895278930664,0.2436387836933136,0.7326703071594238,0.178850919008255,0.46944817900657654,1.4967355728149414,-0.1596916913986206,-0.35321497917175293,0.07911309599876404,-0.532444953918457,-0.24149328470230103,-0.4786985218524933,0.053012847900390625,0.8115321397781372,0.16720685362815857,-0.9658035039901733,0.1315068006515503,0.07168598473072052,-0.09906202554702759,0.1605982631444931,0.2993807792663574,-0.0647878646850586,-0.5538194179534912,1.0272873640060425,-0.6291399002075195,-1.8499505519866943,0.23880478739738464,-0.1792299747467041,-0.32060638070106506,0.053746432065963745,0.29450613260269165,1.290230631828308,0.11419400572776794,-1.7773356437683105,-0.035700052976608276,1.0374895334243774,-0.23056882619857788,0.08891227841377258,0.398442804813385,-0.2253861278295517,-0.8532001972198486,-0.4890315532684326,12.98055648803711,19.637371063232422,17.27752113342285,12.737317085266113,14.163106918334961,15.237462043762207,19.933059692382812,14.960503578186035,21.102853775024414,44.72450256347656,39.95119094848633,25.12246322631836,21.754459381103516,18.714452743530273,14.756268501281738,10.743823051452637,12.0471830368042,19.783584594726562,30.015657424926758,6.6568145751953125,4.296964645385742,-6.900053977966309,-3.1144142150878906,2.5001449584960938,5.769952774047852,-0.2769584655761719,1.1697940826416016,29.763999938964844,18.848337173461914,-19.602039337158203,-18.196731567382812,-6.408010482788086,-6.998190879821777,-7.970629692077637,-2.709085464477539,9.039761543273926,17.968475341796875,10.232072830200195,-2.3598499298095703,-13.556868553161621,-7.411378860473633,9.400198936462402,8.884366989135742,-2.7771034240722656,-4.60015869140625,30.040958404541016,17.678543090820312,-49.36603927612305,-37.045066833496094,13.194028854370117,11.198540687561035,-1.5626192092895508,4.289105415344238,17.010391235351562,20.677560806274414,1.1923112869262695,-7.73640251159668,0.00840842816978693,0.001217852346599102,0.008377769961953163,0.0004702642618212849,0.002899535233154893,-0.00012515544949565083,0.0026141663547605276,0.00026656145928427577,0.00019165636331308633,0.0003435980761423707,-0.00018815953808370978,0.0006205749814398587,-0.00020811114518437535,-0.0009910324588418007,-0.0005568061606027186,-0.000960947887506336,0.00019234858336858451,-0.0008773368317633867,0.0004199971444904804,-0.007190575823187828,-3.065820783376694e-05,-0.0007475881138816476,-0.005478234961628914,-0.000595419725868851,-0.0002853688783943653,0.00039171689422801137,-0.0024225099477916956,7.703661685809493e-05,-0.0003798159013967961,0.000276976905297488,-1.995160710066557e-05,-0.0016116073820739985,-0.0003486950299702585,3.0084571335464716e-05,0.0007491547148674726,8.361105574294925e-05,0.0002276485611218959,0.0012973339762538671,0.007159917615354061,0.006442987825721502,-0.005447576753795147,0.00015216838801279664,0.005192866083234549,0.0009871366200968623,-0.0021371410693973303,-0.00031468027736991644,0.002042694017291069,0.00019994028843939304,0.00035986429429613054,-0.0018885843455791473,-0.0003287434228695929,0.0016416918952018023,0.001097849803045392,5.352648440748453e-05,-0.0005215061828494072,0.001213722862303257,0.0010696854442358017,-119635392.0,-185417040.0,-158361744.0,-115825176.0,-124636024.0,-138313344.0,-191632384.0,-139510096.0,-196828880.0,-458638016.0,-398119616.0,-247331888.0,-207900288.0,-175186480.0,-135584480.0,-94268960.0,-106800232.0,-188913088.0,-291488992.0,-65781648.0,-38726352.0,69591864.0,33725720.0,-22488168.0,-66996360.0,-1196752.0,-5196496.0,-319127936.0,-201290736.0,211306128.0,190219328.0,72145408.0,72315808.0,80917520.0,28784248.0,-94644128.0,-184688768.0,-102575904.0,27055296.0,135373504.0,72452072.0,-92080032.0,-100722080.0,21291416.0,61799864.0,-317931200.0,-196094240.0,530434048.0,391510080.0,-139160720.0,-117903520.0,8772112.0,-43531560.0,-175561648.0,-213473024.0,-7931776.0,82112864.0,1.218056082725525,8.340973854064941,7.955644130706787,1.8335407972335815,1.9367903470993042,1.4613144397735596,4.090018272399902,3.3517746925354004,16.60279083251953,48.72099304199219,35.847721099853516,5.431798458099365,4.6635003089904785,7.36476993560791,4.818238735198975,0.8052607178688049,1.0094666481018066,4.715025424957275,26.518903732299805,7.122917652130127,6.737587928771973,-6.50743293762207,-6.018853664398193,-0.372226357460022,2.1532278060913086,1.8904602527618408,12.512772560119629,45.36921691894531,19.244930267333984,-43.2891960144043,-31.184221267700195,1.932971477508545,0.1547384262084961,-6.55950927734375,-3.808772087097168,3.9097647666931152,25.509437561035156,21.803878784179688,-0.3853297233581543,-13.630350112915039,-12.756441116333008,6.135206699371338,8.172080993652344,2.2626867294311523,10.35954475402832,43.478755950927734,6.7321577072143555,-88.65841674804688,-50.42915344238281,45.22216796875,31.338958740234375,-8.492481231689453,-3.963510513305664,10.469274520874023,29.31821060180664,17.894113540649414,-3.7055587768554688,0.07018078863620758,-0.013584433123469353,-0.07140084356069565,0.04000682756304741,0.06070670858025551,-0.08201347291469574,0.000675762421451509,0.058393318206071854,-0.10205480456352234,0.0375952273607254,0.03660290315747261,-0.1261157989501953,0.04488015174865723,0.05437842756509781,-0.04975264519453049,-0.02144547551870346,0.047800272703170776,-0.00452016294002533,-0.03049473650753498,-0.08376522362232208,-0.14158162474632263,0.05359125882387161,0.13210755586624146,-0.12202030420303345,-0.060030944645404816,0.1404067873954773,-0.10273056477308273,-0.02079809084534645,0.13865770399570465,-0.16371102631092072,0.008277248591184616,0.18049421906471252,-0.09463279694318771,-0.07582390308380127,0.09755291789770126,0.01692531257867813,-0.07829500734806061,-0.02597457356750965,-0.05781640112400055,0.1373564898967743,0.2736891806125641,-0.17561155557632446,-0.19213849306106567,0.26242709159851074,-0.04269962012767792,-0.16120487451553345,0.2413882613182068,-0.14291293919086456,-0.13038045167922974,0.34420526027679443,-0.10291004180908203,-0.2563181221485138,0.19218571484088898,0.0927492156624794,-0.17584791779518127,-0.04289988428354263,0.052320435643196106,0.687847375869751,0.8625508546829224,0.7967997789382935,0.6904260516166687,0.7227452993392944,0.7424352765083313,0.8694505095481873,0.7441964745521545,0.871315062046051,1.300201654434204,1.2286715507507324,0.9431639909744263,0.9038746356964111,0.8353180885314941,0.7415180802345276,0.6369536519050598,0.6691723465919495,0.8661485314369202,1.0651758909225464,0.1747034788131714,0.10895240306854248,-0.17212480306625366,-0.07405447959899902,0.0520092248916626,0.14670521020889282,0.0017611980438232422,0.0018645524978637695,0.5560051798820496,0.3573564887046814,-0.35703766345977783,-0.3247969150543213,-0.10784590244293213,-0.16235655546188354,-0.19836443662643433,-0.07234573364257812,0.22919487953186035,0.3960035443305969,0.19902735948562622,-0.0657510757446289,-0.34682828187942505,-0.1830068826675415,0.22413402795791626,0.22075968980789185,-0.050248026847839355,-0.14484065771102905,0.5542439818382263,0.3554919362068176,-0.9130428433418274,-0.6821534037590027,0.2491917610168457,0.16244035959243774,-0.0905185341835022,0.09001082181930542,0.4275593161582947,0.46834927797317505,-0.03016752004623413,-0.1969761848449707,0.47313404083251953,0.7439939975738525,0.6348899006843567,0.4766881465911865,0.5223608016967773,0.5512101650238037,0.7559441924095154,0.5538284182548523,0.7591899037361145,1.6905242204666138,1.5096336603164673,0.8895583152770996,0.8169893622398376,0.6977563500404358,0.5498490929603577,0.4057099521160126,0.4477916359901428,0.7502132654190063,1.1345998048782349,0.270859956741333,0.16175585985183716,-0.267305850982666,-0.11252909898757935,0.07452201843261719,0.23358339071273804,0.002618253231048584,0.003245711326599121,1.1366958618164062,0.7504437565803528,-0.8009659051895142,-0.6926442980766296,-0.19180196523666382,-0.26714026927948,-0.2920463979244232,-0.10205745697021484,0.3445033133029938,0.686808168888092,0.3843865394592285,-0.10910409688949585,-0.538165807723999,-0.2742849588394165,0.3418278694152832,0.3461124897003174,-0.0719037652015686,-0.23033767938613892,1.134077548980713,0.7471980452537537,-1.9376617670059204,-1.4430880546569824,0.6091639399528503,0.42550402879714966,-0.1002444326877594,0.16508281230926514,0.636549711227417,0.7888656258583069,0.03988322615623474,-0.3024216294288635,-0.3323808014392853,-0.44799837470054626,-0.03139006718993187,0.3382472097873688,-0.15224359929561615,0.06596300005912781,-0.3038318157196045,-0.39445868134498596,-0.4838884770870209,-0.2919481694698334,-0.07326913625001907,0.10323820263147354,-0.12209755182266235,-0.38771164417266846,-0.8447373509407043,0.07058743387460709,0.4309495687484741,-0.2939153015613556,-0.5255964994430542,-0.11561757326126099,0.3009907305240631,0.786245584487915,-0.12085352838039398,-0.27228420972824097,-0.15158821642398834,-0.46042168140411377,-0.18005666136741638,0.10251051187515259,0.4106193482875824,0.3951863646507263,-0.04882841557264328,-0.4909498393535614,-0.722639799118042,0.45829907059669495,1.2756869792938232,-0.3645027279853821,-0.9565460681915283,-0.2316811978816986,0.4166083037853241,0.901863157749176,-0.4218442440032959,-1.0585298538208008,-0.03073468804359436,-0.1881374716758728,-0.02846844494342804,0.5629321932792664,0.5906760096549988,0.29267585277557373,-0.4594477713108063,-0.8861361742019653,-0.6738113760948181,0.9492489099502563,1.9983267784118652,-0.8228018283843994,-2.2322330474853516,0.13282153010368347,0.7248648405075073,2.870203971862793,3.5800724029541016,4.416659355163574,3.276947021484375,3.1276509761810303,2.4268875122070312,2.476807117462158,3.541212797164917,3.9836225509643555,2.805363655090332,2.801111936569214,2.1953368186950684,2.4488120079040527,3.806077480316162,3.4846091270446777,2.8348824977874756,2.4463155269622803,2.632559061050415,2.9920287132263184,0.7098684310913086,1.5464553833007812,-0.30312538146972656,-1.289008378982544,-0.8500595092773438,-0.6508438587188721,1.1143252849578857,1.5068154335021973,-0.735849142074585,-1.1825106143951416,-0.6100268363952637,-0.35229992866516113,1.6107406616210938,1.035797119140625,-0.9711949825286865,-1.0382936000823975,-0.20232343673706055,0.5457131862640381,0.3594696521759033,0.8365869522094727,-1.0129938125610352,-2.835463762283325,-0.5469341278076172,0.6381645202636719,1.9643847942352295,2.1576592922210693,-1.8501744270324707,-2.689326047897339,0.1258223056793213,0.8302106857299805,2.2207674980163574,1.3880970478057861,-2.5819356441497803,-2.0740907192230225,0.768871545791626,1.5840067863464355,0.5617930889129639,-0.18624353408813477,69.38640594482422,-13.610150337219238,-71.53353118896484,40.00563049316406,60.93323516845703,-81.88069152832031,0.24908047914505005,58.34647750854492,-101.69197082519531,37.57424545288086,37.130645751953125,-126.06493377685547,44.94142532348633,54.87550735473633,-49.569061279296875,-20.921506881713867,47.80777359008789,-3.9407124519348145,-30.584135055541992,-82.9965591430664,-140.91993713378906,53.615779876708984,132.46676635742188,-121.88632202148438,-60.68415451049805,140.2271728515625,-101.94104766845703,-20.772232055664062,138.82261657714844,-163.63917541503906,7.810779571533203,180.94044494628906,-94.51048278808594,-75.79701232910156,97.3768310546875,16.98079490661621,-78.39190673828125,-26.643423080444336,-57.923377990722656,136.61233520507812,273.38671875,-175.50210571289062,-193.1509246826172,262.1134948730469,-41.256893157958984,-160.99940490722656,240.763671875,-142.866943359375,-131.0118408203125,344.5796203613281,-102.32125854492188,-256.7374572753906,191.88731384277344,92.7778091430664,-175.76873779296875,-43.62421798706055,51.74848175048828,0.177606463432312,0.04940791428089142,-0.1198713481426239,-0.013462977483868599,0.1237274557352066,-0.17152005434036255,0.018116295337677002,0.11194990575313568,-0.12873858213424683,0.23338499665260315,0.23191536962985992,-0.22327232360839844,0.14399868249893188,0.1706954538822174,0.05069820582866669,-0.04660874605178833,-0.009149715304374695,0.006219028029590845,0.009527509100735188,-0.1281985491514206,-0.2974778115749359,-0.06287088990211487,0.2435988038778305,-0.1580570787191391,-0.1056111603975296,0.2834699749946594,-0.14685487747192383,0.12143509089946747,0.36065393686294556,-0.4566573202610016,-0.08791668713092804,0.39396777749061584,-0.0933004766702652,-0.21730419993400574,-0.05984792113304138,0.05282777547836304,0.018677223473787308,0.0033084810711443424,-0.16927926242351532,0.06532765924930573,0.5410766005516052,-0.09518618881702423,-0.3492099642753601,0.4415270686149597,-0.041243717074394226,-0.16203488409519196,0.5075088143348694,-0.5780923962593079,-0.4485706090927124,0.8506250977516174,-0.005383789539337158,-0.6112719774246216,0.033452555537223816,0.2701319754123688,0.07852514088153839,-0.04951929301023483,-0.015368742868304253
0.3390064239501953,0.25095099210739136,-0.028786731883883476,0.16344061493873596,0.40639346837997437,0.18406297266483307,-0.03580136224627495,0.33233073353767395,0.25875750184059143,-0.0127288568764925,0.22236086428165436,0.327908992767334,0.09452059119939804,0.11136256903409958,0.26315730810165405,0.20228581130504608,0.12252231687307358,0.2580883204936981,0.14179304242134094,-0.08805543184280396,-0.36779314279556274,-0.0875103771686554,0.4351801872253418,0.020622357726097107,-0.4421948194503784,0.14826776087284088,0.2945588529109955,-0.3450596034526825,-0.03639663755893707,0.34063786268234253,-0.12784028053283691,-0.2165464162826538,0.16863670945167542,0.0909232422709465,-0.14063498377799988,0.05580250918865204,0.019270725548267365,-0.11629527807235718,-0.2797377109527588,0.0005450546741485596,0.8029733300209045,0.1081327348947525,-0.8773750066757202,0.12764540314674377,0.7367537021636963,-0.49332737922668457,-0.33095550537109375,0.6856974363327026,-0.09144364297389984,-0.5571842789649963,0.29647698998451233,0.3074696660041809,-0.3092716932296753,-0.035120733082294464,0.15990570187568665,-0.17209778726100922,-0.13556599617004395,0.415510892868042,0.41941916942596436,0.2254292368888855,0.28737714886665344,0.4513329863548279,0.3915012776851654,0.2989169657230377,0.4701615571975708,0.4381996691226959,0.2512015104293823,0.3099789023399353,0.37333711981773376,0.3053739070892334,0.2880442440509796,0.2847067415714264,0.2595084309577942,0.26724353432655334,0.37208542227745056,0.3860071003437042,0.003908276557922363,-0.1900816559791565,-0.1320420205593109,0.22590374946594238,0.10412412881851196,-0.15241602063179016,0.0786602795124054,0.1392827033996582,-0.21896004676818848,-0.12822076678276062,0.12213560938835144,-0.004604995250701904,-0.08529287576675415,-0.020667165517807007,-0.028535813093185425,-0.017463207244873047,0.11257699131965637,0.11876356601715088,0.013921678066253662,-0.19398993253707886,-0.13595029711723328,0.4159854054450989,0.23616614937782288,-0.37831977009773254,-0.025463849306106567,0.29169872403144836,-0.29762032628059387,-0.2675034701824188,0.3410956561565399,0.12361577153205872,-0.2074284851551056,-0.016062170267105103,0.056757062673568726,0.00320395827293396,0.1411128044128418,0.13622677326202393,-0.09865531325340271,-0.10484188795089722,1.0529706478118896,1.0529706478118896,0.620569109916687,0.9417551755905151,1.0957657098770142,1.0957657098770142,0.7985537648200989,1.0899451971054077,1.0899451971054077,0.8192383646965027,1.1866674423217773,1.1866674423217773,0.7790136337280273,0.7790136337280273,0.7627002000808716,0.7627002000808716,0.6869891881942749,1.2744147777557373,1.2744147777557373,0.0,-0.43240153789520264,-0.11121547222137451,0.47519659996032715,0.15401053428649902,-0.2972119450569153,-0.005820512771606445,0.29139143228530884,-0.27070683240890503,0.09672224521636963,0.36742907762527466,-0.40765380859375,-0.40765380859375,-0.01631343364715576,-0.01631343364715576,-0.07571101188659668,0.5117145776748657,0.5874255895614624,0.0,-0.43240153789520264,-0.11121547222137451,0.9075981378555298,0.26522600650787354,-0.7724085450172424,-0.15983104705810547,0.5886033773422241,-0.2648863196372986,-0.1946691870689392,0.6381359100341797,-0.5043760538101196,-0.7750828862190247,0.39134037494659424,0.39134037494659424,-0.05939757823944092,0.5280280113220215,0.6631366014480591,-0.5117145776748657,-0.5874255895614624,1.0529706478118896,1.0529706478118896,0.620569109916687,0.9417551755905151,1.0957657098770142,1.0957657098770142,0.7985537648200989,1.0899451971054077,1.0899451971054077,0.8192383646965027,1.1866674423217773,1.1866674423217773,0.7790136337280273,0.7790136337280273,0.7627002000808716,0.7627002000808716,0.7029148936271667,1.2744147777557373,1.2744147777557373,0.0,-0.43240153789520264,-0.11121547222137451,0.47519659996032715,0.15401053428649902,-0.2972119450569153,-0.005820512771606445,0.29139143228530884,-0.27070683240890503,0.09672224521636963,0.36742907762527466,-0.40765380859375,-0.40765380859375,-0.01631343364715576,-0.01631343364715576,-0.059785306453704834,0.5117145776748657,0.5714998841285706,0.0,-0.43240153789520264,-0.11121547222137451,0.9075981378555298,0.26522600650787354,-0.7724085450172424,-0.15983104705810547,0.5886033773422241,-0.2648863196372986,-0.1946691870689392,0.6381359100341797,-0.5043760538101196,-0.7750828862190247,0.39134037494659424,0.39134037494659424,-0.04347187280654907,0.5280280113220215,0.6312851905822754,-0.5117145776748657,-0.5714998841285706,-0.5727684497833252,-0.5741684436798096,-0.5741684436798096,-0.5052957534790039,-0.33119067549705505,-0.7703829407691956,-0.7703829407691956,-0.6726123690605164,-0.7129865288734436,-0.7129865288734436,-0.5325989723205566,-0.543190062046051,-0.6018975973129272,-0.6018975973129272,-0.2272680252790451,-0.3897506594657898,-0.7029148936271667,-0.7029148936271667,-1.1370930671691895,-0.001399993896484375,-0.001399993896484375,0.06887269020080566,0.24297776818275452,-0.26508718729019165,-0.4391922652721405,0.0977705717086792,0.05739641189575195,-0.040374159812927246,0.18038755655288696,0.16979646682739258,-0.0692986249923706,-0.05870753526687622,0.37462955713272095,0.21214693784713745,-0.47564685344696045,-0.31316423416137695,-0.4341781735420227,-0.4341781735420227,0.0,0.07027268409729004,0.2443777620792389,-0.3339598774909973,-0.682170033454895,0.36285775899887085,0.49658867716789246,-0.13814473152160645,0.12299114465713501,0.21017062664031982,-0.24968618154525757,-0.2285040020942688,0.44392818212509155,0.27085447311401367,-0.8502764105796814,-0.5253111720085144,0.041468679904937744,-0.12101393938064575,0.0,0.003507595043629408,0.0004997337237000465,0.0004997337237000465,0.0010981059167534113,0.0034910705871880054,0.00025727110914886,0.00025727110914886,0.0007048769621178508,0.0007048769621178508,0.0005421537207439542,0.0005421537207439542,0.002136239316314459,0.0018308196449652314,0.00026427023112773895,0.00026427023112773895,0.0007796962163411081,0.0004886365495622158,0.0004886365495622158,0.0,-0.0030078613199293613,-0.0030078613199293613,0.0005983721930533648,0.002991336863487959,-0.0008408348076045513,-0.0032337994780391455,0.0004476058529689908,0.0004476058529689908,-0.0001627232413738966,-0.0001627232413738966,0.0015940855955705047,0.0012886659242212772,-0.00187196908518672,-0.0015665494138374925,0.0005154259852133691,0.00022436631843447685,-0.0002910596667788923,-0.0004886365495622158,-0.0004886365495622158,0.0,0.003606233512982726,0.00599919818341732,-0.001439207000657916,-0.006225136108696461,0.0012884406605735421,0.003681405447423458,-0.0006103290943428874,-0.0006103290943428874,0.0017568088369444013,0.0014513891655951738,-0.0034660547971725464,-0.002855215221643448,0.00238739512860775,0.0017909157322719693,-0.0008064856519922614,-0.0007130028679966927,-0.00019757688278332353,0.0,0.48020219802856445,0.4788022041320801,0.04640066623687744,0.43645942211151123,0.7645750045776367,0.3253827691078186,0.02817082405090332,0.41733282804489136,0.3769586682319641,0.10625183582305908,0.6540684700012207,0.6434773802757263,0.1771160364151001,0.1771160364151001,0.5354321599006653,0.3729495406150818,-0.015925705432891846,0.5714998841285706,0.13732171058654785,-0.001399993896484375,-0.433801531791687,-0.04234278202056885,0.7181743383407593,-0.11107665300369263,-0.7364041805267334,0.09195005893707275,0.3487878441810608,-0.3110809922218323,0.2771098017692566,0.5372255444526672,-0.4769524335861206,-0.4663613438606262,0.3583161234855652,0.1958335041999817,-0.5513578653335571,0.19855034351348877,0.1532474160194397,-0.4341781735420227,-0.43240153789520264,-0.04094278812408447,1.1519758701324463,-0.06873387098312378,-1.4545785188674927,0.20302671194076538,1.0851919651031494,-0.40303105115890503,-0.0716780424118042,0.8483065366744995,-0.7540622353553772,-1.0035868883132935,0.8352685570716858,0.6621948480606079,-0.9096739888191223,0.00271683931350708,0.7046052813529968,-0.6327285170555115,-0.5874255895614624,1.6257390975952148,1.6271390914916992,1.1947375535964966,1.447050929069519,1.4269564151763916,1.8661487102508545,1.5689367055892944,1.7625575065612793,1.802931785583496,1.5322248935699463,1.719266414642334,1.7298574447631836,1.3809112310409546,1.3809112310409546,0.9899682402610779,1.1524507999420166,1.3899040222167969,1.9773297309875488,2.4115078449249268,0.001399993896484375,-0.43100154399871826,-0.18008816242218018,0.23221886157989502,0.41909778118133545,0.14198029041290283,-0.1035912036895752,0.23399507999420166,-0.230332612991333,-0.08366537094116211,0.1976325511932373,-0.3383551836013794,-0.348946213722229,-0.3909429907798767,-0.228460431098938,0.399935781955719,0.8248789310455322,1.0216038227081299,0.43417811393737793,-0.43240153789520264,-0.18148815631866455,0.6632204055786133,0.5991859436035156,-0.09023857116699219,-0.5226889848709106,0.09201478958129883,-0.1267414093017578,-0.31766045093536377,0.4279651641845703,-0.2546898126602173,-0.5465787649154663,-0.052587807178497314,0.12048578262329102,0.7908787727355957,1.0533393621444702,0.6216680407524109,-0.3907008171081543,-0.587425708770752,0.5295711755752563,0.5292783975601196,0.42044752836227417,0.5645055174827576,0.5410895943641663,0.5635776519775391,0.4670110046863556,0.5263864994049072,0.5371660590171814,0.5153536200523376,0.6671921610832214,0.6304157376289368,0.4548203647136688,0.4661661386489868,0.45897868275642395,0.48526254296302795,0.4350370466709137,0.6722107529640198,0.6493775844573975,-0.00029277801513671875,-0.10912364721298218,0.03522711992263794,0.12064206600189209,-0.0009278655052185059,-0.07407858967781067,-0.037191152572631836,0.0701550543308258,-0.01103287935256958,0.13002610206604004,0.11506211757659912,-0.2123717963695526,-0.16424959897994995,0.004158318042755127,0.019096404314041138,-0.023941636085510254,0.18694821000099182,0.21434053778648376,-0.022833168506622314,-0.10883086919784546,0.03551989793777466,0.22976571321487427,-0.036154985427856445,-0.19472065567970276,-0.03626328706741333,0.14423364400863647,0.026158273220062256,0.05987104773521423,0.1260949969291687,-0.34239789843559265,-0.2793117165565491,0.21653011441230774,0.1833460032939911,-0.02809995412826538,0.16785180568695068,0.23828217387199402,-0.20978137850761414,-0.23717370629310608,0.5868963003158569,0.619111955165863,0.0834914818406105,0.1069602444767952,0.26893484592437744,0.6336877942085266,0.2847357392311096,0.5035279989242554,0.4284069538116455,0.2997438311576843,0.5211222171783447,0.3885049521923065,0.06843041628599167,0.12463085353374481,0.19347594678401947,0.0025445434730499983,0.23947055637836456,0.44134461879730225,0.028328821063041687,0.032215654850006104,-0.5034047961235046,-0.5121517181396484,0.18544337153434753,0.526727557182312,0.015800893306732178,-0.13015979528427124,0.1436712145805359,-0.20378416776657104,0.09271526336669922,0.08876112103462219,-0.45269179344177246,-0.2638741135597229,0.1250455379486084,-0.1220863088965416,0.04599460959434509,0.43880006670951843,-0.21114173531532288,-0.41301578283309937,-0.5356204509735107,-0.5443673729896545,0.6888481378555298,1.0388792753219604,-0.16964247822761536,-0.6568873524665833,0.1278703212738037,-0.0736243724822998,-0.05095595121383667,0.29254528880119324,-0.5454070568084717,-0.3526352345943451,0.5777373313903809,0.1417877972126007,-0.0790509283542633,0.5608863830566406,-0.25713634490966797,-0.8518158197402954,-0.2018740475177765,6.452645778656006,6.466935157775879,1.9592212438583374,3.197786331176758,6.943272590637207,5.89964485168457,3.529217004776001,7.588742733001709,6.997686862945557,2.63627028465271,4.131259441375732,5.182963848114014,3.5529627799987793,3.2194929122924805,3.1478607654571533,2.519291639328003,2.567229986190796,5.333243370056152,6.123844623565674,0.014289379119873047,-4.493424415588379,-3.269148826599121,4.98405122756958,2.7018585205078125,-3.414055585861206,1.6890978813171387,3.4684698581695557,-4.952472686767578,-2.866427421569824,2.5466935634613037,-0.5782966613769531,-1.9634709358215332,-0.405102014541626,-0.7002012729644775,-0.5806307792663574,2.8139517307281494,3.556614637374878,0.7906012535095215,-4.507713794708252,-3.283438205718994,9.477476119995117,5.971007347106934,-8.398106575012207,-1.0127606391906738,6.882525444030762,-6.641570568084717,-6.334897041320801,7.499166488647461,2.288130760192871,-4.510164260864258,0.17319464683532715,1.2632696628570557,-0.17552876472473145,3.514153003692627,4.137245178222656,-2.023350477218628,-2.7660133838653564,-0.0005146843614056706,-0.0001963515387615189,-0.00013344189210329205,-0.00021963186736684293,-0.000815842708107084,0.0009091532556340098,-0.000903538370039314,0.001060430076904595,-0.0009833787335082889,-0.0008670823881402612,-0.0005617114948108792,-0.0006927115609869361,-0.00011028009612346068,-0.000299635692499578,-0.0006751293549314141,-0.000502475188113749,-0.00037124822847545147,-0.0008637823048047721,5.803056410513818e-05,0.0003183328080922365,0.0003812424838542938,-2.328032860532403e-05,-0.0006824008305557072,0.001128785079345107,-8.769566193223e-05,0.00015127682127058506,-7.984036346897483e-05,-0.001927512465044856,0.00042166723869740963,0.00017437082715332508,0.00045143140596337616,0.0003930758684873581,-0.0005648492369800806,-0.00020283949561417103,0.00030388112645596266,-0.0003613071166910231,0.00042927879258058965,0.0009218128398060799,6.29096757620573e-05,-0.00034161313669756055,-0.0010636432562023401,0.0011520653497427702,0.0005947051686234772,-0.000977508258074522,7.855298463255167e-06,-0.002078789286315441,0.0005015076021663845,0.002101883292198181,2.9764167265966535e-05,0.000218705041334033,-0.0010162806138396263,-0.0005959153641015291,0.0008687303634360433,-0.00015846762107685208,0.000125397666124627,0.001283119898289442,0.0004925340181216598,-61167272.0,-60531088.0,-14699464.0,-25787572.0,-66336184.0,-52189548.0,-29824854.0,-69654848.0,-65393992.0,-20681410.0,-34938428.0,-46875092.0,-29220928.0,-25906016.0,-27637098.0,-20508980.0,-19780020.0,-46490268.0,-55466576.0,636184.0,46467808.0,34743516.0,-51636720.0,-26401976.0,36511328.0,-17465300.0,-35569136.0,48973440.0,30455564.0,-26193682.0,5717500.0,20969076.0,1583830.0,5397036.0,7857078.0,-25981288.0,-35686556.0,-8976308.0,45831624.0,34107332.0,-98104528.0,-61145492.0,88148048.0,8936676.0,-72080464.0,66438740.0,66024700.0,-75167120.0,-24738064.0,47162760.0,-4133670.0,-15572040.0,6273248.0,-31378324.0,-43543632.0,17004980.0,26710248.0,0.08169940114021301,0.08045835047960281,0.002697139047086239,0.017829259857535362,0.08168800920248032,0.06968476623296738,0.015567458234727383,0.10629446059465408,0.10133253037929535,0.010579297319054604,0.05856349319219589,0.06260687857866287,0.014607571065425873,0.012379462830722332,0.011760745197534561,0.006160269491374493,0.005495904944837093,0.09151391685009003,0.13582570850849152,-0.001241050660610199,-0.0790022611618042,-0.0626290887594223,0.0789908692240715,0.051855504512786865,-0.06612055003643036,0.03660969436168671,0.08576507121324539,-0.09571516513824463,-0.04276903718709946,0.05202758312225342,-0.04395592212677002,-0.050227414816617966,-0.0028468258678913116,-0.006219193339347839,-0.006264840252697468,0.08535365015268326,0.13032980263233185,0.04431179165840149,-0.077761210501194,-0.0613880380988121,0.1579931378364563,0.11448459327220917,-0.14511141180992126,-0.015245810151100159,0.15188562870025635,-0.13232485949993134,-0.12853410840034485,0.14774274826049805,-0.0011868849396705627,-0.10225500166416168,0.04110909625887871,0.044008221477270126,-0.003418014384806156,0.0915728434920311,0.13659463822841644,-0.04104185849428177,-0.08601801097393036,0.1698797047138214,0.12572896480560303,-0.014507092535495758,0.08177762478590012,0.20372137427330017,0.09231719374656677,-0.01836007460951805,0.1669112741947174,0.12944956123828888,-0.00671129347756505,0.11134783923625946,0.16435310244560242,0.04740782082080841,0.055820073932409286,0.13188773393630981,0.1013047993183136,0.061384350061416626,0.1292150765657425,0.07119424641132355,-0.044150739908218384,-0.18438678979873657,-0.04395134001970291,0.21822845935821533,0.010539568960666656,-0.22208145260810852,0.07459408044815063,0.14780963957309723,-0.17362256348133087,-0.01810172200202942,0.17106439173221588,-0.06394001841545105,-0.10853302478790283,0.0844799131155014,0.04548472538590431,-0.07050338387489319,0.027910277247428894,0.009809896349906921,-0.058020830154418945,-0.1402360498905182,0.0001993998885154724,0.4026152491569519,0.05449090898036957,-0.44030991196632385,0.06405451148748398,0.36989110708236694,-0.2482166439294815,-0.16591136157512665,0.34468695521354675,-0.04583829641342163,-0.2795974016189575,0.14841993153095245,0.15401774644851685,-0.1549832969903946,-0.017574448138475418,0.08031328022480011,-0.08593110740184784,-0.06783072650432587,0.3599395155906677,0.4267915189266205,0.271056205034256,0.3074202239513397,0.31278157234191895,0.4356515407562256,0.36408549547195435,0.4208711087703705,0.44530022144317627,0.31593650579452515,0.32730937004089355,0.29802757501602173,0.3546704649925232,0.33116480708122253,0.22358450293540955,0.23353976011276245,0.2869117856025696,0.36812514066696167,0.4605390131473541,0.06685200333595276,-0.08888331055641174,-0.11937129497528076,0.041725367307662964,0.12823131680488586,0.0513039231300354,-0.014780431985855103,0.08121472597122192,-0.10493460297584534,-0.11799085140228271,-0.017908930778503418,0.02736109495162964,0.033137232065200806,-0.13108596205711365,-0.09762504696846008,0.06332728266716003,0.13458538055419922,0.17362722754478455,0.09241387248039246,-0.1557353138923645,-0.18622329831123352,0.1306086778640747,0.24760261178016663,0.009578555822372437,-0.14301174879074097,0.029910802841186523,-0.09015417098999023,-0.19920557737350464,0.08702567219734192,0.14535194635391235,0.051046162843704224,-0.1584470570087433,-0.1307622790336609,0.19441324472427368,0.2322104275226593,0.11029994487762451,-0.04217150807380676,-0.08121335506439209,0.12955644726753235,0.18215100467205048,0.07347146421670914,0.09450718760490417,0.09783230721950531,0.18979227542877197,0.13255824148654938,0.1771324872970581,0.19829228520393372,0.09981587529182434,0.10713141411542892,0.0888204425573349,0.12579113245010376,0.10967013239860535,0.049990031868219376,0.05454082041978836,0.08231836557388306,0.13551612198352814,0.21209616959095,0.05259455740451813,-0.05608498305082321,-0.0876438170671463,0.024360843002796173,0.0952850878238678,0.03472593426704407,-0.012659788131713867,0.06573404371738434,-0.07731661200523376,-0.09116087108850479,-0.010995432734489441,0.018659718334674835,0.020849689841270447,-0.07580110430717468,-0.055129311978816986,0.03232833370566368,0.08097530156373978,0.12977780401706696,0.07658004760742188,-0.10867954045534134,-0.14023837447166443,0.08044582605361938,0.1829289048910141,0.010365091264247894,-0.10794487595558167,0.03100810945034027,-0.0646568238735199,-0.15689492225646973,0.06632117927074432,0.10982058942317963,0.03184512257575989,-0.09446082264184952,-0.07597900182008743,0.10812944173812866,0.13610461354255676,0.09744946658611298,-0.004395253956317902,-0.05319775640964508,-0.2779025733470917,-0.11389560997486115,0.14511162042617798,-0.03571639582514763,-0.45206356048583984,-0.10985080152750015,0.1033596619963646,-0.6208680868148804,-0.24743005633354187,0.3078498840332031,0.3390365242958069,-0.1999632716178894,-0.005040238611400127,-0.10297545790672302,0.10061602294445038,-0.2484429031610489,-0.6117863059043884,-0.16160926222801208,-0.34170767664909363,0.16400696337223053,0.42301419377326965,0.07817921042442322,-0.5971751809120178,-0.07413440942764282,0.5554232001304626,-0.5110172629356384,-0.35078972578048706,0.9287179708480835,0.5864665508270264,-0.5078131556510925,-0.3440767526626587,0.09698781371116638,0.10565625876188278,-0.14546744525432587,-0.71240234375,0.0868336409330368,0.2700786292552948,-0.18009841442108154,0.25900721549987793,-0.08582775294780731,-1.0201894044876099,-0.15231361985206604,1.1525983810424805,-0.4368828535079956,-0.9062129259109497,1.4397351741790771,0.9372562766075134,-1.4365310668945312,-0.9305433034896851,0.6048009395599365,0.44973301887512207,-0.24245525896549225,-0.8180586099624634,0.23230108618736267,0.9824810028076172,-0.26693207025527954,-0.45017704367637634,2.332073450088501,1.7568403482437134,2.310262441635132,2.518728256225586,2.687591791152954,2.0896759033203125,2.286953926086426,2.729029655456543,2.0893893241882324,2.834418773651123,2.768944025039673,3.4461774826049805,2.0530812740325928,2.2825098037719727,2.3373115062713623,2.6489737033843994,2.817909002304077,3.0490214824676514,3.0936479568481445,-0.5752331018447876,-0.02181100845336914,0.7618879079818726,0.37732934951782227,-0.42905235290527344,-0.4006378650665283,0.6393537521362305,-0.19756460189819336,0.10538911819458008,0.6795547008514404,0.6117587089538574,-0.7158627510070801,-1.1636676788330078,0.28423023223876953,0.36646389961242676,0.48059749603271484,0.40004777908325195,0.2757389545440674,0.044626474380493164,0.5534220933914185,1.3371210098266602,0.3991403579711914,-1.190940260887146,-0.7779672145843506,1.068406105041504,0.20307326316833496,-0.5339646339416504,0.8771193027496338,0.5063695907592773,-1.3954174518585205,-1.7754263877868652,1.0000929832458496,1.5301315784454346,0.1963672637939453,0.033583879470825195,-0.20485854148864746,-0.3554213047027588,-0.23111248016357422,170.1812286376953,125.97740173339844,-14.450939178466797,82.04718780517578,204.009521484375,92.39961242675781,-17.9722843170166,166.8300323486328,129.89627075195312,-6.389886379241943,111.62515258789062,164.61032104492188,47.449337005615234,55.90401077270508,132.10496520996094,101.54747772216797,61.506202697753906,129.56033325195312,71.18010711669922,-44.203826904296875,-184.63217163085938,-43.930213928222656,218.46046447753906,10.352424621582031,-221.9818115234375,74.430419921875,147.86856079101562,-173.2199249267578,-18.2711181640625,171.00021362304688,-64.17581176757812,-108.70631408691406,84.65562438964844,45.64346694946289,-70.59876251220703,28.012855529785156,9.673904418945312,-58.380226135253906,-140.4283447265625,0.27361297607421875,403.0926513671875,54.28263854980469,-440.4422607421875,64.07799530029297,369.8503723144531,-247.6503448486328,-166.13967895507812,344.22015380859375,-45.904693603515625,-279.70654296875,148.83143615722656,154.3497772216797,-155.25439453125,-17.630611419677734,80.27266693115234,-86.39308166503906,-68.05413055419922,0.3976597785949707,0.3700175881385803,-0.04959862306714058,0.17404262721538544,0.47264909744262695,0.17055338621139526,-0.035217463970184326,0.38020336627960205,0.3348924517631531,-0.05366890877485275,0.1858471781015396,0.35419952869415283,0.0829041600227356,0.1139104813337326,0.2539370059967041,0.22357672452926636,0.18715426325798035,0.29199081659317017,0.12698300182819366,-0.02764219045639038,-0.4472584128379822,-0.19597496092319489,0.5222477316856384,-0.0034892410039901733,-0.5078665614128113,0.2096499800682068,0.3701099157333374,-0.4338722825050354,-0.14904527366161346,0.4078684449195862,-0.10294301807880402,-0.24028904736042023,0.1710328459739685,0.10966624319553375,-0.06678274273872375,0.06841409206390381,-0.06017126142978668,-0.1650078147649765,-0.4196162223815918,-0.1683327704668045,0.9695061445236206,0.1924857199192047,-1.0301142930984497,0.21313922107219696,0.8779764771461487,-0.6435222625732422,-0.5191552042961121,0.8417407274246216,0.04610225558280945,-0.6481574773788452,0.27397584915161133,0.349955290555954,-0.23781558871269226,-0.041252151131629944,0.006611481308937073,-0.2334219068288803,-0.10483655333518982
0.9608873128890991,0.3187440037727356,0.8060041666030884,0.9972615242004395,0.1808222383260727,0.8240773677825928,1.0334478616714478,0.2035342901945114,0.8908594846725464,0.9401155710220337,0.22695931792259216,0.935721755027771,0.8733298778533936,0.15995977818965912,1.0199421644210815,0.9010704159736633,0.14759156107902527,0.942197322845459,0.9253523945808411,-0.6421433091163635,-0.15488314628601074,0.6785175204277039,-0.6251819133758545,-0.17318415641784668,0.8526256084442139,-0.6205430626869202,-0.14258837699890137,0.7365812659263611,-0.6639001369476318,-0.004393815994262695,0.646370530128479,-0.7757619619369507,0.146612286567688,0.741110622882843,-0.8723505735397339,0.041126906871795654,0.7777608633041382,-0.01684492826461792,0.4872601628303528,1.3206608295440674,-0.47029876708984375,-0.8517016768455505,1.4778075218200684,-0.4473589062690735,-0.9952139854431152,1.3571243286132812,-0.5213117599487305,-0.7409750819206238,1.3102706670761108,-0.771368145942688,-0.499758243560791,1.5168726444244385,-1.0189628601074219,-0.6999837160110474,1.650111436843872,-0.057971835136413574,-0.7946057915687561,1.02134108543396,0.492132306098938,0.9189391732215881,1.0905925035476685,0.4785706698894501,1.0284950733184814,1.1577125787734985,0.41089683771133423,0.9739582538604736,1.027501106262207,0.3825673758983612,1.003944754600525,1.0198462009429932,0.3834432065486908,1.0969092845916748,1.1847364902496338,0.46965500712394714,0.9805956482887268,1.0420351028442383,-0.529208779335022,-0.10240191221237183,0.5984601974487305,-0.44036850333213806,-0.06209743022918701,0.6791418790817261,-0.6175982356071472,-0.1837543249130249,0.6166042685508728,-0.59139084815979,-0.02355635166168213,0.6372787952423096,-0.6205015182495117,0.07706308364868164,0.8012932538986206,-0.6272542476654053,-0.20414084196090698,0.5723800659179688,0.061439454555511475,0.42680686712265015,1.1276689767837524,-0.33796659111976624,-0.6605576276779175,1.1195104122161865,-0.5555008053779602,-0.862896203994751,1.23420250415802,-0.40763652324676514,-0.6401606202125549,1.2286696434020996,-0.5969451665878296,-0.5602157115936279,1.4217947721481323,-0.7043173313140869,-1.0054340362548828,1.199634313583374,0.26558029651641846,-0.5109406113624573,2.334888458251953,2.334888458251953,3.0453298091888428,3.0453298091888428,2.7221693992614746,2.9045722484588623,2.9045722484588623,1.784495234489441,2.797214984893799,2.797214984893799,1.4286764860153198,2.732121706008911,2.732121706008911,1.3307907581329346,2.968111515045166,2.968111515045166,1.4162321090698242,2.678953170776367,2.678953170776367,0.0,0.7104413509368896,0.7104413509368896,-0.32316040992736816,-0.14075756072998047,0.1824028491973877,-1.1200770139694214,-0.10735726356506348,1.012719750404358,-1.368538498878479,-0.0650932788848877,1.3034452199935913,-1.4013309478759766,0.23598980903625488,1.6373207569122314,-1.5518794059753418,-0.28915834426879883,1.262721061706543,0.0,0.7104413509368896,0.7104413509368896,-1.0336017608642578,-0.8511989116668701,0.5055632591247559,-0.9793194532394409,-0.28976011276245117,2.1327967643737793,-1.2611812353134155,-1.0778130292892456,2.6719837188720703,-1.3362376689910889,-1.0674554109573364,3.038651704788208,-1.7878692150115967,-1.9264791011810303,2.8146004676818848,0.28915834426879883,-1.262721061706543,2.334888458251953,2.334888458251953,3.0453298091888428,3.0453298091888428,2.7221693992614746,2.9045722484588623,2.9045722484588623,1.784495234489441,2.797214984893799,2.797214984893799,1.4286764860153198,2.732121706008911,2.732121706008911,1.3307907581329346,2.968111515045166,2.968111515045166,1.4162321090698242,2.678953170776367,2.678953170776367,0.0,0.7104413509368896,0.7104413509368896,-0.32316040992736816,-0.14075756072998047,0.1824028491973877,-1.1200770139694214,-0.10735726356506348,1.012719750404358,-1.368538498878479,-0.0650932788848877,1.3034452199935913,-1.4013309478759766,0.23598980903625488,1.6373207569122314,-1.5518794059753418,-0.28915834426879883,1.262721061706543,0.0,0.7104413509368896,0.7104413509368896,-1.0336017608642578,-0.8511989116668701,0.5055632591247559,-0.9793194532394409,-0.28976011276245117,2.1327967643737793,-1.2611812353134155,-1.0778130292892456,2.6719837188720703,-1.3362376689910889,-1.0674554109573364,3.038651704788208,-1.7878692150115967,-1.9264791011810303,2.8146004676818848,0.28915834426879883,-1.262721061706543,-0.42936405539512634,-0.6042664051055908,-0.6042664051055908,-0.7194125652313232,-0.9012406468391418,-0.9012406468391418,-0.7076442837715149,-0.7076442837715149,-0.39572957158088684,-0.4901010990142822,-0.7337965369224548,-0.7337965369224548,-0.6899085640907288,-0.6899085640907288,-0.6600089073181152,-1.1008894443511963,-1.1008894443511963,-0.6409212350845337,-0.8685727715492249,-0.17490234971046448,-0.17490234971046448,-0.11514616012573242,-0.296974241733551,-0.1818280816078186,0.19359636306762695,0.19359636306762695,0.31191471219062805,0.21754318475723267,-0.338066965341568,-0.2436954379081726,0.043887972831726074,0.043887972831726074,0.029899656772613525,-0.41098088026046753,-0.44088053703308105,0.4599682092666626,0.23231667280197144,-0.22765153646469116,0.0,0.059756189584732056,-0.12207189202308655,-0.06668192148208618,0.490570604801178,0.37542444467544556,0.1183183491230011,0.023946821689605713,-0.649981677532196,-0.4612386226654053,0.38195493817329407,0.2875834107398987,-0.013988316059112549,-0.4548688530921936,-0.4707801938056946,0.8709490895271301,0.6731972098350525,-0.6876197457313538,-0.4599682092666626,0.002596822567284107,0.002596822567284107,0.0029519042000174522,0.0013194084167480469,0.0001487182453274727,0.0001487182453274727,0.00172493327409029,0.00044977787183597684,0.00044977787183597684,0.0012117093428969383,0.00039097992703318596,0.00039097992703318596,0.006230141967535019,0.001124020665884018,0.001124020665884018,0.0027537960559129715,0.0027537960559129715,0.003624317469075322,0.0,0.0,0.00035508163273334503,-0.0012774141505360603,-0.0028031859546899796,-0.0011706901714205742,0.0015762150287628174,0.00030105962650850415,-0.0012751554604619741,0.0007619314710609615,-5.879794480279088e-05,-0.0008207294158637524,0.005839162040501833,0.000733040738850832,-0.005106121301651001,0.0016297753900289536,0.0016297753900289536,0.0008705214131623507,-0.0027537960559129715,-0.003624317469075322,0.00035508163273334503,-0.0012774141505360603,-0.0031582675874233246,0.00010672397911548615,0.004379400983452797,0.0014717497397214174,-0.0028513704892247915,0.00046087184455245733,0.0012163575738668442,-0.0015826609451323748,0.005897960159927607,0.0015537701547145844,-0.010945282876491547,0.0008967346511781216,0.0067358966916799545,-0.0007592539768666029,-0.004383571445941925,-0.004494838882237673,-0.0008705214131623507,1.9055243730545044,1.7306220531463623,2.441063404083252,2.3259172439575195,1.8209288120269775,2.0033316612243652,2.196928024291992,1.0768508911132812,2.4014854431152344,2.3071138858795166,0.694879949092865,1.9983251094818115,2.042213201522827,0.6408821940422058,2.308102607727051,1.8672220706939697,0.31534266471862793,2.038032054901123,1.810380458831787,-0.1749023199081421,0.5355390310287476,0.5952951908111572,-0.6201345920562744,-0.3225855827331543,0.37599921226501465,-0.926480770111084,0.2045574188232422,1.2302629947662354,-1.7066054344177246,-0.3087887763977051,1.3473331928253174,-1.357442855834961,0.26588940620422363,1.2263398170471191,-1.9927599430084229,0.17080998420715332,1.4950377941131592,-0.22765159606933594,0.7104413509368896,0.7701975107192993,-1.155673623085022,-0.9178807735443115,0.9961338043212891,-0.6038951873779297,-0.17144179344177246,2.1567437648773193,-1.9111628532409668,-1.5390517711639404,3.053938627243042,-1.0486540794372559,-1.0814437866210938,2.58378267288208,-2.2586493492126465,-1.0555298328399658,3.487797737121582,-0.39846158027648926,-1.7226893901824951,2.7642524242401123,2.939154863357544,3.6495962142944336,3.764742374420166,3.6234099864959717,3.8058128356933594,3.6122164726257324,2.4921395778656006,3.1929445266723633,3.287316083908081,2.16247296333313,3.4659183025360107,3.422030210494995,2.0206992626190186,3.6281204223632812,4.069001197814941,2.5171215534210205,3.3198742866516113,3.5475258827209473,0.17490243911743164,0.8853437900543213,0.8255875110626221,-0.026186227798461914,0.04107046127319336,-0.011193513870239258,-1.3136732578277588,-0.41927194595336914,0.7951765060424805,-1.0304715633392334,0.1786022186279297,1.2595572471618652,-1.4452190399169922,0.20609021186828613,2.048301935195923,-1.1109988689422607,-0.7491269111633301,1.0304043292999268,0.22765159606933594,0.7104413509368896,0.6506850719451904,-0.9115300178527832,-0.7845170497894287,0.014992713928222656,-1.3547437191009521,-0.4080784320831299,2.1088497638702393,-0.6111996173858643,-0.6165742874145508,2.2900288105010986,-1.6238212585449219,-1.053467035293579,3.493520975112915,-1.3170890808105469,-2.797428846359253,2.1414031982421875,0.976778507232666,-0.8027527332305908,0.7468568682670593,0.9747985005378723,0.9582332372665405,0.9096735119819641,1.1388261318206787,0.890593409538269,0.8683722019195557,0.8277462124824524,0.8680474758148193,0.8614262342453003,0.7102243304252625,0.8581817150115967,0.8572728037834167,0.6793773770332336,0.8887243270874023,0.8784400820732117,0.666217565536499,0.8596960306167603,0.8466641306877136,0.227941632270813,0.2113763689994812,-0.0651249885559082,0.18059289455413818,-0.01908010244369507,-0.27045392990112305,-0.06284719705581665,-0.0003247261047363281,0.0336800217628479,-0.15782314538955688,-0.0032445192337036133,0.1470484733581543,-0.17880433797836304,0.031451523303985596,0.19906270503997803,-0.22250676155090332,-0.018744051456451416,0.1804465651512146,-0.01303189992904663,-0.016565263271331787,-0.2930666208267212,-0.030783474445343018,0.046044886112213135,-0.45104682445526123,-0.04376709461212158,0.2701292037963867,0.09652721881866455,-0.15749841928482056,-0.036924540996551514,0.3048716187477112,-0.17555981874465942,-0.1155969500541687,0.37786704301834106,-0.2539582848548889,-0.21780675649642944,0.4029533267021179,0.005712151527404785,-0.19347846508026123,0.18885338306427002,2.2490837574005127,0.6177699565887451,0.39071494340896606,2.7221693992614746,0.329944908618927,0.8387871980667114,1.784495234489441,0.24096667766571045,0.8341515064239502,1.4286764860153198,0.3687747120857239,0.6046903133392334,1.191502332687378,0.46213704347610474,1.3672343492507935,1.3813563585281372,0.27294591069221497,1.329407811164856,2.060230255126953,0.4289165735244751,-1.8583688735961914,2.1043994426727295,-0.06077003479003906,-1.8833822011947632,1.4545502662658691,-0.597820520401001,-0.9503437280654907,1.1877098083496094,-0.4653767943382263,-0.8239861726760864,0.822727620601654,-0.14255326986312866,0.17573201656341553,0.9192193150520325,-1.0942884683609009,-0.05194854736328125,1.0564619302749634,-1.631313681602478,-3.9185991287231445,1.6754828691482544,1.7975988388061523,-3.987781524658203,1.5153203010559082,1.2855616807937622,-2.4048938751220703,1.7855303287506104,0.4849669337272644,-2.0116958618164062,1.2881044149398804,0.6814329028129578,-0.6469956040382385,1.0617725849151611,-1.2700204849243164,-0.9711678624153137,2.1507503986358643,1.1084104776382446,39.43531036376953,13.58862018585205,42.11362075805664,51.851966857910156,13.477248191833496,46.7068977355957,51.67438888549805,8.91749382019043,44.51430892944336,45.89878845214844,6.759638786315918,42.408538818359375,42.58867645263672,6.078060150146484,51.359745025634766,53.807456970214844,8.43030834197998,38.927001953125,41.379573822021484,-25.846691131591797,2.6783103942871094,38.26334762573242,-28.636371612548828,-5.145069122314453,38.197139739990234,-37.789405822753906,-7.1600799560546875,36.981292724609375,-37.754669189453125,-3.4902496337890625,35.829036712646484,-36.33047866821289,8.771068572998047,47.72939682006836,-42.92943572998047,-14.880455017089844,32.94926452636719,2.4525718688964844,28.525001525878906,64.11003875732422,-31.314682006835938,-43.408416748046875,66.83351135253906,-32.64433670043945,-45.35721969604492,74.77069854736328,-30.594589233398438,-40.47154235839844,73.58370971679688,-32.84022903442383,-27.057968139648438,84.05987548828125,-51.700504302978516,-62.6098518371582,75.87870025634766,17.333026885986328,-30.496692657470703,-0.0008003941038623452,0.005114865489304066,0.009647387079894543,0.0005328152910806239,0.008996671065688133,0.004208697471767664,0.000488386838696897,0.002570425858721137,0.0020866445265710354,0.0007432300481013954,0.0007293668459169567,0.0013747926568612456,-0.000971015018876642,0.0013314519310370088,0.00047861176426522434,0.0006437783595174551,0.0018535767449066043,0.0011605607578530908,0.0008723453502170742,0.005915259476751089,0.010447781533002853,-0.004582050256431103,-0.0006507160142064095,0.003675882238894701,-0.008508284576237202,-0.001638271613046527,0.0015982576878741384,-0.0018271957524120808,-0.0013572776224464178,0.0006315626087598503,-0.0017003818647935987,-4.334072582423687e-05,0.0014496267540380359,-0.0006876735715195537,0.0013749649515375495,0.0005167823983356357,-0.000981231452897191,-0.0002882154076360166,0.004532522056251764,-0.010497309267520905,-0.011098497547209263,0.008257932960987091,-0.007857568562030792,-0.005314153619110584,0.010106542147696018,-0.00018892413936555386,-0.002955535426735878,0.002458758419379592,-0.00034310424234718084,-0.0006749033345840871,0.0031500086188316345,-0.0006443328456953168,-7.466180250048637e-05,0.0012044559698551893,-0.0023561962880194187,-0.0008049978059716523,0.0006930160452611744,-441626592.0,-128023032.0,-457420832.0,-587803136.0,-128903352.0,-515808352.0,-589764608.0,-82415664.0,-488122688.0,-514736384.0,-59160512.0,-469384320.0,-476563776.0,-53702824.0,-578607488.0,-610212480.0,-77081768.0,-432281440.0,-460500960.0,313603552.0,-15794240.0,-459780096.0,328517472.0,71994784.0,-460861248.0,433392704.0,101641920.0,-432320704.0,428962176.0,45352064.0,-417403264.0,415681504.0,-102043712.0,-556509632.0,501525728.0,177931040.0,-383419200.0,-28219520.0,-329397792.0,-773383680.0,344311712.0,531774880.0,-789378688.0,361397920.0,562503168.0,-865713408.0,327320256.0,477672768.0,-846365440.0,370329440.0,315359552.0,-972191104.0,603569408.0,734440704.0,-884944896.0,-206150560.0,355199680.0,15.371301651000977,6.614010810852051,54.2088623046875,60.49385070800781,6.310911178588867,39.440765380859375,40.38981628417969,1.0626360177993774,40.19999694824219,40.26142120361328,0.22512777149677277,31.196224212646484,31.25471305847168,0.1869325488805771,49.6794319152832,49.814125061035156,0.28097930550575256,24.193124771118164,24.46022605895996,-8.757290840148926,38.837562561035156,53.87984085083008,-47.89794921875,-21.053085327148438,34.07890319824219,-38.37812805175781,-0.1898193359375,39.19878387451172,-39.97486877441406,-9.065196990966797,31.029584884643555,-31.009292602539062,18.424718856811523,49.627193450927734,-49.39845275878906,-25.621000289916992,24.17924690246582,0.2671012878417969,47.594852447509766,62.63713073730469,-86.73551177978516,-74.93292236328125,81.97685241699219,-17.325042724609375,-34.26872253417969,77.57691192626953,-39.78504943847656,-48.263980865478516,71.00445556640625,-21.944095611572266,-12.604866027832031,80.63648986816406,-67.82317352294922,-75.2481918334961,73.57769775390625,25.88810157775879,-23.912145614624023,0.48200249671936035,0.15868063271045685,0.4029008150100708,0.5006144046783447,0.08902183175086975,0.4129081666469574,0.518518328666687,0.10084458440542221,0.4465823471546173,0.47170737385749817,0.11293885856866837,0.4693368077278137,0.4378794729709625,0.07903863489627838,0.5111002922058105,0.4515371322631836,0.07274603843688965,0.472089022397995,0.4638623595237732,-0.3233218789100647,-0.07910168170928955,0.3419337868690491,-0.31387898325920105,-0.08770623803138733,0.42949649691581726,-0.3120635747909546,-0.0719359815120697,0.37086278200149536,-0.33364349603652954,-0.0023705661296844482,0.32494062185287476,-0.39029818773269653,0.07322081923484802,0.3724985122680664,-0.4383542537689209,0.0205518901348114,0.39111632108688354,-0.008226662874221802,0.24422019720077515,0.6652556657791138,-0.2347773015499115,-0.4296400249004364,0.7433754801750183,-0.22435733675956726,-0.501432478427887,0.68292635679245,-0.26170751452445984,-0.3732333481311798,0.6585841178894043,-0.3879276216030121,-0.25171980261802673,0.7627967000007629,-0.5115751028060913,-0.351946622133255,0.8294705748558044,-0.028778553009033203,-0.39934298396110535,0.7552506923675537,0.6430679559707642,0.9727205038070679,0.9848486185073853,0.6916294693946838,1.0444430112838745,0.9431657791137695,0.544683039188385,0.944962203502655,0.9247119426727295,0.4524821639060974,0.8549766540527344,0.9224487543106079,0.45262256264686584,0.9515331983566284,1.1077240705490112,0.5457891821861267,0.7660062313079834,0.8433852195739746,-0.11218273639678955,0.21746981143951416,0.3417806625366211,-0.28109103441238403,0.05959439277648926,0.2515363097190857,-0.4997599720954895,0.001796424388885498,0.3800289034843445,-0.4924800395965576,-0.06973528861999512,0.4699665904045105,-0.40235409140586853,0.029084444046020508,0.6551015377044678,-0.4057440161705017,-0.34171783924102783,0.2975960373878479,0.07737898826599121,0.3296525478363037,0.45396339893341064,-0.4985608458518982,-0.28218626976013184,0.5326273441314697,-0.5593543648719788,-0.2497398853302002,0.879788875579834,-0.4942764639854431,-0.4497641921043396,0.9624466300010681,-0.3326188027858734,-0.44088214635849,1.0574556589126587,-0.4348284602165222,-0.9968193769454956,0.7033400535583496,0.41909682750701904,-0.2202170491218567,0.5704036355018616,0.41353639960289,0.9461852312088013,0.9699268341064453,0.478351354598999,1.0908610820770264,0.8895617127418518,0.29667961597442627,0.8929535746574402,0.8550921678543091,0.20474010705947876,0.7309851050376892,0.8509117364883423,0.2048671841621399,0.9054154753684998,1.2270526885986328,0.29788580536842346,0.5867655277252197,0.7112986445426941,-0.15686723589897156,0.3757815957069397,0.5563904047012329,-0.46783387660980225,0.12093424797058105,0.4112103581428528,-0.7941814661026001,0.003391861915588379,0.5584125518798828,-0.6882134675979614,-0.12410706281661987,0.6461716294288635,-0.5261179208755493,0.05450373888015747,1.0221855640411377,-0.6075296401977539,-0.6402871608734131,0.41341283917427063,0.12453311681747437,0.5326488018035889,0.7132576704025269,-0.8436154723167419,-0.43545615673065186,0.879044234752655,-0.9151157140731812,-0.4078184962272644,1.352594017982483,-0.6916053295135498,-0.6825196146965027,1.3343851566314697,-0.40201085805892944,-0.591667890548706,1.548303484916687,-0.6620333790779114,-1.6624727249145508,1.0209424495697021,0.7648202776908875,-0.28887972235679626,-0.14764562249183655,1.4027180671691895,0.7112909555435181,0.293022096157074,1.3067249059677124,0.17715854942798615,-0.10492761433124542,1.0014413595199585,0.3990378975868225,0.29753488302230835,0.4756651818752289,0.25053927302360535,0.1592288613319397,0.34576061367988586,0.19901584088802338,-0.05792172625660896,-0.11005397886037827,0.34118103981018066,-0.07794107496738434,1.5503636598587036,0.8589365482330322,-1.1096959114074707,0.5954339504241943,-0.11586354672908783,-1.4116525650024414,0.8242828249931335,0.5039654970169067,-0.7039064764976501,0.07662728428840637,-0.046995609998703,-0.3164363205432892,0.09522134065628052,0.03978697955608368,-0.4036823511123657,-0.30906981229782104,0.3991027772426605,0.03211290389299393,-0.4191220998764038,-0.6914271116256714,-2.6600594520568848,-0.2635025978088379,0.9938323497772217,-2.0070865154266357,0.9401463866233826,1.9156180620193481,-1.5281893014907837,-0.42733821272850037,0.6569108963012695,-0.39306360483169556,0.14221695065498352,0.35622328519821167,-0.49890369176864624,-0.3488568067550659,0.8027851581573486,0.3411827087402344,-0.8182249069213867,-0.45123499631881714,1.8617514371871948,4.890865325927734,2.3770198822021484,1.9867156744003296,4.702622413635254,1.684126853942871,1.8829339742660522,3.351412057876587,1.8038976192474365,1.8740063905715942,2.4187285900115967,2.074402332305908,1.9493929147720337,2.732707977294922,1.8044037818908691,1.765019416809082,2.4817309379577637,2.255495071411133,2.381526231765747,3.02911376953125,0.5152684450149536,-2.9041495323181152,2.3256025314331055,-0.3025888204574585,-2.819688320159912,1.6672852039337158,-0.07903635501861572,-1.4774056673049927,0.6148309707641602,0.20039594173431396,-0.469335675239563,0.6583056449890137,-0.14498913288116455,-0.9676885604858398,0.6773271560668945,0.4904756546020508,-0.1002047061920166,0.12603116035461426,-2.513845443725586,-5.933263301849365,1.8103340864181519,2.601560592651367,-5.145290851593018,1.9698740243911743,2.740652084350586,-3.144690990447998,0.6938673257827759,1.6778016090393066,-1.0841666460037231,0.4579097032546997,0.32434654235839844,-1.6259942054748535,0.8223162889480591,1.4581642150878906,-0.7775318622589111,-0.3644444942474365,0.22623586654663086,482.36541748046875,160.00949096679688,404.6141052246094,500.6252746582031,90.77276611328125,413.68682861328125,518.7908325195312,102.1742172241211,447.2114562988281,471.9380187988281,113.93357849121094,469.7323303222656,438.4115905761719,80.29981231689453,512.010986328125,452.33734130859375,74.0909652709961,472.9830627441406,464.52691650390625,-322.3559265136719,-77.75131225585938,340.61578369140625,-313.8413391113281,-86.93844604492188,428.01806640625,-311.5126037597656,-71.57937622070312,369.7637939453125,-333.27789306640625,-2.2056884765625,324.47802734375,-389.4325256347656,73.59939575195312,372.03753662109375,-437.9200134277344,20.645721435546875,390.4359436035156,-8.456146240234375,244.6046142578125,662.9716796875,-236.09002685546875,-427.5542297363281,741.859375,-224.57415771484375,-499.5974426269531,681.2763671875,-261.6985168457031,-371.969482421875,657.7559204101562,-387.2268371582031,-250.87863159179688,761.4700927734375,-511.5194091796875,-351.3918151855469,828.35595703125,-29.10186767578125,-398.89208984375,1.1250393390655518,0.2319217324256897,0.4696187376976013,0.8029793500900269,0.0194254107773304,0.6516520380973816,1.1361749172210693,0.00940986629575491,0.7401434183120728,0.8675157427787781,0.11693768203258514,0.8882464170455933,0.8709901571273804,0.1535116732120514,0.9441536664962769,0.9867804050445557,0.2186947762966156,0.819102942943573,0.9249395728111267,-0.8931176066398621,-0.6554206013679504,0.5710576176643372,-0.4501933157444,-0.15132731199264526,1.1167495250701904,-0.6422421932220459,-0.3960314989089966,0.8581058979034424,-0.6232057213783264,0.020730674266815186,0.754052460193634,-0.7347347736358643,0.07316350936889648,0.8332687616348267,-0.7254588603973389,-0.16767746210098267,0.7062448263168335,0.10583662986755371,0.23769700527191162,1.4641752243041992,0.20522728562355042,-0.7223849296569824,1.566942811012268,-0.49091488122940063,-1.512781023979187,1.5003480911254883,-0.22717422246932983,-0.8373752236366272,1.3772581815719604,-0.7554654479026794,-0.6808889508247375,1.568003535270691,-0.7986223697662354,-1.000946283340454,1.4317036867141724,0.2735140919685364,-0.6004081964492798
0.12283866852521896,0.21044380962848663,0.14311529695987701,0.10077033191919327,0.14263254404067993,0.19922155141830444,0.18807700276374817,0.05038800835609436,0.19231845438480377,0.2896372973918915,0.01899518445134163,0.1427740752696991,0.26775288581848145,0.053586605936288834,0.12686000764369965,0.22471997141838074,0.20214536786079407,0.12460107356309891,0.13393783569335938,0.08760514110326767,0.02027662843465805,-0.10967347770929337,-0.0004827529191970825,0.09845121949911118,0.04544445872306824,-0.14883354306221008,0.004241451621055603,0.23924928903579712,-0.17332327365875244,-0.14686322212219238,0.24875770509243011,-0.08918747305870056,-0.1408928781747818,0.1711333692073822,0.07528536021709442,-0.10011889785528183,-0.06820753216743469,0.009336762130260468,-0.06732851266860962,-0.19727861881256104,-0.020759381353855133,0.20812469720840454,0.04592721164226532,-0.24728477001190186,-0.041203007102012634,0.3880828320980072,-0.17756472527980804,-0.3861125111579895,0.42208099365234375,0.05767574906349182,-0.3896505832672119,0.26032084226608276,0.21617823839187622,-0.27125227451324463,-0.1434928923845291,0.1094556599855423,0.07754429429769516,0.46071553230285645,0.46936434507369995,0.3436139225959778,0.2726845145225525,0.23214848339557648,0.28150200843811035,0.341691792011261,0.3444179892539978,0.3610020577907562,0.33879947662353516,0.2982030510902405,0.4131174087524414,0.39884132146835327,0.2592190206050873,0.2715074419975281,0.32910874485969543,0.3285354971885681,0.3687303960323334,0.3752465546131134,0.008648812770843506,-0.11710160970687866,-0.19667983055114746,-0.1114654392004013,0.008817493915557861,0.10954330861568451,0.06291598081588745,0.01931026577949524,-0.0056185126304626465,-0.06279900670051575,0.07431793212890625,0.10063827037811279,-0.15389838814735413,-0.1273338794708252,0.06988972425460815,0.05702805519104004,0.03962165117263794,0.04671105742454529,0.006516158580780029,-0.12575042247772217,-0.20532864332199097,0.005636170506477356,0.20549732446670532,0.22100874781608582,0.05409848690032959,-0.09023304283618927,-0.0685344934463501,-0.08210927248001099,0.0799364447593689,0.16343727707862854,-0.22821632027626038,-0.227972149848938,0.22378811240196228,0.18436193466186523,-0.030268073081970215,-0.010316997766494751,-0.03310549259185791,-0.04019489884376526,1.4088342189788818,1.4088342189788818,0.9968488812446594,0.7854557037353516,0.7199133634567261,1.04337739944458,1.2230603694915771,1.2230603694915771,1.1955960988998413,1.1281025409698486,0.9838260412216187,1.1725656986236572,1.1725656986236572,1.148800253868103,1.148800253868103,1.0331801176071167,1.0331801176071167,1.1370124816894531,1.1370124816894531,0.0,-0.4119853377342224,-0.6233785152435303,-0.27693551778793335,0.2579216957092285,0.5031470060348511,0.17968297004699707,-0.02746427059173584,-0.09495782852172852,-0.21177005767822266,0.044463157653808594,0.18873965740203857,-0.0237654447555542,-0.0237654447555542,-0.11562013626098633,-0.11562013626098633,0.10383236408233643,0.10383236408233643,0.0,-0.4119853377342224,-0.6233785152435303,0.13504981994628906,0.8813002109527588,0.7800825238227844,-0.07823872566223145,-0.5306112766265869,-0.2746407985687256,-0.18430578708648682,0.1394209861755371,0.40050971508026123,-0.06822860240936279,-0.21250510215759277,-0.09185469150543213,-0.09185469150543213,0.21945250034332275,0.21945250034332275,-0.10383236408233643,-0.10383236408233643,1.4088342189788818,1.4088342189788818,0.9968488812446594,0.8573150634765625,0.7199133634567261,1.04337739944458,1.2230603694915771,1.2230603694915771,1.1955960988998413,1.1281025409698486,0.9838260412216187,1.1725656986236572,1.1725656986236572,1.148800253868103,1.148800253868103,1.0331801176071167,1.0331801176071167,1.1370124816894531,1.1370124816894531,0.0,-0.4119853377342224,-0.5515191555023193,-0.27693551778793335,0.18606233596801758,0.5031470060348511,0.17968297004699707,-0.02746427059173584,-0.09495782852172852,-0.21177005767822266,0.044463157653808594,0.18873965740203857,-0.0237654447555542,-0.0237654447555542,-0.11562013626098633,-0.11562013626098633,0.10383236408233643,0.10383236408233643,0.0,-0.4119853377342224,-0.5515191555023193,0.13504981994628906,0.7375814914703369,0.7800825238227844,-0.006379365921020508,-0.5306112766265869,-0.2746407985687256,-0.18430578708648682,0.1394209861755371,0.40050971508026123,-0.06822860240936279,-0.21250510215759277,-0.09185469150543213,-0.09185469150543213,0.21945250034332275,0.21945250034332275,-0.10383236408233643,-0.10383236408233643,-0.8658760786056519,-0.7565976977348328,-0.8573150634765625,-0.8573150634765625,-0.41257351636886597,-0.35568544268608093,-1.0335876941680908,-1.0335876941680908,-0.8925046324729919,-0.56775963306427,-0.7468956112861633,-0.7468956112861633,-0.7239089012145996,-0.7239089012145996,-0.3965749740600586,-0.5765811204910278,-0.5953123569488525,-1.1032425165176392,-1.1032425165176392,0.10927838087081909,0.008561015129089355,-0.10071736574172974,0.44474154710769653,0.5016295909881592,-0.6210141777992249,-0.6779022216796875,0.14108306169509888,0.4658280611038208,0.1456090211868286,-0.1791359782218933,0.02298671007156372,0.02298671007156372,0.327333927154541,0.14732778072357178,-0.19873738288879395,-0.5266613960266113,-0.5079301595687866,0.0,-0.10071736574172974,-0.20999574661254883,0.4361805319786072,0.6023469567298889,-1.0657557249069214,-1.1795318126678467,0.7620972394943237,1.1437302827835083,0.004525959491729736,-0.6449640393257141,-0.12262231111526489,0.20212268829345703,0.3043472170829773,0.12434107065200806,-0.526071310043335,-0.6739891767501831,-0.3091927766799927,0.5266613960266113,0.5079301595687866,0.0002024262212216854,0.0022500462364405394,5.802075611427426e-05,5.802075611427426e-05,0.0016845017671585083,0.0007297194097191095,0.0007297194097191095,0.00021408882457762957,0.00021408882457762957,0.0003573596477508545,0.0003573596477508545,0.00034459016751497984,0.00034459016751497984,0.0006777537055313587,0.0028180531226098537,0.002222179900854826,0.002222179900854826,0.0009077293798327446,0.0,0.002047620015218854,-0.00014440546510741115,-0.002192025538533926,0.001626481069251895,0.0006716986536048353,-0.0009547823574393988,-0.00051563058514148,-0.00051563058514148,0.00014327082317322493,0.00014327082317322493,-1.2769480235874653e-05,-1.2769480235874653e-05,0.0003331635380163789,0.002473462838679552,0.0015444261953234673,-0.0005958732217550278,-0.0013144505210220814,-0.002222179900854826,-0.0009077293798327446,-0.002192025538533926,-0.004239645786583424,0.001770886592566967,0.002863724250346422,-0.0025812634266912937,-0.0011873291805386543,0.0004391517722979188,0.0006589014083147049,0.0006589014083147049,-0.00015604030340909958,-0.00015604030340909958,0.00034593301825225353,0.002486232202500105,0.0012112626573070884,-0.00306933606043458,-0.0028588767163455486,-0.0016263066790997982,0.0004067211411893368,0.0013144505210220814,0.54295814037323,0.6522365212440491,0.13953381776809692,-0.07185935974121094,0.3073398470878601,0.6876919269561768,0.18947267532348633,0.18947267532348633,0.30309146642684937,0.5603429079055786,0.23693042993545532,0.4256700873374939,0.4486567974090576,0.4248913526535034,0.7522252798080444,0.45659899711608887,0.43786776065826416,0.033769965171813965,0.033769965171813965,0.10927838087081909,-0.40342432260513306,-0.72409588098526,0.16780602931976318,0.7595512866973877,-0.11786717176437378,-0.49821925163269043,0.11361879110336304,0.3708702325820923,-0.06616103649139404,-0.13467282056808472,0.2117263674736023,-0.0007787346839904785,0.3035684823989868,0.03170764446258545,-0.3143575191497803,-0.4228290319442749,-0.4040977954864502,0.0,-0.5127027034759521,-0.8333742618560791,0.5712303519248962,1.483647108078003,-0.28567320108413696,-1.2577705383300781,0.23148596286773682,0.8690894842147827,-0.17977982759475708,-0.505543053150177,0.27788740396499634,0.13389408588409424,0.09184211492538452,0.03248637914657593,-0.6179260015487671,-0.45453667640686035,-0.08974027633666992,0.4228290319442749,0.4040977954864502,2.274710178375244,2.1654319763183594,1.8541638851165771,1.642770767211914,1.1324868202209473,1.3990628719329834,2.256648063659668,2.256648063659668,2.0881006717681885,1.6958621740341187,1.7307217121124268,1.9194612503051758,1.8964745998382568,1.8727091550827026,1.5453752279281616,1.6097612380981445,1.6284924745559692,2.2402548789978027,2.2402548789978027,-0.10927820205688477,-0.420546293258667,-0.5226612091064453,-0.7216770648956299,-0.24370789527893066,1.1241612434387207,0.8575851917266846,-0.1685473918914795,-0.5607858896255493,-0.3573789596557617,0.22359907627105713,0.16575288772583008,-0.046752095222473145,-0.3510993719100952,-0.2629479169845581,0.08311724662780762,0.6304936408996582,0.6117624044418335,0.0,-0.3112680912017822,-0.41338300704956055,-0.3011307716369629,0.27895331382751465,1.8458383083343506,1.1012930870056152,-1.2927086353302002,-1.4183710813522339,-0.18883156776428223,0.7843849658966064,0.5231318473815918,-0.2703511714935303,-0.5168522596359253,-0.21619582176208496,0.43421661853790283,0.8934415578842163,0.5286451578140259,-0.6304936408996582,-0.6117624044418335,0.6667248010635376,0.6575395464897156,0.5375210046768188,0.4808042645454407,0.47935396432876587,0.6121966242790222,0.6523198485374451,0.6440083384513855,0.6198019981384277,0.5998997092247009,0.5654006600379944,0.5838486552238464,0.5877732634544373,0.7043294310569763,0.68682861328125,0.5777255296707153,0.5835678577423096,0.5969018340110779,0.5890102982521057,-0.009185254573822021,-0.12920379638671875,-0.1767352819442749,-0.05816704034805298,0.13139235973358154,0.1729658842086792,0.03181171417236328,-0.032517850399017334,-0.04410862922668457,-0.05440133810043335,-0.016051054000854492,0.02237260341644287,0.12048077583312988,0.09905534982681274,-0.126603901386261,-0.10326075553894043,0.01917630434036255,0.005442440509796143,-0.007891535758972168,-0.12001854181289673,-0.16755002737045288,0.07103675603866577,0.30812764167785645,0.23113292455673218,-0.09958064556121826,-0.20548373460769653,-0.07592034339904785,-0.021883487701416016,0.028057575225830078,0.07677394151687622,0.13653182983398438,0.07668274641036987,-0.24708467721939087,-0.20231610536575317,0.14578020572662354,0.10870319604873657,-0.027067840099334717,-0.01333397626876831,0.7118149399757385,0.5415876507759094,0.9968488812446594,0.28118574619293213,0.363783597946167,0.23354880511760712,0.1705305129289627,1.085328221321106,0.8925046324729919,0.4998163878917694,0.01138978824019432,0.7568622827529907,0.3242674469947815,0.48580318689346313,0.13559310138225555,0.4276457726955414,0.38586920499801636,0.47544461488723755,0.44469931721687317,-0.1702272891998291,0.2850339412689209,-0.2604019045829773,-0.6330652832984924,-0.04763694107532501,-0.19325308501720428,0.8517794013023376,0.7219741344451904,-0.5855118036270142,-0.8811148405075073,0.2570458948612213,0.3128776550292969,-0.2710590958595276,-0.18867434561252594,-0.05815741419792175,0.2502760887145996,0.04779884219169617,0.05883011221885681,-0.03074529767036438,0.45526123046875,-0.0901746153831482,-0.9180992245674133,0.21276496350765228,0.43981218338012695,0.8994163274765015,0.9152272343635559,-1.437291145324707,-1.6030889749526978,0.8425576686859131,1.1939924955368042,-0.5281050205230713,-0.5015519857406616,0.21290168166160583,0.43895041942596436,0.10595625638961792,-0.1914459764957428,-0.07854413986206055,-0.08957540988922119,8.230443954467773,8.700058937072754,4.883212566375732,2.940246343612671,2.100224733352661,3.4831490516662598,5.101752281188965,5.370265007019043,5.7160539627075195,5.162380218505859,3.784583330154419,6.716107368469238,6.5385212898254395,2.9217612743377686,3.2311317920684814,4.222679615020752,4.056100368499756,5.435248851776123,5.732439994812012,0.46961498260498047,-3.347231388092041,-5.759812355041504,-2.7829878330230713,0.5429027080535889,3.0015275478363037,1.8871159553527832,0.6143016815185547,-0.2078847885131836,-1.9314706325531006,1.553727149963379,2.7539379596710205,-3.7943460941314697,-3.307389497756958,1.3009183406829834,0.8249685764312744,1.212569236755371,1.6763396263122559,0.29719114303588867,-3.8168463706970215,-6.229427337646484,0.5642435550689697,6.302715301513672,5.784515380859375,1.3442132472991943,-2.387225866317749,-2.095000743865967,-2.5457723140716553,1.7616119384765625,4.685408592224121,-5.3480730056762695,-6.0613274574279785,5.095264434814453,4.132358074188232,-0.0883491039276123,0.8513710498809814,-0.9153780937194824,-1.3791484832763672,0.002536766231060028,0.0023959020618349314,-0.0004345931520219892,0.00033437239471822977,5.164419053471647e-05,-0.0002664238272700459,0.0040586767718195915,-0.00030510438955388963,0.0033096231054514647,-0.0008011135505512357,-0.00041803831118158996,-0.0008630665251985192,-1.5723366232123226e-05,-0.0009590182453393936,0.0013495024759322405,-0.0009850023780018091,0.000596139463596046,-0.0009818566031754017,-0.0004919160273857415,-0.0001408641692250967,-0.002971359295770526,-0.0020615295507013798,0.0004862373461946845,-0.0006007961928844452,0.004007032606750727,-3.8680562283843756e-05,-0.0007490536663681269,-0.0004960091318935156,-0.003727661445736885,-6.195297464728355e-05,0.0004023149376735091,-9.595172014087439e-05,0.0013652258785441518,-2.5984132662415504e-05,-0.0007533630123361945,3.1457748264074326e-06,-0.0010880555491894484,0.0004899405757896602,-0.0028304951265454292,-0.001920665381476283,0.0034575965255498886,0.0014607333578169346,0.0035207951441407204,0.0005621156306006014,-0.004756086505949497,-0.00045732856960967183,-0.002978607779368758,0.00043405615724623203,0.004129976499825716,-3.399874549359083e-05,0.0009629109408706427,6.996758747845888e-05,-0.0021185888908803463,2.9129907488822937e-05,-0.00033469253685325384,0.0004867948009632528,0.0015779961831867695,-73792592.0,-82817600.0,-43090368.0,-24110976.0,-16255901.0,-28846940.0,-44541556.0,-47002880.0,-49815380.0,-45348484.0,-31401608.0,-61229512.0,-60246032.0,-22871620.0,-25517670.0,-35514736.0,-33829968.0,-46968364.0,-49815660.0,-9025008.0,30702224.0,58706624.0,26834468.0,-4735964.0,-28285656.0,-18155940.0,-5273824.0,1654396.0,18413772.0,-15881028.0,-28844424.0,38357892.0,34728360.0,-12643116.0,-8312298.0,-11453628.0,-15985692.0,-2847296.0,39727232.0,67731632.0,-3867756.0,-63442588.0,-55120124.0,-13419976.0,23011832.0,19810336.0,23687596.0,-17535424.0,-47258196.0,54238920.0,63572784.0,-51001008.0,-43040656.0,1189488.0,-7673394.0,8606332.0,13138396.0,0.25289255380630493,0.27805399894714355,0.0576900988817215,0.014072275720536709,0.0045088655315339565,0.03834947198629379,0.11445607990026474,0.1611546277999878,0.1342063546180725,0.08211935311555862,0.03621126711368561,0.13903911411762238,0.13866062462329865,0.04016503319144249,0.04564956948161125,0.03904940187931061,0.03352582827210426,0.10025429725646973,0.1042376235127449,0.025161445140838623,-0.19520245492458344,-0.26398172974586487,-0.0531812347471714,0.02427719533443451,0.10994721204042435,0.122805155813694,0.01975027471780777,-0.07903527468442917,-0.0979950875043869,0.05691976100206375,0.10244935750961304,-0.09887407720088959,-0.0930110514163971,-0.0011156313121318817,-0.012123741209506989,0.06120489537715912,0.07071179151535034,0.003983326256275177,-0.22036390006542206,-0.2891431748867035,0.14202122390270233,0.2882589101791382,0.16312845051288605,0.09852796047925949,-0.09019693732261658,-0.20184043049812317,-0.11774536222219467,0.13595503568649292,0.20044444501399994,-0.15579384565353394,-0.19546040892601013,0.09775844216346741,0.0808873102068901,0.062320526689291,0.08283553272485733,-0.05722156912088394,-0.06672846525907516,0.06149480491876602,0.1060565710067749,0.07118894159793854,0.05059729143977165,0.07152583450078964,0.09937073290348053,0.09497237205505371,0.024534638971090317,0.09697593748569489,0.14474157989025116,0.009393233805894852,0.071057990193367,0.13433948159217834,0.026475343853235245,0.06394125521183014,0.11233705282211304,0.10148008167743683,0.0620216466486454,0.06701444089412689,0.04456176608800888,0.009694136679172516,-0.05545927956700325,0.00033689290285110474,0.04877344146370888,0.02344653755426407,-0.07483609020709991,0.0020035654306411743,0.12020693719387054,-0.08758270740509033,-0.07368358969688416,0.12494625151157379,-0.04458264634013176,-0.0703982263803482,0.08586171269416809,0.03753882646560669,-0.050315406173467636,-0.034465640783309937,0.004992794245481491,-0.034867629408836365,-0.10002104938030243,-0.009357243776321411,0.10423272103071213,0.023109644651412964,-0.1236095279455185,-0.021442972123622894,0.19504302740097046,-0.0895862728357315,-0.1938905268907547,0.21252895891666412,0.029100943356752396,-0.195344477891922,0.13044436275959015,0.1079370528459549,-0.13617712259292603,-0.07200446724891663,0.05530820041894913,0.03945843502879143,0.5449891686439514,0.5343849062919617,0.40579408407211304,0.3183259963989258,0.243443101644516,0.3038536310195923,0.397537499666214,0.4484625458717346,0.4239294230937958,0.33424800634384155,0.37837231159210205,0.4840221107006073,0.41968196630477905,0.3285241425037384,0.32620906829833984,0.33097079396247864,0.3359760046005249,0.43654412031173706,0.4465675950050354,-0.010604262351989746,-0.13919508457183838,-0.2160589098930359,-0.16235098242759705,-0.014472365379333496,0.154094398021698,0.14460891485214233,0.026391923427581787,-0.11421453952789307,-0.045557111501693726,0.14977410435676575,0.041309654712677,-0.1554979681968689,-0.09347289800643921,0.0024466514587402344,0.009766936302185059,0.10557332634925842,0.1105915904045105,0.01002347469329834,-0.12859082221984863,-0.20545464754104614,-0.023155897855758667,0.2015865445137024,0.31644538044929504,0.15908128023147583,-0.1277024745941162,-0.2588234543800354,-0.07194903492927551,0.2639886438846588,0.08686676621437073,-0.30527207255363464,-0.1347825527191162,0.15794461965560913,0.10323983430862427,0.10312667489051819,0.10082465410232544,-0.09554985165596008,-0.10056811571121216,0.29701322317123413,0.2855672538280487,0.16466884315013885,0.1013314425945282,0.059264540672302246,0.09232703596353531,0.15803605318069458,0.20111864805221558,0.17971615493297577,0.11172172427177429,0.14316560328006744,0.2342774122953415,0.1761329472064972,0.10792811214923859,0.10641235113143921,0.10954166948795319,0.11287987232208252,0.19057077169418335,0.19942262768745422,-0.011445969343185425,-0.13234438002109528,-0.1842358112335205,-0.10540430247783661,-0.00900440663099289,0.09877151250839233,0.10879161208868027,0.02168010175228119,-0.08939692378044128,-0.036550551652908325,0.1225556880235672,0.03296734392642975,-0.1263493001461029,-0.06972059607505798,0.0016135573387145996,0.0064675211906433105,0.08102910220623016,0.0865427553653717,0.008851855993270874,-0.12089841067790985,-0.17278984189033508,0.026940077543258667,0.17523139715194702,0.20417581498622894,0.11779601871967316,-0.07709141075611115,-0.19818854331970215,-0.058230653405189514,0.21195261180400848,0.06951789557933807,-0.2489049881696701,-0.10268794000148773,0.1279628574848175,0.0761881172657013,0.07941554486751556,0.0800752341747284,-0.07217724621295929,-0.07769089937210083,0.18774186074733734,0.19381828606128693,0.12825676798820496,-0.35913342237472534,-0.09174405038356781,0.45621076226234436,0.005015455652028322,0.5024386644363403,0.17721547186374664,0.3262045085430145,0.4895017743110657,0.3343937397003174,0.01700395718216896,0.4809758961200714,0.6753928661346436,-0.05736686661839485,-0.21476072072982788,-0.39550840854644775,-0.3400755226612091,0.006076425313949585,-0.059485092759132385,-0.5529516935348511,-0.22000081837177277,0.8153442144393921,0.09675950556993484,0.04622790217399597,0.172200009226799,-0.1762341558933258,0.3122863173484802,0.008189231157302856,-0.472497820854187,0.14658215641975403,0.6583889126777649,-0.5383427739143372,-0.8901535868644714,-0.338141530752182,-0.12531480193138123,0.05543288588523865,-0.06556151807308197,-0.559028148651123,-0.16051572561264038,1.3682959079742432,0.3167603313922882,-0.7691162824630737,0.07544050365686417,-0.22246205806732178,0.1400863081216812,0.18442338705062866,-0.7847841382026672,0.13839292526245117,1.1308867931365967,-0.6849249601364136,-1.5485424995422363,0.20020124316215515,0.7648388147354126,0.39357441663742065,0.18074768781661987,2.1759183406829834,1.9201618432998657,2.401350975036621,3.034832000732422,2.508072853088379,2.8105695247650146,3.5014712810516357,3.4215550422668457,2.8353161811828613,2.6128430366516113,2.8564722537994385,2.0223934650421143,2.5194180011749268,3.7781593799591064,3.0807220935821533,2.6435372829437256,2.7961103916168213,3.2365055084228516,3.0274407863616943,-0.2557564973831177,0.2254326343536377,1.1146701574325562,0.10672187805175781,-0.22426247596740723,0.9933984279632568,0.610985517501831,-0.6661550998687744,-0.8087120056152344,0.02115607261657715,-0.5904495716094971,-0.3370542526245117,1.7557659149169922,0.5613040924072266,-1.1346220970153809,-0.28461170196533203,0.592968225479126,0.23133039474487305,-0.20906472206115723,0.48118913173675537,1.3704266548156738,-0.11871075630187988,-1.3389326333999634,0.886676549911499,0.8352479934692383,-1.6595535278320312,-1.4196975231170654,0.6873111724853516,0.2182624340057373,-0.35821032524108887,2.3462154865264893,0.8983583450317383,-2.890388011932373,-0.8459157943725586,1.7275903224945068,0.5159420967102051,-0.8020329475402832,-0.4403951168060303,61.66501235961914,105.64279174804688,71.84387969970703,50.586708068847656,71.6015396118164,100.00921630859375,94.41465759277344,25.294780731201172,96.54386138916016,145.39791870117188,9.535582542419434,71.6725845336914,134.4119415283203,26.900476455688477,63.68372344970703,112.8094253540039,101.47697448730469,62.549739837646484,67.2367935180664,43.977779388427734,10.17886734008789,-55.05608367919922,-0.242340087890625,49.422508239746094,22.81311798095703,-74.71443176269531,2.1292037963867188,120.10313415527344,-87.0082778930664,-73.72533416748047,124.87635803222656,-44.77210998535156,-70.72821807861328,85.90895080566406,37.793251037597656,-50.25968551635742,-34.24018096923828,4.687053680419922,-33.798912048339844,-99.03385925292969,-10.421207427978516,104.47859191894531,23.055458068847656,-124.1369400024414,-20.683914184570312,194.81756591796875,-89.13748168945312,-193.82846069335938,211.8846435546875,28.953224182128906,-195.60458374023438,130.68106079101562,108.52146911621094,-136.16864013671875,-72.03343200683594,54.946739196777344,38.9272346496582,0.07190504670143127,0.14006337523460388,0.11427585780620575,0.1122405156493187,0.14178162813186646,0.1765718162059784,0.19180825352668762,0.0015899610007181764,0.13673746585845947,0.24356558918952942,-0.0004797623259946704,0.05042507126927376,0.23702466487884521,0.015444502234458923,0.08403585851192474,0.2284848392009735,0.22222918272018433,0.1613733023405075,0.18006697297096252,0.06815832853317261,0.042370811104774475,-0.027822859585285187,0.027505770325660706,0.0643313005566597,0.05002662539482117,-0.17498186230659485,-0.05507078766822815,0.24197563529014587,-0.1372172236442566,-0.19314052164554596,0.23750442266464233,-0.034980569034814835,-0.15298880636692047,0.2130403369665146,0.13819332420825958,-0.067111536860466,-0.0421622097492218,0.018693670630455017,-0.025787517428398132,-0.0959811881184578,-0.01486504077911377,0.09215416014194489,0.02252085506916046,-0.23931315541267395,-0.10509741306304932,0.4169574975967407,-0.08214643597602844,-0.435116171836853,0.3747216463088989,0.15815995633602142,-0.3904932141304016,0.24802090227603912,0.29118213057518005,-0.2801518738269806,-0.18035553395748138,0.08580520749092102,0.06085588037967682
0.0130998520180583,-0.03256601840257645,0.18722222745418549,-0.06595823913812637,-0.10352589190006256,0.20703761279582977,-0.058353323489427567,-0.007926643826067448,0.10757961869239807,-0.0022292749490588903,0.0036706665996462107,-0.014651954174041748,0.06748847663402557,0.015147303231060505,0.00542962783947587,0.024916917085647583,-0.04853992164134979,0.09424831718206406,0.06183134764432907,-0.04566587135195732,0.1741223782300949,-0.03339222073554993,-0.29074811935424805,0.27299585938453674,0.045172568410634995,-0.21496425569057465,0.16593293845653534,0.005697368644177914,-0.1039089486002922,-0.012422678992152214,0.06381780654191971,0.02979925647377968,-0.06205884739756584,0.009769613854587078,-0.053969550877809525,0.06933140009641647,0.11037126928567886,-0.032416969537734985,0.21978825330734253,0.012273650616407394,-0.46487051248550415,0.30638808012008667,0.33592069149017334,-0.4879601001739502,0.12076036632061005,0.22066162526607513,-0.26984187960624695,-0.018120046705007553,0.16772675514221191,0.04222193360328674,-0.12587665021419525,-0.020029641687870026,0.008089296519756317,0.05956178531050682,0.1643408238887787,-0.10174836963415146,-0.14278823137283325,0.6145011782646179,0.5106928944587708,0.5140542984008789,0.5710941553115845,0.5284658670425415,0.560447096824646,0.5856860280036926,0.5806580781936646,0.5339125990867615,0.5059624314308167,0.5158369541168213,0.5576883554458618,0.5844851732254028,0.528550922870636,0.5151390433311462,0.5794561505317688,0.5408569574356079,0.5320953130722046,0.5601081848144531,-0.10380828380584717,-0.10044687986373901,0.06040126085281372,0.014411568641662598,-0.010647058486938477,0.05722016096115112,0.020210981369018555,-0.05177342891693115,-0.0746956467628479,-0.018075644969940186,0.051725924015045166,0.06864821910858154,-0.02913743257522583,-0.06934612989425659,0.05090522766113281,0.02571791410446167,-0.04736083745956421,0.019251227378845215,0.028012871742248535,0.0033614039421081543,0.1642095446586609,0.11485844850540161,-0.0710483193397522,0.042808592319488525,0.03085803985595703,-0.10899358987808228,-0.09490662813186646,0.03369778394699097,0.12642157077789307,0.08672386407852173,-0.080863356590271,-0.13799434900283813,0.08004266023635864,0.09506404399871826,-0.09826606512069702,-0.006466686725616455,0.07537370920181274,0.00876164436340332,1.6004818677902222,1.6004818677902222,1.9032831192016602,1.9032831192016602,1.5410854816436768,1.5410854816436768,1.331095814704895,1.6695140600204468,1.6695140600204468,1.308518409729004,1.4541749954223633,1.515931248664856,2.0057199001312256,2.0057199001312256,1.542372465133667,1.5889036655426025,1.5889036655426025,1.6483497619628906,1.6483497619628906,0.0,0.302801251411438,0.302801251411438,-0.3621976375579834,-0.3621976375579834,-0.20998966693878174,0.12842857837677002,0.33841824531555176,-0.36099565029144287,-0.2153390645980835,0.20741283893585205,0.5515449047088623,0.48978865146636963,-0.4633474349975586,-0.41681623458862305,0.04653120040893555,0.059446096420288086,0.059446096420288086,0.0,0.302801251411438,0.302801251411438,-0.6649988889694214,-0.6649988889694214,0.15220797061920166,0.4906262159347534,0.5484079122543335,-0.4894242286682129,-0.5537573099136353,0.5684084892272949,0.7668839693069458,0.2823758125305176,-1.014892339706421,-0.9066048860549927,0.5098786354064941,0.47626233100891113,0.012914896011352539,-0.059446096420288086,-0.059446096420288086,1.8213427066802979,1.8213427066802979,1.9032831192016602,1.9032831192016602,1.619256854057312,1.619256854057312,1.5788006782531738,1.6695140600204468,2.0492630004882812,2.0492630004882812,1.8669617176055908,1.8669617176055908,2.0057199001312256,2.0057199001312256,1.9540696144104004,1.9540696144104004,1.7438452243804932,1.6483497619628906,1.6483497619628906,0.0,0.0819404125213623,0.0819404125213623,-0.28402626514434814,-0.28402626514434814,-0.040456175804138184,0.050257205963134766,0.4704623222351074,0.3797489404678345,-0.18230128288269043,-0.18230128288269043,0.13875818252563477,0.13875818252563477,-0.051650285720825195,-0.051650285720825195,-0.21022439002990723,-0.30571985244750977,-0.09549546241760254,0.0,0.0819404125213623,0.0819404125213623,-0.36596667766571045,-0.36596667766571045,0.24357008934020996,0.3342834711074829,0.5109184980392456,0.3294917345046997,-0.6527636051177979,-0.5620502233505249,0.3210594654083252,0.3210594654083252,-0.19040846824645996,-0.19040846824645996,-0.15857410430908203,-0.25406956672668457,0.11472892761230469,0.30571985244750977,0.09549546241760254,-1.8213427066802979,-1.8213427066802979,-1.3007539510726929,-1.3007539510726929,-1.619256854057312,-1.619256854057312,-1.5788006782531738,-1.5788006782531738,-2.0492630004882812,-2.0492630004882812,-1.8669617176055908,-1.8669617176055908,-1.6752175092697144,-1.2592195272445679,-1.9540696144104004,-1.9540696144104004,-1.7438452243804932,-1.5589264631271362,-1.5854465961456299,0.0,0.520588755607605,0.520588755607605,-0.31850290298461914,-0.31850290298461914,0.040456175804138184,0.040456175804138184,-0.4704623222351074,-0.4704623222351074,0.18230128288269043,0.18230128288269043,0.19174420833587646,0.607742190361023,-0.27885210514068604,-0.6948500871658325,0.21022439002990723,0.39514315128326416,0.15839862823486328,-0.026520133018493652,0.520588755607605,0.520588755607605,-0.8390916585922241,-0.8390916585922241,0.3589590787887573,0.3589590787887573,-0.5109184980392456,-0.5109184980392456,0.6527636051177979,0.6527636051177979,0.009442925453186035,0.4254409074783325,-0.4705963134765625,-1.3025922775268555,0.48907649517059326,1.0899932384490967,-0.051825761795043945,-0.4216632843017578,-0.18491876125335693,0.002940869890153408,0.004894094541668892,0.010274210013449192,0.00142010860145092,0.00142010860145092,0.00446675717830658,0.005285150371491909,0.00807570293545723,0.0011260705068707466,0.0011260705068707466,0.0020958916284143925,0.0014895005151629448,0.0014895005151629448,0.0008818488568067551,0.0008818488568067551,0.00011057034134864807,0.00011057034134864807,3.497159923426807e-05,0.0,0.001953224651515484,0.007333340123295784,-0.003473985940217972,-0.008854101411998272,0.0030466485768556595,0.003865041770040989,0.00360894575715065,-0.004159079864621162,-0.006949632428586483,0.0009698211215436459,0.0003634300082921982,-0.0006063911132514477,-0.0006076516583561897,-0.0006076516583561897,-0.000771278515458107,-0.000771278515458107,-7.559874211438e-05,-0.00011057034134864807,-3.497159923426807e-05,0.0053801154717803,-0.005427210591733456,-0.01618744060397148,0.006520634517073631,0.01271914318203926,0.0005622971802949905,-0.008024121634662151,-0.010558578185737133,0.005128900986164808,0.007313062436878681,-0.0015762122347950935,-0.0009710816666483879,-1.2605451047420502e-06,-0.00016362685710191727,-0.00016362685710191727,0.0006956798024475574,0.0006607081741094589,4.062714288011193e-05,7.559874211438e-05,-0.22086083889007568,-0.22086083889007568,0.6025291681289673,0.6025291681289673,-0.07817137241363525,-0.07817137241363525,-0.2477048635482788,0.09071338176727295,-0.3797489404678345,-0.7407445907592773,-0.41278672218322754,-0.35103046894073486,0.33050239086151123,0.7465003728866577,-0.4116971492767334,-0.36516594886779785,-0.15494155883789062,0.0894232988357544,0.06290316581726074,0.0,0.823390007019043,0.823390007019043,-0.6807005405426025,-0.6807005405426025,-0.16953349113464355,0.1688847541809082,-0.13204407691955566,-0.8314579725265503,-0.033037781715393066,0.3897141218185425,0.7432891130447388,1.0975308418273926,-0.7421995401382446,-1.1116663217544556,0.2567555904388428,0.45458924770355225,0.21784472465515137,-0.026520133018493652,0.823390007019043,0.823390007019043,-1.5040905475616455,-1.5040905475616455,0.511167049407959,0.8495852947235107,0.03748941421508789,-1.0003427267074585,0.0990062952041626,1.2211720943450928,0.7763268947601318,0.7078167200088501,-1.4854886531829834,-2.2091970443725586,0.9989551305770874,1.5662555694580078,-0.038910865783691406,-0.4811093807220459,-0.24436485767364502,3.4218244552612305,3.4218244552612305,3.2040371894836426,3.2040371894836426,3.160342216491699,3.160342216491699,2.9098963737487793,3.24831485748291,3.7187771797180176,3.357781410217285,3.321136713027954,3.3828930854797363,3.6809372901916504,3.264939308166504,3.4964420795440674,3.542973279953003,3.3327488899230957,3.2072763442993164,3.2337963581085205,0.0,-0.2177872657775879,-0.2177872657775879,-0.04369497299194336,-0.04369497299194336,-0.2504458427429199,0.08797264099121094,0.8088808059692383,0.109466552734375,-0.3976404666900635,0.025111675262451172,0.3598005771636963,-0.11795377731323242,-0.184495210647583,0.278033971786499,-0.16369318962097168,-0.3356969356536865,-0.0989525318145752,0.0265200138092041,-0.2177872657775879,-0.2177872657775879,0.17409229278564453,0.17409229278564453,-0.20675086975097656,0.1316676139831543,1.0593266487121582,0.021493911743164062,-1.2065212726593018,-0.08435487747192383,0.7574410438537598,-0.1430654525756836,-0.5442957878112793,0.39598774909973145,0.020802021026611328,-0.6137309074401855,0.06474065780639648,0.3622169494628906,0.1254725456237793,0.6651347279548645,0.7142497301101685,0.846264123916626,0.8148711323738098,0.6810625195503235,0.665717601776123,0.5662967562675476,0.7043126225471497,0.7173935174942017,0.5751171708106995,0.639671802520752,0.6378430724143982,0.8338125944137573,0.8796497583389282,0.6776471138000488,0.6586679220199585,0.679510772228241,0.7152289748191833,0.69640052318573,0.049115002155303955,0.18112939596176147,0.10062140226364136,-0.1652016043663025,-0.14915353059768677,-0.11476576328277588,0.03859502077102661,0.15109676122665405,-0.1291954517364502,-0.07772171497344971,0.06272590160369873,0.19414079189300537,0.24180668592453003,-0.1561654806137085,-0.22098183631896973,0.0018636584281921387,0.056561052799224854,0.016889750957489014,-0.01882845163345337,0.13201439380645752,0.0515064001083374,-0.34633100032806396,-0.24977493286132812,0.05043584108352661,0.18774855136871338,0.26586252450942993,-0.1677904725074768,-0.22881847620010376,0.19192135334014893,0.2718625068664551,0.1790807843208313,-0.35030627250671387,-0.46278852224349976,0.15802913904190063,0.2775428891181946,0.015026092529296875,-0.07538950443267822,-0.03571820259094238,0.25594863295555115,1.024903416633606,0.5582242608070374,0.06446804106235504,0.14578773081302643,0.0974048599600792,1.1648509502410889,0.9648171067237854,0.27950340509414673,0.5829709768295288,0.2312537431716919,0.3945654630661011,1.0050865411758423,1.139333724975586,0.43741264939308167,0.00869634747505188,1.3088903427124023,0.05976825952529907,0.051033567637205124,0.7689547538757324,0.3022756278514862,-0.9604353904724121,-0.4124365448951721,0.03293681889772415,1.0190632343292236,0.867412269115448,-0.8853475451469421,-0.3818461298942566,-0.048249661922454834,-0.18840551376342773,0.7738327980041504,0.7447682619094849,-0.567673921585083,-1.1306374073028564,0.8714777231216431,0.05107191205024719,-1.2578567266464233,-0.008734691888093948,-0.4666791260242462,-1.7293901443481445,-0.7147121429443359,0.9933722019195557,1.431499719619751,0.8344754576683044,-1.9044108390808105,-1.2492583990097046,0.8370978832244873,0.19344061613082886,0.8220824599266052,0.9331737756729126,-1.3415067195892334,-1.8754056692123413,1.439151644706726,1.1817092895507812,-2.1293344497680664,-0.05980660393834114,1.2491220235824585,13.839953422546387,10.40813159942627,10.56234073638916,12.286492347717285,10.822540283203125,11.85541820526123,12.601759910583496,13.03372573852539,12.108784675598145,11.06277847290039,11.025744438171387,13.171428680419922,13.8222074508667,11.158663749694824,11.079313278198242,13.979581832885742,12.341697692871094,11.646278381347656,12.957799911499023,-3.431821823120117,-3.2776126861572266,1.8783607482910156,0.26019954681396484,-0.4310741424560547,1.779219627380371,1.1783075332641602,-0.49297523498535156,-1.970947265625,-1.0830402374267578,2.1086502075195312,2.7964630126953125,-2.0127649307250977,-2.742894172668457,2.820918083190918,1.2623844146728516,-2.333303451538086,0.6161022186279297,1.3115215301513672,0.15420913696289062,5.310182571411133,3.5378122329711914,-2.3094348907470703,1.5190200805664062,1.6093816757202148,-2.2721948623657227,-3.14925479888916,-0.5900650024414062,4.079597473144531,3.8795032501220703,-4.121415138244629,-5.5393571853637695,4.833683013916016,4.005278587341309,-5.154221534729004,-0.6462821960449219,3.644824981689453,0.6954193115234375,-0.0008563500014133751,0.003962594550102949,-0.0001407416712027043,0.00047862710198387504,0.0006260682130232453,0.004224730655550957,0.0012065381743013859,0.0032782882917672396,0.0002616393903736025,0.000588087597861886,0.0034257909283041954,0.0015469011850655079,0.0035188577603548765,0.0003252665337640792,0.0003502790641505271,-0.00022351036022882909,0.0008479594253003597,-0.00035305082565173507,-9.647239494370297e-05,0.004818944726139307,0.0007156083593145013,-0.003483967389911413,0.0007668099133297801,0.0037461034953594208,0.0005804699612781405,-0.0009464423637837172,-0.0009448988130316138,-0.0026902006939053535,0.0031641514506191015,0.0009588135872036219,9.306683205068111e-05,-0.0012216346804052591,-0.00316857872530818,-0.0005487768794409931,0.0004976803902536631,-0.00012954046542290598,-0.0009444318129681051,0.0002565784379839897,-0.0041033364832401276,-0.00830291211605072,5.1201554015278816e-05,0.007230070885270834,-0.00018633995205163956,-0.004692546091973782,-0.0015253687743097544,-0.0017437583301216364,0.0041090501472353935,0.0036490142811089754,-0.0030710846185684204,-0.002180448267608881,-0.003261645557358861,0.0006728578009642661,0.003666259115561843,0.0004192364285700023,-0.001442112261429429,0.00038611888885498047,0.0012010103091597557,-121203192.0,-90197680.0,-91970184.0,-110233328.0,-92836704.0,-105591032.0,-110688728.0,-115419464.0,-104992896.0,-96035368.0,-97935984.0,-116406888.0,-123684280.0,-98504056.0,-96332816.0,-122826704.0,-106191800.0,-101300816.0,-115051552.0,31005512.0,29233008.0,-20035648.0,-866520.0,4642296.0,-17852024.0,-9828432.0,5695832.0,19384096.0,7056912.0,-20371520.0,-25748296.0,17902832.0,27351464.0,-24322648.0,-9858984.0,21525888.0,-8859752.0,-13750736.0,-1772504.0,-51041160.0,-30099528.0,24677944.0,-16985504.0,-14470728.0,23547856.0,29212528.0,1361080.0,-39755616.0,-32805208.0,38274352.0,53099760.0,-42225480.0,-37210448.0,45848536.0,999232.0,-35276624.0,-4890984.0,1.0587821006774902,0.8552485108375549,0.9149166941642761,0.993828296661377,0.5820690393447876,0.6384369134902954,0.6297058463096619,0.9182712435722351,1.6305569410324097,1.4270817041397095,0.955054759979248,1.4307833909988403,1.5187785625457764,0.9647817015647888,1.027968406677246,1.6289877891540527,1.1041349172592163,0.9166006445884705,1.0411360263824463,-0.2035335898399353,-0.1438654065132141,0.13857978582382202,-0.3328476548194885,-0.35539138317108154,0.04763680696487427,0.2798343300819397,1.0008511543273926,0.5088104605674744,-0.6755021810531616,0.0037016868591308594,0.5637238025665283,-0.4660016894340515,-0.4908101558685303,0.6642060875892639,0.07616651058197021,-0.7123871445655823,-0.06299889087677002,0.12453538179397583,0.05966818332672119,0.3421133756637573,-0.18898224830627441,-0.49397116899490356,0.3804844617843628,0.6352257132530212,0.9532143473625183,0.22897613048553467,-1.6763533353805542,-0.5051087737083435,1.23922598361969,-0.4697033762931824,-1.0545339584350586,1.1302077770233154,0.5669766664505005,-1.3765932321548462,-0.13916540145874023,0.8369225263595581,0.18753427267074585,0.006146792322397232,-0.015883279964327812,0.09378279000520706,-0.03300413489341736,-0.05246227979660034,0.10448390245437622,-0.029718466103076935,-0.0037450615782290697,0.0539717823266983,-0.001216647564433515,0.002209771191701293,-0.007753065787255764,0.0341489277780056,0.007036537863314152,0.0018471181392669678,0.012445277534425259,-0.02501102350652218,0.04704397916793823,0.03101377934217453,-0.022030072286725044,0.08763599395751953,-0.017120854929089546,-0.1462450623512268,0.13748803734779358,0.022743813693523407,-0.10822896659374237,0.08369024842977524,0.0025284141302108765,-0.05176201090216637,-0.006536418106406927,0.03193915635347366,0.014789603650569916,-0.03230180963873863,0.005408739671111107,-0.026858141645789146,0.0345987007021904,0.05602480471134186,-0.016030199825763702,0.10966606438159943,0.004909217357635498,-0.23388105630874634,0.15460889041423798,0.1689888834953308,-0.24571700394153595,0.06094643473625183,0.11075738072395325,-0.1354522556066513,-0.009064832702279091,0.08370116353034973,0.02132602222263813,-0.064240962266922,-0.009380863979458809,0.005443667992949486,0.029189961031079292,0.08288294821977615,-0.0506289005279541,-0.07205500453710556,0.7243595123291016,0.6274210214614868,0.6045210361480713,0.6794083714485168,0.632215678691864,0.6376965045928955,0.6888387203216553,0.7030150294303894,0.6690434813499451,0.6477200984954834,0.6466284990310669,0.7066117525100708,0.7208547592163086,0.6503484845161438,0.6481851935386658,0.727695882320404,0.6824131608009338,0.657856285572052,0.698271632194519,-0.09693849086761475,-0.11983847618103027,0.05198734998703003,0.027694642543792725,-0.04171186685562134,0.05662304162979126,0.0653185248374939,-0.019795238971710205,-0.055294930934906006,-0.022414982318878174,0.0588916540145874,0.0742262601852417,-0.056263267993927,-0.07266956567764282,0.07734739780426025,0.034227967262268066,-0.06983959674835205,0.015858471393585205,0.04041534662246704,-0.022899985313415527,0.14892584085464478,0.147533118724823,-0.09369921684265137,0.028928399085998535,0.10703039169311523,-0.07641828060150146,-0.1206134557723999,-0.0026197433471679688,0.11418658494949341,0.09664124250411987,-0.1151549220085144,-0.14689582586288452,0.13361066579818726,0.10689753293991089,-0.1471869945526123,-0.01836949586868286,0.11025494337081909,0.024556875228881836,0.5246967077255249,0.3936571180820465,0.36544570326805115,0.461595743894577,0.3996966481208801,0.40665680170059204,0.4744987487792969,0.49423015117645264,0.4476191997528076,0.41954129934310913,0.41812843084335327,0.49930015206336975,0.5196316242218018,0.42295315861701965,0.4201440215110779,0.5295413136482239,0.46568772196769714,0.4327749013900757,0.4875832796096802,-0.1310395896434784,-0.15925100445747375,0.06793862581253052,0.03425094485282898,-0.054938942193984985,0.07480210065841675,0.0875733494758606,-0.026879549026489258,-0.0746888518333435,-0.029490768909454346,0.07975885272026062,0.10150319337844849,-0.0763469934463501,-0.09948760271072388,0.10658815503120422,0.04554370045661926,-0.0967664122581482,0.021895557641983032,0.05480837821960449,-0.02821141481399536,0.1989782154560089,0.19350194931030273,-0.1228775680065155,0.04055115580558777,0.14251229166984558,-0.101681649684906,-0.1622622013092041,-0.002611219882965088,0.15444770455360413,0.13099396228790283,-0.15610584616661072,-0.20099079608917236,0.18293514847755432,0.14503130316734314,-0.20335456728935242,-0.02364814281463623,0.15157479047775269,0.03291282057762146,-0.09008828550577164,-0.09138302505016327,0.05170368030667305,0.47714129090309143,0.23479965329170227,-0.34723758697509766,0.04545693099498749,0.08097880333662033,-0.5185473561286926,-0.6664880514144897,-0.32019054889678955,-0.23759543895721436,-0.04917597398161888,0.23946185410022736,-0.23572291433811188,-0.37482476234436035,-0.1218346506357193,0.05074049532413483,0.0697769895195961,-0.001294739544391632,0.14179196953773499,0.5685243010520935,0.18309597671031952,-0.8243788480758667,-0.18934272229671478,0.4282163977622986,-0.5640043020248413,-0.7474668622016907,0.19835680723190308,0.4288926124572754,0.27101457118988037,0.4770572781562805,-0.1865469366312027,-0.6142866015434265,0.11388826370239258,0.425565242767334,0.191611647605896,0.019036494195461273,0.14308670163154602,0.5698190331459045,0.041304007172584534,-1.3929030895233154,-0.3724386990070343,1.2525951862335205,-0.37466156482696533,-1.1756832599639893,0.7623611092567444,1.1763594150543213,0.0726577639579773,0.04816466569900513,-0.4575614929199219,-1.091343879699707,0.3004351854324341,1.0398519039154053,0.07772338390350342,-0.4065287411212921,-0.17257514595985413,2.245323657989502,2.9145092964172363,2.8242082595825195,2.6416778564453125,2.5546927452087402,2.558645248413086,2.093987464904785,2.3626043796539307,3.6193535327911377,3.41811203956604,2.9462244510650635,2.86224102973938,2.6834614276885986,2.728039026260376,2.9689271450042725,2.83331561088562,2.7700862884521484,2.7198867797851562,2.5352783203125,0.6691856384277344,0.5788846015930176,-0.27283143997192383,-0.2695155143737793,-0.08303260803222656,-0.4607052803039551,-0.19604086875915527,1.5253660678863525,1.0555076599121094,-0.6731290817260742,-0.5558710098266602,-0.26276302337646484,-0.1342020034790039,0.28546571731567383,0.10527658462524414,-0.19884085655212402,-0.11342883110046387,-0.23480796813964844,-0.18460845947265625,-0.0903010368347168,-0.9420170783996582,-0.8484001159667969,0.18979883193969727,-0.19118976593017578,-0.11300826072692871,1.9860713481903076,1.2515485286712646,-2.1984951496124268,-1.6113786697387695,0.4103660583496094,0.42166900634765625,0.5482287406921387,0.23947858810424805,-0.48430657386779785,-0.218705415725708,-0.035967111587524414,-0.07117962837219238,0.05019950866699219,6.576125621795654,-16.348140716552734,93.98555755615234,-33.11103439331055,-51.96999740600586,103.9328842163086,-29.29336929321289,-3.979175329208374,54.004966735839844,-1.119096040725708,1.8426746129989624,-7.355280876159668,33.879215240478516,7.603946208953857,2.725673198699951,12.508292198181152,-24.367040634155273,47.31265640258789,31.039337158203125,-22.924266815185547,87.40943145751953,-16.762893676757812,-145.95555114746094,137.04391479492188,22.67662811279297,-107.91205596923828,83.29833984375,2.860079288482666,-52.16229248046875,-6.236185073852539,32.03654098510742,14.959226608276367,-31.153541564941406,4.904345989227295,-27.092714309692383,34.80436325073242,55.40637969970703,-16.273319244384766,110.33369445800781,6.161373138427734,-233.364990234375,153.8068084716797,168.63217163085938,-244.95596313476562,60.62171173095703,110.77213287353516,-135.46063232421875,-9.096263885498047,84.19883728027344,21.195411682128906,-63.19008255004883,-10.054880142211914,4.060827255249023,29.90001678466797,82.49909210205078,-51.07768249511719,-71.67970275878906,0.030908983200788498,-0.05458636209368706,0.20914122462272644,-0.18481659889221191,-0.1520266979932785,0.2674139738082886,-0.11835521459579468,0.014926576986908913,0.1685156375169754,0.07899360358715057,0.0181014034897089,-0.010092457756400108,0.06247768923640251,0.026129569858312607,0.023204036056995392,0.06606130301952362,0.023862764239311218,0.11163673549890518,0.03086894005537033,-0.08549534529447556,0.17823223769664764,-0.13023023307323456,-0.36116790771484375,0.4522305727005005,0.033671483397483826,-0.2524873912334442,0.2868708372116089,0.06406702846288681,-0.15041422843933105,-0.08908606320619583,0.04437628388404846,0.036222025752067566,-0.03927365317940712,0.039931733161211014,0.0006587281823158264,0.04557543247938156,0.0070061758160591125,-0.08076779544353485,0.2637275755405426,-0.044734887778759,-0.5394001603126526,0.5824608206748962,0.39483940601348877,-0.7047179937362671,0.25319933891296387,0.3165544271469116,-0.43728506565093994,-0.15315309166908264,0.19479051232337952,0.125308096408844,-0.08364993333816528,0.003709707409143448,0.039932381361722946,0.0056436993181705475,0.006347447633743286,-0.12634322047233582,-0.08777397125959396
-0.09944567829370499,-0.12003475427627563,-0.03670801967382431,-0.0859515443444252,-0.13253946602344513,-0.04308213293552399,-0.10296329855918884,-0.09609343111515045,-0.09760928153991699,-0.07771860063076019,-0.14996233582496643,-0.05463806539773941,-0.01527349278330803,-0.15093465149402618,-0.11359415203332901,-0.036993514746427536,-0.11464767903089523,-0.12008972465991974,-0.05305062234401703,-0.020589075982570648,0.06273765861988068,0.03408320993185043,-0.09583144634962082,0.042869411408901215,0.029576167464256287,-0.053011298179626465,0.005354017019271851,0.01837483048439026,-0.05235305428504944,0.023080535233020782,0.1346888393163681,-0.09629658609628677,-0.09832066297531128,0.11394113302230835,-0.0010535269975662231,-0.0830962061882019,0.061597056686878204,0.06703910231590271,0.08332673460245132,0.05467228591442108,-0.1585690975189209,0.008786201477050781,0.1254076063632965,-0.09588070958852768,-0.024222150444984436,0.07138612866401672,-0.05770707130432129,0.004705704748630524,0.18704189360141754,-0.11937712132930756,-0.23300950229167938,0.21023771166801453,0.09726713597774506,-0.19703733921051025,0.06265058368444443,0.15013530850410461,0.005442045629024506,0.21741460263729095,0.2129056304693222,0.26561060547828674,0.3321119546890259,0.30877551436424255,0.2253217101097107,0.20544874668121338,0.1932033896446228,0.19872577488422394,0.23726610839366913,0.26221099495887756,0.26544392108917236,0.28536179661750793,0.2525656223297119,0.2128678411245346,0.20454025268554688,0.2426680326461792,0.28182104229927063,0.24181821942329407,-0.00450897216796875,0.04819600284099579,0.11920632421970367,0.04316490888595581,-0.10679024457931519,-0.10332676768302917,-0.03211832046508789,-0.006722971796989441,0.044062718749046326,0.06348522007465363,0.028177812695503235,0.02315080165863037,-0.01287829875946045,-0.07249395549297333,-0.04802536964416504,0.029800191521644592,0.07728078961372375,-0.0008498132228851318,-0.04000282287597656,0.05270497500896454,0.12371529638767242,-0.005031093955039978,-0.22599656879901886,-0.14649167656898499,0.0746719241142273,0.09660379588603973,0.07618103921413422,0.07020819187164307,-0.01588490605354309,-0.040334418416023254,-0.041056111454963684,-0.0956447571516037,-0.03514707088470459,0.10229414701461792,0.1253061592578888,-0.030650004744529724,-0.11728361248970032,-0.03915300965309143,0.5287221074104309,0.40801897644996643,0.7913262844085693,0.7913262844085693,0.5674009323120117,0.5674009323120117,0.4462253749370575,0.6351777911186218,0.6351777911186218,0.6472015380859375,0.6472015380859375,0.8607053756713867,0.8607053756713867,0.7576349973678589,0.6027935743331909,0.7805793881416321,0.7805793881416321,0.9429452419281006,0.9429452419281006,-0.12070313096046448,0.2626041769981384,0.3833073079586029,-0.22392535209655762,-0.22392535209655762,-0.12117555737495422,0.06777685880661011,0.18895241618156433,0.012023746967315674,0.012023746967315674,0.21350383758544922,0.21350383758544922,-0.10307037830352783,-0.2579118013381958,0.022944390773773193,0.17778581380844116,0.1623658537864685,0.1623658537864685,0.0,0.3833073079586029,0.5040104389190674,-0.48652952909469604,-0.6072326898574829,0.1027497947216034,0.2917022109031677,0.31012797355651855,-0.055753111839294434,-0.17692866921424866,0.20148009061813354,0.20148009061813354,-0.31657421588897705,-0.471415638923645,0.12601476907730103,0.43569761514663696,0.1394214630126953,-0.015419960021972656,-0.1623658537864685,-0.1623658537864685,0.5940585136413574,0.7985073924064636,0.7985073924064636,0.8727871775627136,0.8727871775627136,0.7527955174446106,0.7527955174446106,0.6351777911186218,0.6351777911186218,0.7781413197517395,0.7781413197517395,0.8607053756713867,0.8607053756713867,0.7576349973678589,0.6741665601730347,0.7805793881416321,1.0166124105453491,1.0166124105453491,1.0121688842773438,0.2044488787651062,0.2044488787651062,0.07427978515625,0.07427978515625,-0.11999166011810303,-0.11999166011810303,-0.11761772632598877,-0.11761772632598877,0.14296352863311768,0.14296352863311768,0.08256405591964722,0.08256405591964722,-0.10307037830352783,-0.18653881549835205,0.022944390773773193,0.34244585037231445,0.23603302240371704,-0.004443526268005371,-0.004443526268005371,0.0,-0.1301690936088562,-0.1301690936088562,-0.19427144527435303,-0.19427144527435303,0.002373933792114258,0.002373933792114258,0.26058125495910645,0.26058125495910645,-0.06039947271347046,-0.06039947271347046,-0.18563443422317505,-0.26910287141799927,0.12601476907730103,0.5289846658706665,0.21308863162994385,-0.3468893766403198,-0.2404765486717224,0.0,-0.5940585136413574,-0.7985073924064636,-0.7985073924064636,-0.8727871775627136,-0.8727871775627136,-0.7527955174446106,-0.7527955174446106,-0.5084617733955383,-0.5110944509506226,-0.7781413197517395,-0.7781413197517395,-0.5932627320289612,-0.7218302488327026,-0.7218302488327026,-0.6741665601730347,-0.6541678309440613,-1.0166124105453491,-1.0166124105453491,-1.0121688842773438,-0.2044488787651062,-0.2044488787651062,-0.07427978515625,-0.07427978515625,0.11999166011810303,0.11999166011810303,0.24433374404907227,0.24170106649398804,-0.26967954635620117,-0.26704686880111694,0.18487858772277832,0.056311070919036865,-0.12856751680374146,0.04766368865966797,0.06766241788864136,-0.34244585037231445,-0.36244457960128784,0.004443526268005371,0.004443526268005371,0.0,0.1301690936088562,0.1301690936088562,0.19427144527435303,0.19427144527435303,0.12434208393096924,0.12170940637588501,-0.5140132904052734,-0.508747935295105,0.4545581340789795,0.3233579397201538,-0.3134461045265198,-0.008647382259368896,0.1962299346923828,-0.3901095390319824,-0.4301069974899292,0.3468893766403198,0.3668881058692932,0.0,5.846470594406128e-05,0.0005456013604998589,0.0016662869602441788,0.0016662869602441788,0.00044795218855142593,0.00044795218855142593,0.000553615391254425,0.0018125073984265327,0.0021180552430450916,0.0002707848325371742,0.0002707848325371742,0.0006378947873599827,0.001049187034368515,0.001049187034368515,0.001495805336162448,0.0006778291426599026,7.017701864242554e-05,7.017701864242554e-05,0.0,0.0004871366545557976,0.0016078222543001175,0.00112068559974432,-0.0012183347716927528,-0.0012183347716927528,0.00010566320270299911,0.0013645552098751068,0.0015644398517906666,-0.0015417225658893585,-0.0018472704105079174,0.0003671099548228085,0.0007784022018313408,0.0004112922470085323,0.0004466183017939329,-0.00037135789170861244,-0.0014256283175200224,-0.000607652124017477,-7.017701864242554e-05,-7.017701864242554e-05,0.00112068559974432,0.0006335489451885223,-0.0028261570259928703,-0.0023390203714370728,0.001323997974395752,0.0025828899815678596,0.0014587766490876675,-0.0029062777757644653,-0.003411710262298584,0.0019088324625045061,0.002625672612339258,4.418229218572378e-05,-0.0003317839000374079,-0.0007826501387171447,-0.0018722466193139553,-0.0002362942323088646,0.0013554512988775969,0.0005374751053750515,0.0,-0.06533640623092651,-0.3904884159564972,-0.007181107997894287,-0.08146089315414429,-0.3053862452507019,-0.18539458513259888,-0.3065701425075531,0.1267160177230835,0.12408334016799927,-0.130939781665802,-0.130939781665802,0.26744264364242554,0.13887512683868408,0.03580474853515625,-0.07137298583984375,0.1264115571975708,-0.23603302240371704,-0.07366716861724854,-0.06922364234924316,-0.3251520097255707,0.05815529823303223,0.3090275228023529,-0.2982051372528076,-0.10393369197845459,-0.0011838972568511963,0.3121106028556824,0.43065348267555237,-0.2576557993888855,-0.25502312183380127,0.39838242530822754,0.2698149085044861,-0.2316378951072693,-0.21024811267852783,0.09060680866241455,-0.1646600365638733,-0.20007872581481934,0.16680938005447388,0.004443526268005371,0.3833073079586029,0.6341795325279236,-0.35636043548583984,-0.4129612147808075,0.2970212399959564,0.41604429483413696,0.43183737993240356,-0.5697664022445679,-0.6856765747070312,0.656038224697113,0.5248380303382874,-0.6300203204154968,-0.4800630211830139,0.32224470376968384,0.04558807611465454,-0.2906855344772339,0.33146941661834717,0.2045222520828247,-0.1623658537864685,1.1227805614471436,1.2065263986587524,1.5898337364196777,1.6641135215759277,1.4401881694793701,1.3201963901519775,1.1990208625793457,1.1436395645141602,1.1462721824645996,1.4253427982330322,1.4253427982330322,1.4539680480957031,1.5825356245040894,1.4794652462005615,1.2769601345062256,1.4347472190856934,1.797191858291626,1.9595576524734497,1.9551141262054443,0.08374583721160889,0.4670531749725342,0.4575871229171753,-0.14964556694030762,-0.3439171314239502,-0.24116730690002441,-0.17655682563781738,-0.052748680114746094,0.28170323371887207,0.2790706157684326,0.0286252498626709,0.15719282627105713,0.0254971981048584,-0.30557548999786377,-0.044718027114868164,0.5202317237854004,0.5248104333877563,0.15792226791381836,-0.004443526268005371,0.3833073377609253,0.3738412857055664,-0.6166987419128418,-0.8015042543411255,-0.0915217399597168,0.1673603057861328,0.18841862678527832,0.45826005935668945,0.3318192958831787,-0.25307798385620117,-0.12187778949737549,-0.0031280517578125,-0.4627683162689209,-0.07021522521972656,0.8258072137832642,0.5695284605026245,-0.36230945587158203,-0.5292539596557617,-0.16236579418182373,0.3651011884212494,0.28383174538612366,0.5000542402267456,0.44619786739349365,0.32733723521232605,0.3799586892127991,0.3140955865383148,0.46650460362434387,0.458813339471817,0.42272287607192993,0.40936383605003357,0.5343881845474243,0.5102713108062744,0.4787152111530304,0.41085731983184814,0.5356875658035278,0.49570420384407043,0.5573796629905701,0.5864084362983704,-0.08126944303512573,0.13495305180549622,0.16236612200737,-0.17271700501441956,-0.06623917818069458,-0.01324164867401123,0.0865459144115448,0.1447177529335022,-0.04378172755241394,-0.04944950342178345,0.11166530847549438,0.10090747475624084,-0.05567297339439392,-0.09941399097442627,0.056972354650497437,0.08484688401222229,0.021692097187042236,0.09070423245429993,0.029028773307800293,0.21622249484062195,0.24363556504249573,-0.30767005681991577,-0.22860530018806458,0.15947535634040833,0.15278509259223938,0.15795940160751343,-0.13032764196395874,-0.19416725635528564,0.15544703602790833,0.1503569781780243,-0.1673382818698883,-0.20032146573066711,0.11264532804489136,0.18426087498664856,-0.0352802574634552,0.005857348442077637,0.007336676120758057,-0.061675459146499634,0.1452791392803192,0.014460976235568523,0.38757437467575073,0.25491124391555786,0.023528024554252625,0.030456654727458954,0.6230838894844055,0.4510478973388672,0.10368934273719788,0.19017134606838226,0.3425785005092621,0.46521273255348206,0.35173118114471436,0.09616498649120331,0.17891712486743927,0.3594275712966919,0.052480172365903854,0.16231101751327515,1.0121688842773438,-0.13081815838813782,0.24229523539543152,0.24045026302337646,-0.3640463352203369,-0.2244545817375183,0.5995558500289917,0.42059123516082764,-0.5193945169448853,-0.26087653636932373,0.2388891577720642,0.275041401386261,0.00915268063545227,-0.36904776096343994,-0.17281405627727509,0.2632625699043274,-0.12643694877624512,-0.19711655378341675,0.9596887230873108,0.8498578667640686,0.37311339378356934,0.3712684214115143,-0.6063416004180908,-0.4649048447608948,0.9636021852493286,0.645045816898346,-1.118950366973877,-0.6814677715301514,0.7582836747169495,0.5359179377555847,-0.22973647713661194,-0.6440891623497009,-0.18196673691272736,0.6323103308677673,0.04637710750102997,-0.46037912368774414,1.0861256122589111,1.0469744205474854,-0.10983085632324219,1.8156288862228394,1.762981653213501,2.58895206451416,4.083969593048096,3.7269082069396973,2.052980899810791,1.6816667318344116,1.4188209772109985,1.5163769721984863,2.268325090408325,2.5792319774627686,2.7781825065612793,3.3418238162994385,2.5900092124938965,1.9128479957580566,1.8611968755722046,2.5383293628692627,3.3815174102783203,2.7600390911102295,-0.05264723300933838,0.7733231782913208,2.3209879398345947,1.137956142425537,-2.0309886932373047,-2.045241355895996,-0.6341599225997925,-0.1652897596359253,0.8495041131973267,1.0628550052642822,0.5098574161529541,0.7625918388366699,-0.1881732940673828,-1.4289758205413818,-0.7288123369216919,0.625481367111206,1.5203205347061157,0.2217097282409668,-0.6214783191680908,0.8259704113006592,2.3736352920532227,0.3646329641342163,-4.35197639465332,-3.183197498321533,1.3968287706375122,1.8799515962600708,1.4836640357971191,1.2281447649002075,-0.33964669704437256,-0.3002631664276123,-0.6980307102203369,-2.1915676593780518,-0.5406390428543091,2.054457187652588,2.2491328716278076,-0.40377163887023926,-2.141798973083496,-0.8431880474090576,0.0013338786084204912,0.0006864821771159768,0.0010183429112657905,0.0005593607202172279,0.001584831508807838,0.0014953975332900882,0.002129625529050827,0.0010068147676065564,-0.000194014617591165,0.0009585956577211618,0.0004311341035645455,0.0015186346136033535,0.0014453893527388573,0.001047424622811377,0.0005855705821886659,0.0012104129418730736,0.004193919710814953,0.00023143619182519615,0.004057080950587988,-0.0006473964313045144,-0.00031553569715470076,-0.00012712145689874887,0.0005664885975420475,0.0009360368130728602,0.0005447940202429891,-0.0004885827656835318,-0.0023236400447785854,-4.821910988539457e-05,0.0006251487066037953,0.0005600389558821917,0.0010142552200704813,-0.00047120999079197645,-0.0008598187705501914,0.00016298831906169653,0.003608349245041609,-0.000978976720944047,-0.00013683876022696495,0.0038256447296589613,0.00033186073414981365,0.0005202749744057655,0.0008820242946967483,0.0010631582699716091,-2.1694577299058437e-05,-0.001424619578756392,-0.0028684339486062527,0.0004403636557981372,0.00294878869317472,0.0006082580657675862,0.000389106513466686,-0.0010312489466741681,-0.0018740739906206727,0.000634198309853673,0.004468168132007122,-0.0011419650400057435,-0.0037451880052685738,0.004804621450603008,0.003962483257055283,-13861890.0,-13243875.0,-19893788.0,-34657676.0,-31169370.0,-15382225.0,-12437900.0,-10521653.0,-11519740.0,-18159994.0,-20876184.0,-22155148.0,-26742668.0,-20324356.0,-14504757.0,-14106738.0,-19890576.0,-27022694.0,-21329242.0,618015.0,-6031898.0,-21413800.0,-11275582.0,19275452.0,18731470.0,4860572.0,918160.0,-7638341.0,-9356444.0,-3995154.0,-5866484.0,1830792.0,12237911.0,6217618.0,-5385819.0,-12915956.0,-1438666.0,5693452.0,-6649913.0,-22031816.0,-5243684.0,40689252.0,30007052.0,-14414880.0,-17813310.0,-12498913.0,-10274604.0,3643187.0,3489960.0,5825946.0,18104396.0,4386826.0,-17623730.0,-19133574.0,3947153.0,18609408.0,7132118.0,0.0020544917788356543,0.004821413662284613,0.00941342394798994,0.02791873924434185,0.024645483121275902,0.005036776885390282,0.003789898008108139,0.001423550653271377,0.0016801608726382256,0.006621541455388069,0.007413150742650032,0.013508480042219162,0.018580405041575432,0.00886983796954155,0.004667101893573999,0.005821616854518652,0.019120512530207634,0.03760908544063568,0.02662450261414051,0.0027669218834489584,0.007358931936323643,0.02309732511639595,0.015232059173285961,-0.02288196235895157,-0.020855585113167763,-0.0036132261157035828,-0.0021097371354699135,0.00519799068570137,0.0057329898700118065,0.006886938586831093,0.0111672542989254,-0.004638642072677612,-0.01391330361366272,-0.0030482211150228977,0.014453411102294922,0.03178746998310089,0.007503990083932877,-0.01098458282649517,0.004592009820044041,0.02033040300011635,0.007873127236962318,-0.04597928747534752,-0.03608764335513115,0.019268736243247986,0.018745847046375275,0.008811216801404953,0.00784272700548172,0.0016889479011297226,0.005434264428913593,-0.011525580659508705,-0.02508055791258812,0.0015904209576547146,0.02836671471595764,0.03483569249510765,-0.006949421018362045,-0.04277205467224121,-0.018488572910428047,-0.049665167927742004,-0.06011942774057388,-0.018247315660119057,-0.04304058477282524,-0.06627967953681946,-0.02138495072722435,-0.05134861171245575,-0.04810452461242676,-0.049100350588560104,-0.03888939321041107,-0.07528652995824814,-0.027158180251717567,-0.00738783273845911,-0.07556173205375671,-0.05689626187086105,-0.01833730936050415,-0.05701861158013344,-0.06024326756596565,-0.026125341653823853,-0.010454259812831879,0.0314178541302681,0.017078842967748642,-0.04803236573934555,0.02165563404560089,0.014931067824363708,-0.026719573885202408,0.002248261123895645,0.009215131402015686,-0.026186179369688034,0.011731212958693504,0.0678986981511116,-0.048403553664684296,-0.04950843006372452,0.057224422693252563,-0.00012234970927238464,-0.0419059582054615,0.030893269926309586,0.0341179259121418,0.041872113943099976,0.02753310278058052,-0.07945021986961365,0.004576791077852249,0.06296343356370926,-0.0483752079308033,-0.012682806700468063,0.035934705287218094,-0.02843444049358368,0.0025160815566778183,0.09408487379550934,-0.06013476848602295,-0.11740712821483612,0.10562797635793686,0.04938608035445213,-0.09913037717342377,0.03101561963558197,0.0760238841176033,0.0032246559858322144,0.24279001355171204,0.2289595752954483,0.311180979013443,0.38402968645095825,0.35176411271095276,0.2756769359111786,0.2305498570203781,0.21108098328113556,0.21899938583374023,0.2827933430671692,0.27437493205070496,0.31995144486427307,0.35567137598991394,0.2745853662490845,0.24415922164916992,0.2630838453769684,0.28825974464416504,0.33732905983924866,0.31914272904396057,-0.013830438256263733,0.06839096546173096,0.15507011115550995,0.040583133697509766,-0.10835275053977966,-0.12121425569057465,-0.06459595263004303,-0.011550471186637878,0.07171235978603363,0.05537554621696472,0.03715810179710388,0.08129644393920898,-0.0453660786151886,-0.11151215434074402,-0.011501520872116089,0.04410052299499512,0.07424521446228027,0.030882984399795532,-0.018186330795288086,0.08222140371799469,0.16890054941177368,-0.02780783176422119,-0.2634228467941284,-0.1617973893880844,0.04375679790973663,0.10966378450393677,0.13630831241607666,0.0669260174036026,-0.03455425798892975,0.025920897722244263,-0.08252418041229248,-0.192808598279953,0.03386455774307251,0.15561267733573914,0.08574673533439636,-0.013217538595199585,-0.09243154525756836,-0.04906931519508362,0.058946989476680756,0.05242248624563217,0.09683360904455185,0.14747878909111023,0.12373798340559006,0.07599776983261108,0.05315323919057846,0.0445551835000515,0.047960732132196426,0.07997207343578339,0.07528160512447357,0.10236893594264984,0.126502126455307,0.07539712637662888,0.05961372330784798,0.06921310722827911,0.08309368044137955,0.11379089206457138,0.10185208171606064,-0.006524503231048584,0.037886619567871094,0.09505630284547806,0.026904374361038208,-0.07148101925849915,-0.0705847442150116,-0.031442586332559586,-0.005192507058382034,0.03541688993573189,0.027320872992277145,0.022396862506866455,0.051220521330833435,-0.026971809566020966,-0.06688840687274933,-0.006184019148349762,0.02347995713353157,0.04457778483629227,0.01875840127468109,-0.011938810348510742,0.04441112279891968,0.10158080607652664,-0.010982245206832886,-0.1665373146533966,-0.0974891185760498,0.04003843292593956,0.06539224088191986,0.06685947626829147,0.03251338005065918,-0.013020027428865433,0.02389964833855629,-0.04936867207288742,-0.11810892820358276,0.020787790417671204,0.0903683602809906,0.05076180398464203,-0.004721555858850479,-0.05651659518480301,-0.030697211623191833,0.41278979182243347,-0.0929902121424675,0.19330869615077972,-0.12018793076276779,-0.14448069036006927,-0.09667675942182541,-0.13722509145736694,0.581000804901123,0.5940211415290833,0.30621442198753357,0.7982731461524963,1.0225799083709717,0.4623141586780548,0.33715325593948364,0.032903824001550674,0.38206952810287476,0.1023467630147934,0.18766570091247559,-0.02940029464662075,-0.5057799816131592,-0.21948109567165375,-0.027197718620300293,-0.337789386510849,0.023511171340942383,0.0072555989027023315,0.677677571773529,0.7312462329864502,-0.2747863829135895,0.20425200462341309,0.7163654565811157,-0.33595898747444153,-0.685426652431488,-0.42941033840179443,0.04491627216339111,0.06944294273853302,-0.19440382719039917,-0.1317470520734787,-0.2170659899711609,0.28629887104034424,0.4785822629928589,-0.11830829083919525,0.050708889961242676,0.34504497051239014,0.6541664004325867,0.7239906191825867,-0.9524639844894409,-0.5269942283630371,0.9911518096923828,-0.5402109622955322,-1.401792049407959,-0.0934513509273529,0.7303429245948792,0.49885326623916626,-0.23932009935379028,-0.20118999481201172,-0.02266216278076172,-0.08531893789768219,2.667132616043091,2.911691188812256,2.5983829498291016,2.1677322387695312,2.1626157760620117,2.6165783405303955,2.772118091583252,3.3404829502105713,3.3849668502807617,2.9779727458953857,3.837878942489624,3.450928211212158,2.679993152618408,3.302903175354004,3.0944223403930664,3.5659232139587402,3.945136070251465,3.786285638809204,3.9228601455688477,0.24455857276916504,-0.06874966621398926,-0.7439589500427246,-0.43576717376708984,0.44884610176086426,0.6095023155212402,0.7239046096801758,0.6128487586975098,-0.36251020431518555,0.4529120922088623,0.47295546531677246,-1.1578857898712158,-0.1480250358581543,0.4144291877746582,0.26302003860473633,0.8507137298583984,0.22036242485046387,-0.022275924682617188,0.13657450675964355,-0.3133082389831543,-0.9885175228118896,-0.3670175075531006,1.1928050518035889,1.04526948928833,0.2750585079193115,0.0033464431762695312,-1.0864148139953613,-0.15993666648864746,0.835465669631958,-1.6107978820800781,-0.6209805011749268,1.572314977645874,0.4110450744628906,0.43628454208374023,-0.04265761375427246,-0.8729896545410156,-0.08378791809082031,0.15885043144226074,-49.921730041503906,-60.2574462890625,-18.427425384521484,-43.147674560546875,-66.5348129272461,-21.62723159790039,-51.68757629394531,-48.2389030456543,-48.99985885620117,-39.01473617553711,-75.28108978271484,-27.428308486938477,-7.667293548583984,-75.76919555664062,-57.02426528930664,-18.570743560791016,-57.55313491821289,-60.28504180908203,-26.631412506103516,-10.335716247558594,31.494304656982422,17.109771728515625,-48.10738754272461,21.520442962646484,14.847236633300781,-26.611671447753906,2.6877174377441406,9.224166870117188,-26.281230926513672,11.586427688598633,67.61380004882812,-48.34088897705078,-49.356971740722656,57.19845199584961,-0.52886962890625,-41.714298248291016,30.921722412109375,33.653629302978516,41.830020904541016,27.44548797607422,-79.60169219970703,4.410671234130859,62.95462417602539,-48.13211441040039,-12.15951919555664,35.835838317871094,-28.968948364257812,2.3622608184814453,93.89503479003906,-59.92731475830078,-116.97077178955078,105.53933715820312,48.828102111816406,-98.91275024414062,31.450592041015625,75.36792755126953,2.7319068908691406,-0.12442468106746674,-0.14830927550792694,-0.07486424595117569,-0.07169312238693237,-0.13224247097969055,-0.04489179700613022,-0.11769933998584747,-0.12353408336639404,-0.12602265179157257,-0.09627309441566467,-0.19957235455513,-0.1481914520263672,-0.05689588189125061,-0.16132882237434387,-0.1175559014081955,-0.04325452446937561,-0.12917907536029816,-0.1448938250541687,-0.04252073913812637,-0.023884594440460205,0.049560435116291046,0.07661615312099457,-0.05737822502851486,0.026801325380802155,0.014543130993843079,-0.07864228636026382,-0.008323311805725098,0.02726098895072937,-0.07354970276355743,-0.051918357610702515,0.1426764726638794,-0.013137370347976685,-0.060660019516944885,0.11807429790496826,-0.011623173952102661,-0.10163930058479309,0.08665833622217178,0.10237308591604233,0.07344502955675125,0.10050074756145477,-0.10693866014480591,-0.04981482774019241,0.07192135602235794,-0.10544361174106598,-0.022866442799568176,0.1059032753109932,-0.06522639095783234,-0.07917934656143188,0.21622617542743683,0.03878098726272583,-0.20333649218082428,0.13121166825294495,0.049036845564842224,-0.21971359848976135,0.09828151017427444,0.20401239395141602,0.015714749693870544
-0.04478154703974724,-0.04325317218899727,-0.10122255980968475,-0.010800529271364212,-0.051331520080566406,-0.11702960729598999,-0.019962219521403313,-0.02545895054936409,-0.10082144290208817,-0.03544934466481209,-0.033123910427093506,-0.06239263340830803,-0.04251955822110176,-0.055336371064186096,-0.07734587788581848,-0.05658229812979698,-0.039897654205560684,-0.09576454758644104,-0.04428486153483391,0.0015283748507499695,-0.056441012769937515,0.03245264291763306,0.04989103972911835,-0.10622908174991608,0.031369298696517944,0.0915706604719162,-0.0808592215180397,-0.009990394115447998,0.06769753247499466,-0.02694328874349594,-0.009395647794008255,0.007056262344121933,-0.03482631966471672,-0.0012459270656108856,0.0374482236802578,-0.03918224945664406,-0.004387207329273224,0.05147968605160713,-0.057969387620687485,0.030924268066883087,0.10633204877376556,-0.13868172466754913,-0.018521741032600403,0.19779974222183228,-0.11222852021455765,-0.1015610545873642,0.14855675399303436,-0.016952894628047943,-0.07709318399429321,0.033999551087617874,-0.025430671870708466,-0.008302189409732819,0.07227454334497452,-0.03793632239103317,-0.04183543100953102,0.09066193550825119,0.055866893380880356,0.37441009283065796,0.33529895544052124,0.283820241689682,0.2736928164958954,0.33818522095680237,0.35063818097114563,0.32451295852661133,0.2859850525856018,0.26837635040283203,0.29487910866737366,0.28322529792785645,0.30643144249916077,0.3013748526573181,0.2910088896751404,0.33984866738319397,0.350153386592865,0.37089237570762634,0.3899464011192322,0.3581404685974121,-0.03911113739013672,-0.09058985114097595,-0.061606138944625854,0.05436497926712036,0.07694536447525024,-0.01367226243019104,-0.06465312838554382,-0.0561366081237793,0.00889405608177185,0.014848947525024414,0.01155233383178711,0.01814955472946167,-0.015422552824020386,0.038473814725875854,0.05914449691772461,0.031043708324432373,0.03979301452636719,-0.012751907110214233,-0.03180593252182007,-0.05147871375083923,-0.022495001554489136,0.1449548304080963,0.1385515034198761,-0.0680372416973114,-0.14159849286079407,-0.04246434569358826,0.07354718446731567,0.07098555564880371,0.002658277750015259,0.003300607204437256,-0.026974886655807495,0.020324259996414185,0.074567049741745,-0.0074301064014434814,-0.019351482391357422,-0.043795615434646606,-0.07159894704818726,-0.019054025411605835,1.5149863958358765,1.5149863958358765,0.5646190047264099,0.8670915365219116,1.1280664205551147,1.1280664205551147,1.1204445362091064,1.1204445362091064,0.8447651267051697,0.8447651267051697,0.7199307084083557,1.0216997861862183,1.0216997861862183,0.6670679450035095,0.7844807505607605,0.9806903004646301,0.9806903004646301,0.9309149384498596,1.1284328699111938,0.0,-0.9503673911094666,-0.6478948593139648,0.5634474158287048,0.2609748840332031,-0.007621884346008301,-0.007621884346008301,-0.27567940950393677,-0.27567940950393677,-0.12483441829681396,0.17693465948104858,0.30176907777786255,-0.35463184118270874,-0.23721903562545776,0.3136223554611206,0.19620954990386963,-0.04977536201477051,0.14774256944656372,0.19751793146133423,-0.9503673911094666,-0.6478948593139648,1.5138148069381714,0.908869743347168,-0.5710693001747131,-0.2685967683792114,-0.26805752515792847,-0.26805752515792847,0.1508449912071228,0.45261406898498535,0.4266034960746765,-0.5315665006637573,-0.5389881134033203,0.6682541966438293,0.4334285855293274,-0.3633977174758911,-0.04846698045730591,0.24729329347610474,0.04977536201477051,1.5149863958358765,1.5149863958358765,0.764305055141449,0.8670915365219116,1.1424050331115723,1.1424050331115723,1.1204445362091064,1.1204445362091064,1.078615665435791,0.8447651267051697,0.9076065421104431,1.231955885887146,1.231955885887146,0.9591457843780518,0.9276862144470215,0.9806903004646301,1.0083074569702148,1.2789816856384277,1.2789816856384277,0.0,-0.7506813406944275,-0.6478948593139648,0.3780999779701233,0.27531349658966064,-0.02196049690246582,-0.02196049690246582,-0.04182887077331543,-0.27567940950393677,-0.1710091233253479,0.3871907591819763,0.3243493437767029,-0.27281010150909424,-0.3042696714401245,0.02154451608657837,0.08062124252319336,0.2982913851737976,0.2706742286682129,0.0,-0.7506813406944275,-0.6478948593139648,1.1287813186645508,0.9232083559036255,-0.4000604748725891,-0.29727399349212646,-0.01986837387084961,-0.25371891260147095,-0.12918025255203247,0.6628701686859131,0.4953584671020508,-0.6600008606910706,-0.6286190152168274,0.2943546175956726,0.38489091396331787,0.27674686908721924,0.19005298614501953,-0.2982913851737976,-0.2706742286682129,-1.1573927402496338,-0.8257696032524109,-0.764305055141449,-0.8083953857421875,-1.1424050331115723,-1.1424050331115723,-1.024033784866333,-1.078615665435791,-1.078615665435791,-0.7825068235397339,-0.9076065421104431,-1.231955885887146,-1.231955885887146,-0.9591457843780518,-0.9276862144470215,-0.8292040824890137,-1.0083074569702148,-1.2789816856384277,-1.2789816856384277,0.3316231369972229,0.3930876851081848,0.01737421751022339,-0.3780999779701233,-0.33400964736938477,0.11837124824523926,0.06378936767578125,-0.05458188056945801,0.29610884189605713,0.1710091233253479,-0.4494490623474121,-0.3243493437767029,0.27281010150909424,0.3042696714401245,0.12994170188903809,-0.08062124252319336,-0.44977760314941406,-0.2706742286682129,0.0,0.061464548110961914,-0.3142489194869995,-0.7711876630783081,-0.35138386487960815,0.49647122621536255,0.397799015045166,-0.17295312881469727,0.23231947422027588,0.2255910038948059,-0.7455579042434692,-0.4953584671020508,0.7222591638565063,0.6286190152168274,-0.14286839962005615,-0.38489091396331787,-0.5797193050384521,-0.19005298614501953,0.44977760314941406,0.2706742286682129,0.0013170778984203935,5.190074443817139e-05,5.190074443817139e-05,5.661929026246071e-05,0.0006872136145830154,0.0006872136145830154,0.00043971813283860683,0.00043971813283860683,0.000882517546415329,0.002478363923728466,0.00012088299263268709,0.00012088299263268709,0.0001825275830924511,0.000823301263153553,0.000823301263153553,0.0011301925405859947,0.0005996725521981716,0.0005996725521981716,0.0,-0.001265177153982222,-0.001265177153982222,4.718545824289322e-06,0.0006353128701448441,0.0006305943243205547,-0.0002474954817444086,-0.0002474954817444086,0.00044279941357672215,0.002038645790889859,-0.0007616345537826419,-0.0023574810475111008,6.1644590459764e-05,0.0007024182705208659,0.0006407736800611019,0.0003068912774324417,-0.0002236287109553814,-0.0005305199883878231,-0.0005996725521981716,-0.0005996725521981716,0.0,0.0012698956998065114,0.0019004900241270661,0.0006258757784962654,-0.0008828083518892527,-0.0008780898060649633,0.0006902948953211308,0.002286141272634268,-0.001204433967359364,-0.004396126605570316,0.0008232791442424059,0.0030598994344472885,0.0005791290896013379,-0.0003955269930884242,-0.0008644023910164833,-0.0008374112658202648,-0.0003760438412427902,-6.915256381034851e-05,0.0,0.3575936555862427,0.6892167925834656,-0.19968605041503906,0.05869615077972412,-0.01433861255645752,-0.01433861255645752,0.09641075134277344,0.04182887077331543,-0.23385053873062134,0.06225830316543579,-0.1876758337020874,-0.21025609970092773,-0.21025609970092773,-0.29207783937454224,-0.143205463886261,0.15148621797561646,-0.027617156505584717,-0.3480667471885681,-0.1505488157272339,0.3316231369972229,-0.5572797060012817,-0.6305206418037415,0.18534743785858154,-0.07303476333618164,0.11074936389923096,0.05616748332977295,-0.3302612900733948,0.02042943239212036,0.046174705028533936,-0.2725144028663635,-0.022580265998840332,-0.0818217396736145,0.06705063581466675,0.4435640573501587,0.11558830738067627,-0.49955296516418457,-0.12293165922164917,0.19751793146133423,-0.8889028429985046,-0.9621437788009644,0.7426271438598633,0.5574858784675598,-0.07459807395935059,0.1292022466659546,-0.44101065397262573,-0.03573805093765259,0.3764359951019287,-0.2929438352584839,-0.06875497102737427,0.19069266319274902,0.08963090181350708,0.5253857970237732,0.04853767156600952,-0.9431170225143433,-0.23851996660232544,0.6970708966255188,0.3204495906829834,2.6723790168762207,2.3407559394836426,1.3289240598678589,1.6754869222640991,2.2704715728759766,2.2704715728759766,2.1444783210754395,2.1990602016448975,1.9233808517456055,1.6272718906402588,1.6275372505187988,2.2536556720733643,2.2536556720733643,1.626213788986206,1.7121670246124268,1.809894323348999,1.9889976978302002,2.2098965644836426,2.407414436340332,-0.3316230773925781,-1.3434549570083618,-0.6652690172195435,0.9415475130081177,0.5949846506118774,-0.1259932518005371,-0.0714113712310791,-0.22109746932983398,-0.5717883110046387,-0.29584360122680664,0.6263837814331055,0.6261184215545654,-0.6274418830871582,-0.5414886474609375,0.18368053436279297,0.27683067321777344,0.40000224113464355,0.41841673851013184,0.19751787185668945,-1.0118318796157837,-0.33364593982696533,2.2850024700164795,1.260253667831421,-1.0675407648086548,-0.6663960218429565,-0.09510421752929688,-0.5003769397735596,-0.07474613189697266,1.1981720924377441,0.9219620227813721,-1.2538256645202637,-1.167607069015503,0.8111224174499512,0.8183193206787109,0.21632170677185059,0.1415860652923584,-0.2024843692779541,-0.22089886665344238,0.7792494893074036,0.8338327407836914,0.34149789810180664,0.5260636210441589,0.6078073382377625,0.6050127148628235,0.6261858344078064,0.6434056758880615,0.5059486031532288,0.49507036805152893,0.42114728689193726,0.5660999417304993,0.5769079327583313,0.3912698030471802,0.4356546401977539,0.5386603474617004,0.5235843062400818,0.47831615805625916,0.5860376358032227,0.05458325147628784,-0.4377515912055969,-0.30776911973953247,0.2663094401359558,0.07894909381866455,0.018378496170043945,0.03839296102523804,-0.12023723125457764,-0.1483353078365326,-0.0848013162612915,0.07102957367897034,0.15576064586639404,-0.1748301386833191,-0.1412532925605774,0.14739054441452026,0.08792966604232788,-0.060344189405441284,0.06245332956314087,0.1077214777469635,-0.49233484268188477,-0.3623523712158203,0.7040610313415527,0.386718213558197,-0.24793094396591187,-0.040556132793426514,-0.13861572742462158,-0.18672826886177063,0.03543591499328613,0.21936488151550293,0.24056196212768555,-0.24585971236228943,-0.29701393842697144,0.32222068309783936,0.22918295860290527,-0.20773473381996155,-0.02547633647918701,0.16806566715240479,0.04526814818382263,0.950008749961853,0.4598977565765381,0.39065346121788025,0.014639326371252537,0.5230634212493896,0.0018918216228485107,0.2054741531610489,0.11618934571743011,0.08331374824047089,0.24150092899799347,0.06780919432640076,0.06771060824394226,0.012108506634831429,0.13298510015010834,0.4740585386753082,0.5210394263267517,0.5742123126983643,0.7087586522102356,0.584044337272644,-0.49011099338531494,-0.5593552589416504,-0.4452584385871887,0.1324099600315094,-0.012747504748404026,-0.31758928298950195,0.1142975240945816,-0.122160404920578,0.12531158328056335,-0.01550455391407013,-0.1737903207540512,-0.05570068955421448,0.06527449190616608,0.46195003390312195,0.3880543112754822,0.10015377402305603,0.1877192258834839,0.009832024574279785,-0.12471431493759155,-0.06924426555633545,0.04485255479812622,0.6917651891708374,0.43251094222068787,-0.44999924302101135,0.12704503536224365,0.19542887806892395,0.01101405918598175,0.10665585100650787,-0.29910188913345337,-0.04019613564014435,0.23906481266021729,0.5176507234573364,0.3227798342704773,-0.3617962598800659,-0.2003350853919983,-0.09032174944877625,-0.31243354082107544,-0.13454633951187134,5.897921562194824,4.498724460601807,3.084892511367798,3.0470314025878906,4.898295879364014,4.989428997039795,4.231736660003662,3.7965755462646484,3.208399772644043,3.4998250007629395,3.525306224822998,4.380169868469238,4.061041355133057,3.4877476692199707,4.340401649475098,4.535630702972412,5.081024169921875,5.923111915588379,5.67506742477417,-1.3991971015930176,-2.8130290508270264,-1.451693058013916,1.8134033679962158,1.9423975944519043,-0.6665592193603516,-1.1928534507751465,-1.0233368873596191,-0.296750545501709,0.3169064521789551,0.8803448677062988,0.5357351303100586,-0.8924221992492676,0.279360294342041,1.0478830337524414,0.7406225204467773,1.3874812126159668,0.5940432548522949,-0.24804449081420898,-1.4138319492340088,-0.05249595642089844,4.626432418823242,3.3940906524658203,-2.4799625873565674,-3.135251045227051,-0.3567776679992676,0.8961029052734375,1.3402433395385742,1.1770954132080078,0.21882867813110352,-1.7727670669555664,-0.2563748359680176,1.940305233001709,0.46126222610473633,0.3395981788635254,-0.14657926559448242,-1.6355257034301758,-0.8420877456665039,0.0032164095900952816,0.001375820254907012,0.0009759153472259641,-1.106878335122019e-05,0.0022718769032508135,0.00017345788364764303,0.00030470811179839075,-5.5222575610969216e-05,-0.00028418019064702094,-0.0005409650038927794,0.00010961213411064819,-0.0003974450519308448,0.0013659398537129164,0.000835913117043674,0.000954366521909833,0.004117830656468868,0.0014508346794173121,0.0020056995563209057,0.0018429325427860022,-0.0018405893351882696,-0.0022404943592846394,-0.001386889023706317,0.0012959615560248494,0.00018452666699886322,-0.001967168878763914,-0.00022868046653456986,-0.0005888883024454117,-0.00048574243555776775,0.0003937923174817115,0.00014351995196193457,0.0012563277268782258,0.0012333581689745188,-0.0004115733318030834,0.0032819174230098724,0.0004964681575074792,-0.0021121311001479626,0.00039209786336869,-0.00016276701353490353,-0.00039990502409636974,0.00045370031148195267,0.003536455798894167,0.0015714156907051802,-0.0032631303183734417,-0.0004132071335334331,0.0013782805763185024,-0.0002570619690231979,0.0009826805908232927,0.0006292624166235328,0.0008625354385003448,0.0010898382170125842,-0.0016679010586813092,0.0020485592540353537,0.0009080414893105626,-0.005394048523157835,-0.00010437029413878918,0.001949364086613059,-0.0005548648769035935,-49245604.0,-36491836.0,-23823140.0,-23798688.0,-40538972.0,-41633860.0,-33867132.0,-29860286.0,-24925020.0,-27709128.0,-28389826.0,-35270308.0,-32433624.0,-26837390.0,-35210292.0,-36603152.0,-41696784.0,-48767540.0,-46933408.0,12753768.0,25422464.0,12693148.0,-16715832.0,-17835172.0,6671840.0,11773574.0,8942112.0,2151158.0,-3464806.0,-7561180.0,-4043798.0,8432918.0,-2776668.0,-9765762.0,-6486492.0,-12164388.0,-5236624.0,1834132.0,12668696.0,-60620.0,-42138296.0,-30528320.0,23387672.0,29608746.0,2270272.0,-9622416.0,-12406918.0,-9712338.0,-578992.0,15994098.0,1267130.0,-18198680.0,-3709824.0,-2398626.0,1249868.0,13998520.0,7070756.0,0.2000742405653,0.13552163541316986,0.009690589271485806,0.01469354797154665,0.07327724993228912,0.06927236169576645,0.05209594964981079,0.06601054221391678,0.03189712017774582,0.017230980098247528,0.027407744899392128,0.07629739493131638,0.06773371249437332,0.025589730590581894,0.0283015388995409,0.029838763177394867,0.04059192165732384,0.09941434115171432,0.12750785052776337,-0.06455260515213013,-0.1903836578130722,-0.12082808464765549,0.06358665972948074,0.054578814655542374,-0.021181300282478333,-0.0032618194818496704,-0.020198829472064972,-0.04877956211566925,-0.004489375278353691,0.05906641483306885,0.04032596945762634,-0.05070766434073448,-0.03943217545747757,0.004249032586812973,0.012290382757782936,0.06957557797431946,0.08691592514514923,0.028093509376049042,-0.12583105266094208,-0.05627547949552536,0.25397032499313354,0.17540690302848816,-0.08476796001195908,-0.057840634137392044,0.0009824708104133606,-0.04551774263381958,0.01570945419371128,0.1078459769487381,0.04481534659862518,-0.10977408289909363,-0.07975814491510391,0.054956696927547455,0.051722556352615356,0.06532654166221619,0.07462554425001144,-0.041482068598270416,-0.05882241576910019,-0.0222003273665905,-0.021473685279488564,-0.050764624029397964,-0.005424967035651207,-0.02537158504128456,-0.05870867520570755,-0.009971288964152336,-0.012820160016417503,-0.050689682364463806,-0.017965320497751236,-0.0166031401604414,-0.03143642097711563,-0.021108262240886688,-0.02765236422419548,-0.038927655667066574,-0.02777639403939247,-0.020012836903333664,-0.048076387494802475,-0.021938975900411606,0.0007266420871019363,-0.028564296662807465,0.016048718243837357,0.025393038988113403,-0.053283706307411194,0.015400296077132225,0.0458885133266449,-0.04071839153766632,-0.005145160481333733,0.03408654034137726,-0.013471100479364395,-0.00450512208044529,0.0037840567529201508,-0.017819393426179886,-0.00012402981519699097,0.01891481876373291,-0.020299993455410004,-0.001926138997077942,0.02613741159439087,-0.0292909387499094,0.01532207615673542,0.05395733565092087,-0.06933242082595825,-0.009992742910981178,0.09917221963405609,-0.056118689477443695,-0.05103367567062378,0.07480493187904358,-0.008325939998030663,-0.0385916605591774,0.017255157232284546,-0.013314271345734596,-0.003908086568117142,0.036734212189912796,-0.020175963640213013,-0.020840957760810852,0.04643740504980087,0.02806355059146881,0.47081220149993896,0.4107745885848999,0.3266887366771698,0.33976349234580994,0.4279293715953827,0.41892319917678833,0.4001070559024811,0.3785927891731262,0.33390218019485474,0.3625861704349518,0.36413589119911194,0.40275734663009644,0.39012816548347473,0.3594462275505066,0.39826107025146484,0.4108552038669586,0.4371480941772461,0.464154988527298,0.4617975056171417,-0.06003761291503906,-0.14412346482276917,-0.07101109623908997,0.10124063491821289,0.0791597068309784,-0.02782231569290161,-0.04033041000366211,-0.06620487570762634,-0.01600661873817444,0.030233711004257202,0.04017117619514465,0.025992274284362793,-0.043311119079589844,0.008132904767990112,0.051408976316452026,0.03888702392578125,0.053299784660339355,0.02464941143989563,-0.00235748291015625,-0.0840858519077301,-0.010973483324050903,0.24536409974098206,0.15017080307006836,-0.1290629506111145,-0.1194901168346405,-0.03838256001472473,0.02432379126548767,0.09643858671188354,0.05617779493331909,-0.004241436719894409,-0.0834822952747345,-0.01785936951637268,0.09472009539604187,0.030754119157791138,0.001890808343887329,-0.01423761248588562,-0.055657267570495605,-0.02700689435005188,0.22166413068771362,0.16873575747013092,0.10672552138566971,0.11543922126293182,0.18312355875968933,0.1754966527223587,0.16008564829826355,0.14333249628543854,0.11149066686630249,0.1314687281847,0.13259494304656982,0.16221347451210022,0.15219998359680176,0.12920159101486206,0.15861187875270844,0.16880200803279877,0.19109845161437988,0.21543985605239868,0.21325694024562836,-0.0529283732175827,-0.11493860930204391,-0.0532965362071991,0.07639803737401962,0.06005743145942688,-0.02303791046142578,-0.032164156436920166,-0.04859498143196106,-0.011863768100738525,0.021104276180267334,0.030744746327400208,0.019605040550231934,-0.03301188349723816,0.006411895155906677,0.03960041701793671,0.03248657286167145,0.046637848019599915,0.022158488631248474,-0.0021829158067703247,-0.06201023608446121,-0.00036816298961639404,0.19133664667606354,0.11335396766662598,-0.0994359478354454,-0.09222158789634705,-0.02555707097053528,0.02030038833618164,0.0696992576122284,0.04260851442813873,-0.0014992356300354004,-0.06375662982463837,-0.013193145394325256,0.07261230051517487,0.02607467770576477,0.007037431001663208,-0.010328084230422974,-0.04882076382637024,-0.0243414044380188,0.33592259883880615,0.6863528490066528,0.019286582246422768,-0.002120425458997488,0.07667264342308044,0.3715343177318573,0.4453999698162079,0.21908345818519592,-0.1535589098930359,0.014485028572380543,-0.4526005983352661,-0.3785752058029175,-0.3397030532360077,-0.40330439805984497,-0.07270021736621857,0.16123288869857788,0.028835296630859375,-0.021613486111164093,-0.05218156427145004,0.3504302501678467,-0.31663602590560913,-0.6884732842445374,0.057386063039302826,0.3736547529697418,0.36872732639312744,-0.15245085954666138,-0.5989588499069214,-0.20459842681884766,-0.2990416884422302,-0.39306023716926575,0.11289754509925842,-0.02472919225692749,0.26700282096862793,0.5645372867584229,0.10153551399707794,-0.18284636735916138,-0.08101686090230942,-0.03056807816028595,-0.6670662760734558,-1.0389034748077393,0.37402209639549255,1.0621280670166016,0.311341255903244,-0.5261056423187256,-0.9676861763000488,-0.05214756727218628,0.29991716146469116,-0.1884618103504181,0.41193923354148865,0.36833104491233826,0.1541052758693695,0.5892664790153503,-0.16546730697155,-0.7473836541175842,-0.18255236744880676,0.15227828919887543,0.05044878274202347,3.4248006343841553,3.8444485664367676,2.0509605407714844,2.6133546829223633,2.8798394203186035,3.0120186805725098,2.9658608436584473,3.961660861968994,3.3067705631256104,2.391171932220459,2.7644693851470947,3.2061409950256348,3.3104116916656494,2.5117156505584717,2.0843417644500732,2.1543338298797607,2.064716339111328,2.371568202972412,2.995844602584839,0.4196479320526123,-1.373840093612671,-1.2310938835144043,0.8288788795471191,0.3986639976501465,0.08602142333984375,0.9496421813964844,0.3409097194671631,-1.5704889297485352,-0.5423011779785156,0.8149690628051758,0.5459423065185547,-0.6944253444671631,-1.2260699272155762,-0.35738182067871094,-0.019625425338745117,0.21723437309265137,0.9311282634735107,0.6242763996124268,-1.7934880256652832,-1.6507418155670166,2.20271897315979,1.6297578811645508,-0.7428574562072754,0.5509781837463379,0.25488829612731934,-2.5201311111450195,-0.8832108974456787,2.385457992553711,1.0882434844970703,-1.5093944072723389,-1.7720122337341309,0.33704352378845215,1.206444501876831,0.5746161937713623,0.9507536888122559,0.4070420265197754,-0.306851863861084,-22.480337142944336,-21.713092803955078,-50.813724517822266,-5.421865463256836,-25.768423080444336,-58.748863220214844,-10.021034240722656,-12.780393600463867,-50.61236572265625,-17.795570373535156,-16.628202438354492,-31.321102142333984,-21.344818115234375,-27.778858184814453,-38.82762908935547,-28.404314041137695,-20.028621673583984,-48.07380294799805,-22.231000900268555,0.7672443389892578,-28.33338737487793,16.291227340698242,25.04530143737793,-53.326995849609375,15.74738883972168,45.968467712402344,-40.591331481933594,-5.015176773071289,33.984161376953125,-13.525531768798828,-4.716615676879883,3.5422439575195312,-17.482810974121094,-0.6254558563232422,18.799007415771484,-19.66948890686035,-2.2023792266845703,25.842802047729492,-29.100631713867188,15.523983001708984,53.37868881225586,-69.61822509765625,-9.29791259765625,99.29546356201172,-56.338722229003906,-50.983642578125,74.57549285888672,-8.510354995727539,-38.700775146484375,17.06777572631836,-12.766195297241211,-4.167699813842773,36.28181838989258,-19.04403305053711,-21.001386642456055,45.512290954589844,28.045181274414062,-0.08561762422323227,-0.08544821292161942,-0.08715417981147766,-0.01848430559039116,-0.03971046954393387,-0.14887163043022156,-0.10026125609874725,-0.061219580471515656,-0.09052608907222748,-0.021429136395454407,0.02885376662015915,-0.018891997635364532,-0.021369576454162598,0.000920312013477087,-0.05675772204995155,-0.06258818507194519,-0.039026111364364624,-0.09965778887271881,-0.024756290018558502,0.000169411301612854,-0.0015365555882453918,0.06696391105651855,0.04744371026754379,-0.1303873211145401,-0.060550786554813385,0.0876520499587059,0.009735167026519775,0.03979044407606125,0.11937985569238663,0.0025371387600898743,-0.05022334307432175,0.019812310114502907,-0.035388145595788956,-0.06350849568843842,0.01773161068558693,-0.03706960380077362,0.014269821345806122,0.07490149885416031,-0.0017059668898582458,0.0667944997549057,0.048980265855789185,-0.19735123217105865,-0.10799449682235718,0.2180393636226654,0.07028595358133316,-0.04786160588264465,0.10964468866586685,-0.037253305315971375,-0.16960319876670837,0.017275171354413033,0.014835197478532791,-0.08332080394029617,0.053119756281375885,0.026438891887664795,-0.0034617893397808075,0.11197110265493393,0.06063167750835419
0.040908683091402054,-0.07538657635450363,-0.117107093334198,0.1208258643746376,0.2470117062330246,-0.22080537676811218,-0.04961605370044708,0.21823565661907196,-0.038238730281591415,-0.031867001205682755,0.06350357085466385,-0.05043117329478264,0.11661484092473984,-0.0026612994261085987,-0.1431887298822403,0.23182441294193268,0.14878875017166138,-0.20867399871349335,-0.12231280654668808,-0.11629526317119598,-0.15801577270030975,0.19621244072914124,0.3641188144683838,-0.3416312336921692,-0.2966277599334717,0.43904101848602295,0.011377323418855667,-0.2501026690006256,0.10174229741096497,-0.018564172089099884,0.05311127007007599,0.04776987433433533,-0.25980356335639954,0.2344857156276703,0.2919774651527405,-0.440498411655426,-0.27110156416893005,0.08636119216680527,-0.04172050952911377,0.312507688999176,0.5221346020698547,-0.5378437042236328,-0.6607465744018555,0.7806722521781921,0.30800509452819824,-0.6891436576843262,0.0903649777173996,0.23153850436210632,-0.04863102734088898,0.06633404642343521,-0.3129148483276367,0.18671584129333496,0.5517810583114624,-0.6749840974807739,-0.5630789995193481,0.5268595814704895,0.3574627637863159,0.4401519298553467,0.5079975724220276,0.5151525735855103,0.5334399342536926,0.368162602186203,0.37263962626457214,0.5629006028175354,0.442975789308548,0.28760430216789246,0.3894239366054535,0.4462200403213501,0.45436811447143555,0.5848073363304138,0.5918701887130737,0.42996126413345337,0.4193834066390991,0.5251098275184631,0.5180613994598389,0.39406222105026245,0.06784564256668091,0.07500064373016357,0.02544236183166504,-0.14698997139930725,-0.16080030798912048,0.1947380006313324,0.07033616304397583,-0.27529630064964294,-0.05355185270309448,0.15861573815345764,0.06494417786598206,0.13858729600906372,0.13750207424163818,-0.15484607219696045,-0.1724867820739746,0.09514856338500977,0.09867799282073975,-0.13104760646820068,-0.12399917840957642,0.007155001163482666,-0.04240328073501587,-0.22199061512947083,-0.18624266982078552,0.34172797203063965,0.2311364710330963,-0.47003430128097534,-0.12388801574707031,0.4339120388031006,0.11849603056907654,-0.02002844214439392,0.07255789637565613,-0.29343336820602417,-0.3099888563156128,0.24999463558197021,0.27116477489471436,-0.22619616985321045,-0.22267717123031616,0.007048428058624268,1.1007027626037598,1.1007027626037598,1.136091709136963,1.1419483423233032,1.1419483423233032,0.6865686178207397,1.7429723739624023,1.7429723739624023,0.7170337438583374,1.3450589179992676,1.3450589179992676,1.3126980066299438,1.4758241176605225,1.4758241176605225,0.7109840512275696,1.3135014772415161,1.3135014772415161,1.099898338317871,1.099898338317871,0.0,0.035388946533203125,0.04124557971954346,0.005856633186340332,-0.4553797245025635,0.6010240316390991,1.0564037561416626,-1.025938630104065,-0.39791345596313477,0.6280251741409302,-0.03236091136932373,0.13076519966125488,0.1631261110305786,-0.7648400664329529,-0.16232264041900635,0.6025174260139465,-0.21360313892364502,-0.21360313892364502,0.0,0.035388946533203125,0.04124557971954346,-0.029532313346862793,-0.49662530422210693,0.5951673984527588,1.511783480644226,-1.626962661743164,-1.4543172121047974,1.6539638042449951,0.36555254459381104,-0.4972599744796753,0.19548702239990234,-0.8956052660942078,-0.32544875144958496,1.3673574924468994,-0.05128049850463867,-0.8161205649375916,0.21360313892364502,0.21360313892364502,1.4284491539001465,1.4284491539001465,1.751099944114685,1.751099944114685,1.1419483423233032,1.3626458644866943,1.7429723739624023,1.7429723739624023,1.049077033996582,1.3450589179992676,1.3450589179992676,1.3126980066299438,1.4758241176605225,1.4758241176605225,1.2379289865493774,1.3135014772415161,1.5517783164978027,1.5517783164978027,1.3730158805847168,0.0,0.3226507902145386,0.3226507902145386,-0.6091516017913818,-0.3884540796279907,0.6010240316390991,0.380326509475708,-0.6938953399658203,-0.39791345596313477,0.29598188400268555,-0.03236091136932373,0.13076519966125488,0.1631261110305786,-0.23789513111114502,-0.16232264041900635,0.3138493299484253,0.23827683925628662,-0.17876243591308594,-0.17876243591308594,0.3226507902145386,0.3226507902145386,-0.9318023920059204,-0.7111048698425293,1.210175633430481,0.7687805891036987,-1.2949193716049194,-0.7782399654388428,0.9898772239685059,0.36555254459381104,-0.16521668434143066,0.19548702239990234,-0.3686603307723999,-0.32544875144958496,0.5517444610595703,0.40059947967529297,-0.49261176586151123,-0.41703927516937256,0.0,-1.4284491539001465,-1.4284491539001465,-1.751099944114685,-1.751099944114685,-0.8760328888893127,-1.3626458644866943,-1.3626458644866943,-0.8719188570976257,-1.049077033996582,-1.0541565418243408,-1.0541565418243408,-1.2009941339492798,-1.2940531969070435,-1.2940531969070435,-1.2379289865493774,-0.6581361293792725,-1.5517783164978027,-1.5517783164978027,-1.3730158805847168,0.0,-0.3226507902145386,-0.3226507902145386,0.8750670552253723,0.3884540796279907,-0.4866129755973816,0.4907270073890686,0.3135688304901123,-0.1822376847267151,-0.005079507827758789,-0.14683759212493896,-0.23989665508270264,-0.09305906295776367,0.056124210357666016,0.635917067527771,-0.3138493299484253,-0.8936421871185303,0.17876243591308594,0.17876243591308594,-0.3226507902145386,-0.3226507902145386,1.1977179050445557,0.7111048698425293,-1.361680030822754,0.10227292776107788,0.8001818060874939,-0.6729646921157837,-0.3186483383178711,0.03540009260177612,-0.23481714725494385,0.05377852916717529,0.29602086544036865,0.7289761304855347,-0.3699735403060913,-1.5295592546463013,0.49261176586151123,1.0724046230316162,0.0,0.0015386305749416351,0.0003684861585497856,0.0003684861585497856,0.001680169254541397,0.0002493314677849412,0.0002493314677849412,0.001995753962546587,0.003659488633275032,2.6565976440906525e-05,2.6565976440906525e-05,0.0008851122111082077,0.0023193703964352608,0.000238894484937191,0.000238894484937191,0.0008207298815250397,0.00020247232168912888,0.00020247232168912888,0.0016337605193257332,0.0,-0.0011701444163918495,-0.0011701444163918495,0.0013116830959916115,-0.00011915469076484442,-0.001430837786756456,0.0017464224947616458,0.0034101572819054127,-0.0019691879861056805,-0.0036329226568341255,0.0008585462346673012,0.0022928044199943542,-0.0006462177261710167,-0.0020804759114980698,0.0005818353965878487,-3.6422163248062134e-05,-0.0006182575598359108,0.0014312881976366043,-0.00020247232168912888,-0.0016337605193257332,0.0,0.002481827512383461,0.001050989725627005,-0.002742520999163389,0.0018655771855264902,0.00484099518507719,-0.003715610597282648,-0.007043079938739538,0.0028277342207729816,0.00592572707682848,-0.0015047639608383179,-0.004373280331492424,0.0012280531227588654,0.0020440537482500076,-0.0012000929564237595,0.0014677103608846664,0.0004157852381467819,-0.0030650487169623375,-0.0014312881976366043,-0.3277463912963867,-0.3277463912963867,-0.6150082349777222,-0.6091516017913818,0.2659154534339905,-0.6760772466659546,0.380326509475708,0.8710535168647766,-0.33204329013824463,0.29090237617492676,0.29090237617492676,0.11170387268066406,0.181770920753479,0.181770920753479,-0.5269449353218079,0.6553653478622437,-0.23827683925628662,-0.45187997817993164,-0.2731175422668457,0.0,-0.28726184368133545,-0.2814052104949951,0.8809236884117126,-0.06692564487457275,0.11441105604171753,1.547130823135376,-0.7123697996139526,-0.5801511406898499,0.6229456663131714,-0.1791985034942627,-0.10913145542144775,0.07006704807281494,-0.7087158560752869,0.47359442710876465,0.28866809606552124,-1.1072453260421753,-0.03484070301055908,0.17876243591308594,-0.28726184368133545,-0.2814052104949951,1.1681854724884033,0.21447956562042236,-0.7665126323699951,1.6140564680099487,-0.8267808556556702,-2.127281904220581,1.335315465927124,0.40095263719558716,-0.7320771217346191,0.24926555156707764,-0.5995844006538391,0.4035273790359497,0.9973839521408081,-1.58083975315094,-0.3235087990760803,1.2860077619552612,0.21360313892364502,2.5291519165039062,2.5291519165039062,2.8871917724609375,2.8930482864379883,2.0179812908172607,2.0492143630981445,3.1056182384490967,2.614891290664673,1.7661107778549194,2.3992154598236084,2.3992154598236084,2.5136921405792236,2.7698774337768555,2.7698774337768555,1.9489130973815918,1.9716376066207886,2.8652796745300293,2.651676654815674,2.472914218902588,0.0,0.35803985595703125,0.36389636993408203,-0.8692104816436768,-0.8438339233398438,1.087636947631836,0.5656769275665283,-1.3395074605941772,-0.21567583084106445,0.633104681968689,0.11447668075561523,0.37066197395324707,0.25618529319763184,-0.8209643363952637,-0.7982398271560669,0.9163665771484375,0.6800390481948853,-0.3923654556274414,-0.17876243591308594,0.35803985595703125,0.36389636993408203,-1.227250337600708,-1.2077302932739258,1.9568474292755127,1.409510850906372,-2.4271445274353027,-0.7813527584075928,1.9726121425628662,0.3301525115966797,-0.2624427080154419,0.1417086124420166,-1.1916263103485107,-1.0544251203536987,1.7373309135437012,1.4782788753509521,-1.308732032775879,-0.8588014841079712,0.21360301971435547,0.5309770107269287,0.49702587723731995,0.5006405115127563,0.5034223198890686,0.588000476360321,0.34139710664749146,0.7310408353805542,0.7973507046699524,0.4158041477203369,0.6668357849121094,0.6384286880493164,0.6209142208099365,0.6279363036155701,0.6263232827186584,0.34944212436676025,0.6500777006149292,0.5906422138214111,0.4940277934074402,0.5460066795349121,-0.033951133489608765,-0.030336499214172363,0.006396442651748657,0.0873599648475647,-0.16202521324157715,0.14304035902023315,0.45595359802246094,-0.3152366876602173,-0.13051491975784302,0.2226245403289795,-0.04592156410217285,-0.010492384433746338,0.005409061908721924,-0.2784941792488098,0.023754417896270752,0.24120008945465088,-0.156049907207489,-0.04463553428649902,0.051978886127471924,0.0036146342754364014,0.04034757614135742,0.11769646406173706,-0.1684216558933258,0.05568039417266846,0.6179788112640381,-0.45827704668045044,-0.586468517780304,0.5378612279891968,0.08459335565567017,-0.23311692476272583,0.051330626010894775,-0.2680017948150635,0.018345355987548828,0.5196942687034607,-0.17980432510375977,-0.2858356237411499,0.20802879333496094,0.09661442041397095,0.36648494005203247,0.4770863652229309,0.4665864109992981,0.5833382606506348,0.4198710322380066,0.6865686178207397,0.660010576248169,0.3492238521575928,0.31729593873023987,0.21177661418914795,0.9073793292045593,0.9591239094734192,0.17117270827293396,1.3128365278244019,0.5000455975532532,0.5943794846534729,0.1701444685459137,0.7067286372184753,0.7858158349990845,0.11060142517089844,0.10010147094726562,0.10625189542770386,-0.046715378761291504,0.10323035717010498,0.24013954401016235,-0.337344765663147,-0.3427146375179291,-0.13744723796844482,0.5900833606719971,0.7473472952842712,-0.7362066507339478,0.35371261835098267,0.3288728892803192,-0.718457043170929,-0.3299011290073395,0.11234915256500244,0.6156713962554932,0.07908719778060913,-0.010499954223632812,-0.00434952974319458,-0.14681684970855713,-0.003021538257598877,0.28685492277145386,-0.44057512283325195,-0.582854151725769,0.19989752769470215,0.9327980279922485,0.8847945332527161,-1.3262900114059448,-0.3936346769332886,1.0650795698165894,-1.0721696615219116,-0.6587740182876587,0.8308061957359314,0.9455724954605103,-0.03326195478439331,-0.536584198474884,7.6233811378479,9.929659843444824,10.947622299194336,10.930148124694824,5.872800827026367,6.752532005310059,13.340302467346191,9.426155090332031,3.6506760120391846,6.8337626457214355,8.133658409118652,8.247132301330566,12.596390724182129,12.726655960083008,7.074707984924316,6.880677700042725,10.097049713134766,10.143195152282715,6.798117160797119,2.306278705596924,3.3242411613464355,1.00048828125,-5.074821472167969,-4.177616119384766,7.467501640319824,2.6736230850219727,-9.689626693725586,-2.5923924446105957,4.482982635498047,1.4133696556091309,4.462732315063477,4.479523658752441,-5.5216827392578125,-5.845978260040283,3.022341728210449,3.2625174522399902,-3.2989325523376465,-3.3450779914855957,1.0179624557495117,-1.3057904243469238,-8.399063110351562,-5.178104400634766,12.542323112487793,6.851239204406738,-17.157127380371094,-5.266015529632568,14.172609329223633,4.005762100219727,-0.020250320434570312,3.0661540031433105,-9.984415054321289,-10.325502395629883,8.544024467468262,9.108495712280273,-6.321274280548096,-6.607595443725586,-0.04614543914794922,-0.0009581956546753645,0.0013194226194173098,-0.000952317554038018,0.0014044829877093434,0.0017623950261622667,-0.0008488743333145976,0.0031346704345196486,-8.28834072308382e-06,0.00456101493909955,0.00033723097294569016,0.003108007600530982,0.0006352260243147612,0.0013168734731152654,0.00032649454078637064,0.0018546106293797493,0.001693599158897996,-2.757777474471368e-05,0.0028014853596687317,-0.00033527755294926465,0.0022776182740926743,5.878100637346506e-06,8.506036829203367e-05,0.0027147126384079456,-0.002253357321023941,0.0013722754083573818,0.0008405859698541462,0.0014263445045799017,0.00034551930730231106,-0.0014530073385685682,0.000297995051369071,-0.0017911341274157166,-0.0003087314835283905,0.0005377371562644839,0.0013671045890077949,-0.0018821883713826537,0.0011078862007707357,-0.0003076997818425298,-0.003136762883514166,-0.0022717402316629887,-0.0021925577893853188,0.00270883459597826,-0.0023384178057312965,-0.0013424372300505638,0.0030939432326704264,5.4069096222519875e-05,-0.0004950666334480047,-0.00287935184314847,-4.7524255933240056e-05,-0.0003381267888471484,-0.0006067265057936311,0.0023288712836802006,0.001675836043432355,-0.0024199255276471376,-0.0002592183882370591,0.001574488589540124,-0.004244648851454258,-0.002829063218086958,-68399096.0,-92352272.0,-101292536.0,-100435904.0,-50935252.0,-62131304.0,-133872000.0,-86197544.0,-29210168.0,-59949316.0,-73690000.0,-75951880.0,-121242184.0,-117924128.0,-62360552.0,-60140844.0,-95570944.0,-92704216.0,-58341684.0,-23953176.0,-32893440.0,-8083632.0,50357284.0,38304600.0,-82936752.0,-24066240.0,104661832.0,26248228.0,-44479832.0,-16002564.0,-47552184.0,-41972248.0,58881632.0,57783284.0,-33210392.0,-32563372.0,37229260.0,34362532.0,-8940264.0,15869544.0,83250720.0,46388232.0,-133294032.0,-62370840.0,187598592.0,50314468.0,-149141664.0,-42250792.0,-3072352.0,-25969684.0,106433816.0,99755536.0,-92092024.0,-90346656.0,70439648.0,66925904.0,-2866728.0,0.2451316863298416,0.34931886196136475,0.7612338662147522,0.7081001996994019,0.09922844916582108,0.23671767115592957,1.3504806756973267,1.1323506832122803,0.039813362061977386,0.20784282684326172,0.28384312987327576,0.2635287642478943,0.6257362365722656,0.6213201284408569,0.16060775518417358,0.17414821684360504,0.4252750873565674,0.5235220193862915,0.27785128355026245,0.10418717563152313,0.5161021947860718,0.3587813377380371,-0.6620054244995117,-0.4713825285434723,1.2512521743774414,0.8956329822540283,-1.3106672763824463,-0.9245078563690186,0.24402976036071777,0.05568593740463257,0.34189310669898987,0.35779136419296265,-0.46512848138809204,-0.4471719264984131,0.2646673321723938,0.34937381744384766,-0.14742380380630493,-0.24567073583602905,0.41191500425338745,0.2545941472053528,-1.1781076192855835,-0.830163836479187,1.9132575988769531,1.3670154809951782,-2.5619194507598877,-1.8201408386230469,1.554697036743164,0.9801937937736511,0.0978633463382721,0.3021054267883301,-0.8070216178894043,-0.8049632906913757,0.7297958135604858,0.7965457439422607,-0.41209113597869873,-0.5950445532798767,-0.09824693202972412,0.02011995017528534,-0.03779364377260208,-0.059198904782533646,0.06060759723186493,0.12412700057029724,-0.11133880913257599,-0.024400711059570312,0.10947349667549133,-0.01855890080332756,-0.01634299010038376,0.032223474234342575,-0.02643590420484543,0.05871821194887161,-0.002270633354783058,-0.07155247777700424,0.11640770733356476,0.07443077117204666,-0.10431551188230515,-0.06179395318031311,-0.05791359394788742,-0.07931885123252869,0.09840124100446701,0.1833259016275406,-0.17194640636444092,-0.14852771162986755,0.22081230580806732,0.005841810256242752,-0.1258164942264557,0.050782375037670135,-0.01009291410446167,0.026494737714529037,0.02416527085006237,-0.13027068972587585,0.11867833882570267,0.1459832489490509,-0.2207232117652893,-0.13622471690177917,0.042521558701992035,-0.021405257284641266,0.15631483495235443,0.26264476776123047,-0.2703476548194885,-0.33185362815856934,0.39275872707366943,0.15436951816082,-0.3466287851333618,0.04494056478142738,0.11572358012199402,-0.024287637323141098,0.03425818681716919,-0.1567654311656952,0.09451306611299515,0.27625393867492676,-0.3394015431404114,-0.2822079658508301,0.26324477791786194,0.1787462830543518,0.5361282229423523,0.6089987754821777,0.6335912346839905,0.6323674321174622,0.4019756019115448,0.4552270472049713,0.7095441222190857,0.5565584897994995,0.3701131343841553,0.5080819129943848,0.5517435669898987,0.5569713711738586,0.6812351942062378,0.6947232484817505,0.4977535009384155,0.4550758898258209,0.6006161570549011,0.5839868187904358,0.49277040362358093,0.07287055253982544,0.09746301174163818,0.023368656635284424,-0.23161563277244568,-0.17714038491249084,0.3075685203075409,0.1013314425945282,-0.3394309878349304,-0.048476576805114746,0.1816304326057434,0.04888945817947388,0.1294916272163391,0.13775187730789185,-0.18348169326782227,-0.23964735865592957,0.1028626561164856,0.12891092896461487,-0.10784575343132019,-0.09121641516685486,0.024592459201812744,-0.049501895904541016,-0.32907864451408386,-0.20050904154777527,0.5391841530799866,0.27847182750701904,-0.6469994783401489,-0.14980801939964294,0.5210614204406738,0.09736603498458862,-0.0521388053894043,0.08886241912841797,-0.3129733204841614,-0.3773992359638214,0.28634434938430786,0.36855828762054443,-0.2107084095478058,-0.22012734413146973,0.016629338264465332,0.2874334752559662,0.37087953090667725,0.4014378488063812,0.3998886048793793,0.16158437728881836,0.20723165571689606,0.5034528374671936,0.3097573220729828,0.1369837373495102,0.2581472098827362,0.30442094802856445,0.31021711230278015,0.46408140659332275,0.4826403856277466,0.24775855243206024,0.20709405839443207,0.3607397675514221,0.34104058146476746,0.24282267689704895,0.08344605565071106,0.11400437355041504,0.029009073972702026,-0.23985347151756287,-0.19265694916248322,0.34186846017837524,0.10252566635608673,-0.3664690852165222,-0.05161011219024658,0.16743721067905426,0.052069902420043945,0.1596604585647583,0.17242327332496643,-0.2163228541612625,-0.2755463123321533,0.11298121511936188,0.1339465230703354,-0.11791709065437317,-0.0982179045677185,0.03055831789970398,-0.05443698167800903,-0.3538578450679779,-0.22166602313518524,0.5817219018936157,0.29518261551856995,-0.7083375453948975,-0.1541357785463333,0.5339062809944153,0.10368001461029053,-0.0077767521142959595,0.12035337090492249,-0.3759832978248596,-0.44796958565711975,0.3293040692806244,0.4094928503036499,-0.23089830577373505,-0.2321644276380539,0.019699186086654663,-0.5439828038215637,-0.214671790599823,-0.10994766652584076,-0.5976248979568481,-0.13411739468574524,-0.5832313895225525,0.6565167307853699,0.7962871789932251,-0.5461158156394958,0.2630119323730469,0.214462548494339,0.23196323215961456,-0.2436993569135666,-0.02584930881857872,-0.17287592589855194,0.17222239077091217,-0.546416163444519,-0.08561809360980988,-0.15872089564800262,0.3293110132217407,0.43403512239456177,-0.38295310735702515,-0.02416972815990448,0.014393508434295654,0.7906341552734375,1.3795185089111328,-1.2026325464248657,-0.5332752466201782,0.7605783939361572,-0.031048700213432312,-0.4581618905067444,-0.2578125298023224,0.07082343101501465,0.1980717033147812,-0.3735402226448059,-0.25784048438072205,0.3876952528953552,-0.07310280203819275,0.10472410917282104,-0.7122641205787659,-0.45820486545562744,0.3973466157913208,0.8148038983345032,1.3651249408721924,-1.9932667016983032,-1.912793755531311,1.963210940361023,0.5022265315055847,-1.2187402248382568,-0.22676382958889008,0.528985321521759,0.4558842182159424,-0.44436365365982056,-0.45591217279434204,0.7612354755401611,0.1847376823425293,-0.460798054933548,2.8092427253723145,2.1117773056030273,2.582087755203247,2.9335076808929443,2.894716501235962,2.314751386642456,2.948101043701172,3.3633556365966797,2.9693567752838135,3.0189290046691895,2.5279316902160645,2.5881948471069336,2.2030162811279297,2.051103115081787,2.149012327194214,2.1037375926971436,2.720355987548828,2.2861509323120117,3.1961276531219482,-0.6974654197692871,-0.22715497016906738,0.821730375289917,0.31262874603271484,-0.6187562942504883,0.05338454246520996,1.0486042499542236,0.0212557315826416,-0.34442663192749023,-0.441425085067749,-0.43073415756225586,-0.32491540908813477,-0.5370917320251465,-0.05400395393371582,0.052634477615356445,0.5713436603546143,0.18241333961486816,0.4757716655731201,0.9099767208099365,0.4703104496002197,1.519195795059204,0.5397837162017822,-1.4404866695404053,-0.2592442035675049,1.667360544204712,-0.03212881088256836,-1.3930308818817139,-0.4626808166503906,-0.08630752563476562,0.11650967597961426,-0.10635757446289062,0.27091145515441895,0.5897262096405029,0.6253476142883301,0.12977886199951172,-0.09557199478149414,0.7275633811950684,0.4342050552368164,20.53615951538086,-37.84406280517578,-58.78776168823242,60.65458297729492,123.9998779296875,-110.84429931640625,-24.907258987426758,109.5542984008789,-19.195842742919922,-15.997234344482422,31.87879180908203,-25.316448211669922,58.5406494140625,-1.3359723091125488,-71.88074493408203,116.3758544921875,74.69195556640625,-104.75434875488281,-61.40102767944336,-58.38022232055664,-79.32392120361328,98.49864196777344,182.7876434326172,-171.49888610839844,-148.90713500976562,220.39859008789062,5.711416244506836,-125.55152893066406,51.07463455200195,-9.3192138671875,26.66185760498047,23.98047637939453,-130.42138671875,117.71183013916016,146.57269287109375,-221.1302032470703,-136.09298706054688,43.35332107543945,-20.94369888305664,156.8788604736328,262.111572265625,-269.9975280761719,-331.69476318359375,391.8974609375,154.61854553222656,-345.95013427734375,45.36322021484375,116.23231506347656,-24.412776947021484,33.29969024658203,-157.083251953125,93.73135375976562,276.99407958984375,-338.842041015625,-282.6656799316406,264.4835205078125,179.44630432128906,0.14437691867351532,-0.04088864475488663,-0.11907032132148743,0.18186697363853455,0.19937670230865479,-0.05336828529834747,-0.1702662706375122,0.12884944677352905,0.008898715488612652,-0.012407483533024788,0.066690593957901,-0.07752580940723419,0.14790360629558563,0.05334436148405075,-0.1657143235206604,0.23572832345962524,0.2928648591041565,-0.2376260608434677,-0.1175452470779419,-0.18526557087898254,-0.26344722509384155,0.22275561094284058,0.3184470236301422,-0.23523525893688202,-0.369642972946167,0.18221773207187653,0.17916499078273773,-0.1412569284439087,0.057791877537965775,-0.06511832773685455,0.08121301233768463,0.13087016344070435,-0.3136179447174072,0.1823839545249939,0.4585791826248169,-0.47335439920425415,-0.4104101061820984,0.12008081376552582,-0.07818165421485901,0.4080211818218231,0.5818942785263062,-0.4579908847808838,-0.6880899667739868,0.41745299100875854,0.5488079786300659,-0.323474645614624,-0.12137311697006226,0.07613860070705414,0.023421134799718857,0.1959884911775589,-0.39483094215393066,0.05151379108428955,0.7721971273422241,-0.655738353729248,-0.8689892888069153,0.5934352278709412,0.5304909348487854
0.024838512763381004,0.014399698004126549,-0.0989106222987175,0.037337951362133026,-0.060218580067157745,-0.00762852281332016,0.0013703688746318221,-0.060887161642313004,-0.01762436144053936,-0.006837545428425074,0.0023010019212961197,-0.05017507076263428,-0.020620660856366158,0.027622001245617867,-0.025251511484384537,-0.10156198590993881,0.018321357667446136,0.031139163300395012,-0.029737865552306175,-0.010438814759254456,-0.12374913692474365,0.022938253358006477,0.03869204223155975,-0.044966474175453186,0.06158895045518875,-0.053258638828992844,-0.018994729965925217,0.05404961481690407,0.01992536336183548,-0.04333752393722534,-0.022921662777662277,0.077797070145607,-0.004630850628018379,-0.12918399274349213,0.04357286915183067,0.13270114362239838,-0.04805922508239746,-0.06087702885270119,-0.1133103221654892,0.033377066254615784,0.1624411791563034,-0.06790472567081451,0.022896908223628998,-0.008292164653539658,-0.08058367669582367,0.10730825364589691,0.038920093327760696,-0.09738713502883911,-0.04284702613949776,0.12113459408283234,0.018290812149643898,-0.20698106288909912,0.0482037216424942,0.2618851363658905,-0.09163209795951843,-0.19357816874980927,-0.012817803770303726,0.5138474702835083,0.47550174593925476,0.43763357400894165,0.40018230676651,0.4054005742073059,0.3834042251110077,0.4234663248062134,0.4386499524116516,0.4210708737373352,0.43703529238700867,0.4023856222629547,0.4032682776451111,0.3652064800262451,0.32536786794662476,0.3458731472492218,0.49557554721832275,0.5034317374229431,0.3953820466995239,0.3489273190498352,-0.03834572434425354,-0.07621389627456665,-0.07531943917274475,-0.03223299980163574,-0.01677808165550232,0.01806575059890747,0.05524572730064392,-0.002395451068878174,-0.0016146600246429443,-0.018685251474380493,-0.03376701474189758,-0.037179142236709595,-0.07790040969848633,-0.019333332777023315,0.170207679271698,0.1575585901737213,-0.10019350051879883,-0.1545044183731079,-0.04645472764968872,-0.03786817193031311,-0.03697371482849121,0.04398089647293091,0.05854135751724243,0.05029875040054321,0.07202380895614624,-0.020461201667785645,-0.056860387325286865,-0.01628980040550232,-0.03215235471725464,-0.0184938907623291,-0.044133394956588745,0.01784580945968628,0.24810808897018433,0.17689192295074463,-0.2704011797904968,-0.3120630085468292,0.05373877286911011,0.10804969072341919,3.205239772796631,3.205239772796631,1.1753276586532593,1.3584922552108765,1.3584922552108765,1.2393922805786133,1.2393922805786133,1.294666051864624,1.3246229887008667,1.3518518209457397,1.368738055229187,1.7151812314987183,1.7151812314987183,1.2241662740707397,1.2241662740707397,1.9501336812973022,1.9501336812973022,1.1467814445495605,0.9998098015785217,0.0,-2.029911994934082,-1.8467475175857544,0.1831645965576172,-0.11909997463226318,-0.11909997463226318,0.05527377128601074,0.08523070812225342,0.05718576908111572,0.04411506652832031,0.3633294105529785,0.34644317626953125,-0.4910149574279785,-0.4910149574279785,0.7259674072265625,0.7259674072265625,-0.8033522367477417,-0.9503238797187805,-0.14697164297103882,-2.029911994934082,-1.8467475175857544,2.213076591491699,1.7276475429534912,-0.30226457118988037,0.17437374591827393,0.2043306827545166,0.0019119977951049805,-0.041115641593933105,0.3061436414718628,0.30232810974121094,-0.854344367980957,-0.8374581336975098,1.216982364654541,1.216982364654541,-1.5293196439743042,-1.6762912273406982,0.6563805937767029,0.8033522367477417,3.205239772796631,3.205239772796631,1.4089901447296143,1.3584922552108765,1.3584922552108765,1.2393922805786133,1.2393922805786133,1.294666051864624,1.4225597381591797,1.4225597381591797,1.6946431398391724,1.7151812314987183,1.7151812314987183,1.2241662740707397,1.8178796768188477,2.8916945457458496,2.8916945457458496,1.168935775756836,1.168935775756836,0.0,-1.7962496280670166,-1.8467475175857544,-0.05049788951873779,-0.11909997463226318,-0.11909997463226318,0.05527377128601074,0.1831674575805664,0.12789368629455566,0.2720834016799927,0.2926214933395386,0.0205380916595459,-0.4910149574279785,0.1026984453201294,1.6675282716751099,1.073814868927002,-1.7227587699890137,-1.7227587699890137,0.0,-1.7962496280670166,-1.8467475175857544,1.7457517385482788,1.7276475429534912,-0.06860208511352539,0.17437374591827393,0.3022674322128296,0.07261991500854492,0.08891594409942627,0.1647278070449829,-0.2515453100204468,-0.7836364507675171,0.0821603536605835,2.158543109893799,0.9711164236068726,-3.390286922454834,-2.7965736389160156,1.7227587699890137,1.7227587699890137,-1.6461843252182007,-1.4089901447296143,-1.4089901447296143,-1.0698450803756714,-1.015199065208435,-1.015199065208435,-1.2319272756576538,-1.2319272756576538,-1.4225597381591797,-1.4225597381591797,-1.6946431398391724,-1.6946431398391724,-1.0894081592559814,-1.1019834280014038,-1.8178796768188477,-2.8916945457458496,-2.8916945457458496,-1.168935775756836,-1.168935775756836,0.23719418048858643,0.23719418048858643,0.33914506435394287,0.3937910795211792,0.05464601516723633,-0.21672821044921875,-0.21672821044921875,-0.19063246250152588,-0.19063246250152588,-0.2720834016799927,-0.2720834016799927,0.6052349805831909,0.5926597118377686,-0.7284715175628662,-1.7897111177444458,-1.073814868927002,1.7227587699890137,1.7227587699890137,0.0,0.0,0.10195088386535645,0.15659689903259277,-0.28449904918670654,-0.610519289970398,-0.2713742256164551,0.02609574794769287,0.02609574794769287,-0.0814509391784668,-0.0814509391784668,0.8773183822631836,0.8647431135177612,-1.3337064981460571,-2.382370948791504,-0.34534335136413574,3.51246976852417,2.7965736389160156,-1.7227587699890137,-1.7227587699890137,0.00023291585966944695,0.00023291585966944695,0.0020501017570495605,0.0011457339860498905,0.0011457339860498905,0.001090883743017912,0.001090883743017912,0.002328147878870368,0.003936789929866791,0.0027264594100415707,0.0027264594100415707,0.0012644114904105663,0.0012644114904105663,0.0017889708979055285,0.0020398269407451153,0.00037478236481547356,0.0002714555594138801,0.0002714555594138801,0.0,0.0,0.0018171858973801136,0.0009128181263804436,-0.00090436777099967,-5.485024303197861e-05,-5.485024303197861e-05,0.001237264135852456,0.002845906186848879,0.00039831153117120266,-0.00121033051982522,-0.0014620479196310043,-0.0014620479196310043,0.0005245594074949622,0.000775415450334549,-0.001414188533090055,-0.0017683713231235743,-0.00010332680540159345,-0.0002714555594138801,-0.0002714555594138801,0.0018171858973801136,0.0009128181263804436,-0.0027215536683797836,-0.0009676683694124222,0.0008495175279676914,0.0012921143788844347,0.0029007564298808575,-0.0008389526046812534,-0.004056236706674099,-0.001860359450802207,-0.0002517173998057842,0.0019866074435412884,0.0022374633699655533,-0.0019387479405850172,-0.002543786773458123,0.0013108616694808006,0.0014969157055020332,-0.00016812875401228666,0.0,1.5590554475784302,1.7962496280670166,-0.23366248607635498,0.2886471748352051,0.3432931900024414,0.22419321537017822,0.007465004920959473,0.06273877620697021,-0.09793674945831299,-0.07070791721343994,-0.32590508460998535,0.0205380916595459,0.6257730722427368,0.12218284606933594,-0.5937134027481079,-0.9415608644485474,-0.9415608644485474,-0.02215433120727539,-0.1691259741783142,0.23719418048858643,-1.7927179336547852,-1.5076024532318115,0.5769556760787964,-0.06445395946502686,-0.33582818508148193,-0.161454439163208,-0.10540175437927246,-0.13344669342041016,-0.22796833515167236,0.09124600887298584,0.9516781568527222,0.10164475440979004,-1.2194864749908447,-1.0637437105178833,-0.34784746170043945,0.919406533241272,0.7724348902702332,-0.14697164297103882,-2.029911994934082,-1.744796633720398,2.369673728942871,1.4431484937667847,-0.9127838611602783,-0.09700047969818115,0.23042643070220947,0.02800774574279785,-0.1225665807723999,0.224692702293396,1.1796464920043945,0.0103987455368042,-2.1711645126342773,-1.1653884649276733,0.8716390132904053,1.9831502437591553,1.1202824115753174,-1.066378116607666,-0.919406533241272,4.851424217224121,4.614230155944824,2.584317684173584,2.428337335586548,2.3736913204193115,2.254591464996338,2.4713196754455566,2.5265932083129883,2.747182846069336,2.774411678314209,3.0633811950683594,3.4098243713378906,2.80458927154541,2.3261497020721436,3.042046070098877,4.841828346252441,4.841828346252441,2.3157172203063965,2.168745517730713,-0.23719406127929688,-2.267106533050537,-2.1858928203582764,-0.21062636375427246,-0.17374587059020996,0.09762835502624512,0.2720017433166504,0.2758631706237793,0.2478184700012207,0.31619834899902344,0.6354126930236816,-0.2587919235229492,-1.083674669265747,0.2374567985534668,2.515678644180298,1.7997822761535645,-2.526111125946045,-2.6730828285217285,-0.1469717025756836,-2.0299124717712402,-1.9486987590789795,2.0564801692962646,2.0121469497680664,0.3082547187805176,0.44574761390686035,0.17823481559753418,-0.024183273315429688,0.04033517837524414,0.38759422302246094,-0.5749902725219727,-1.7190873622894287,0.496248722076416,3.599353313446045,1.5623254776000977,-5.041790008544922,-4.472865104675293,2.3791394233703613,2.526111125946045,1.3313218355178833,1.3897051811218262,0.5685580968856812,0.6854662895202637,0.689338207244873,0.6423264741897583,0.6129727959632874,0.6282947063446045,0.6443240642547607,0.6397302150726318,0.6527948975563049,0.8212297558784485,0.8799293041229248,0.6557207107543945,0.6194345355033875,0.8136186599731445,0.8277074694633484,0.5954972505569458,0.5442714691162109,0.05838334560394287,-0.7627637386322021,-0.7042388916015625,0.1207801103591919,-0.04313981533050537,-0.0763654112815857,-0.014031767845153809,0.03135126829147339,0.011435508728027344,0.00847083330154419,0.18149954080581665,0.22713440656661987,-0.16550904512405396,-0.26049476861953735,0.15789794921875,0.20827293395996094,-0.21812140941619873,-0.28343600034713745,-0.05122578144073486,-0.821147084236145,-0.7626222372055054,0.883543848991394,0.6610990762710571,-0.1971455216407776,0.029108047485351562,0.10771667957305908,0.025467276573181152,-0.0228804349899292,0.1700640320777893,0.21866357326507568,-0.3470085859298706,-0.4876291751861572,0.32340699434280396,0.4687677025794983,-0.37601935863494873,-0.4917089343070984,0.16689562797546387,0.2322102189064026,0.0128586795181036,0.12996283173561096,0.17683126032352448,0.005807145033031702,0.27624502778053284,0.13493072986602783,0.4053420126438141,0.06239950656890869,0.5770825147628784,1.3246229887008667,0.238597109913826,0.28675132989883423,0.42060157656669617,0.15186607837677002,1.0746822357177734,0.6167004704475403,0.28179922699928284,0.07678435742855072,0.14809924364089966,0.11710415035486221,0.16397258639335632,-0.1241556853055954,0.09941376745700836,0.12912358343601227,0.12909698486328125,-0.07253122329711914,0.17174050211906433,1.262223482131958,-0.3384854197502136,-1.0378715991973877,0.18200446665287018,-0.1348852515220642,0.6540806293487549,0.46483439207077026,-0.792883038520813,-0.5399160981178284,-0.13369998335838318,0.07131488621234894,0.04686843603849411,-0.2412598431110382,-0.06455881893634796,0.25327926874160767,0.029683217406272888,-0.2016548067331314,0.04264351725578308,1.3347547054290771,-0.5102258920669556,-2.3000950813293457,0.5204898715019226,0.9029863476753235,0.4720761775970459,0.5997196435928345,-1.4469636678695679,-1.0047504901885986,0.6591830253601074,0.6112309694290161,0.20501486957073212,13.870112419128418,11.682114601135254,7.538873195648193,6.368752956390381,6.226864814758301,5.72244930267334,6.899865627288818,7.442992210388184,7.3743181228637695,8.231880187988281,7.978926658630371,7.855095386505127,5.9596266746521,5.014828681945801,6.297237873077393,13.625237464904785,12.720967292785645,5.677717685699463,4.700860500335693,-2.187997817993164,-6.331239223480225,-5.313361644744873,-1.3120083808898926,-0.646303653717041,0.6730008125305176,1.7205429077148438,0.47445249557495117,0.7888879776000977,0.6046085357666016,-0.3767848014831543,-2.0192999839782715,-2.840266704559326,0.33761119842529297,8.610408782958984,6.423729419708252,-7.947519779205322,-8.02010726928711,-0.9768571853637695,-4.1432414054870605,-3.125363826751709,5.019230842590332,4.667057991027832,1.9850091934204102,2.3668465614318848,-0.1985483169555664,-0.9316549301147461,0.1301560401916504,-1.165672779083252,-2.623908519744873,-2.463481903076172,2.3569111824035645,11.450675964355469,6.086118221282959,-16.55792808532715,-14.443836212158203,6.970662593841553,7.04325008392334,0.0005348846898414195,-0.00015909940702840686,0.00010608450975269079,-9.21588798519224e-06,-0.0008826947305351496,0.0008354138699360192,0.0016348937060683966,0.0008920067339204252,0.0013397675938904285,0.0015122909098863602,0.0010690951021388173,0.0012469408102333546,0.005408137105405331,-0.00014942670532036573,0.00504487007856369,-0.0006525301723740995,0.0004927340778522193,0.0019276265520602465,-0.000251326389843598,-0.0006939840968698263,-0.00042880018008872867,0.00014988351904321462,-0.0009887792402878404,0.0008446297724731266,0.002517588436603546,5.6592863984405994e-05,-0.000295126112177968,0.000620284175965935,-0.00027067249175161123,-0.0002653500996530056,0.004339042119681835,-0.001396367559209466,-0.00036326702684164047,-0.000503103481605649,-0.004552136175334454,0.002580156782642007,-0.0007440604967996478,-0.002178953029215336,0.00026518391678109765,0.0008438676013611257,-0.0005599790601991117,0.0006947462679818273,0.0035063675604760647,-0.0007880369084887207,-0.002812714548781514,0.000563691311981529,2.4453620426356792e-05,-0.0008856342756189406,0.004609714727848768,-0.0011310174595564604,-0.004702309146523476,0.000893264077603817,-0.004188869148492813,0.003083260264247656,0.003808075562119484,-0.004759109579026699,-0.001434892532415688,-122416296.0,-102487216.0,-64348372.0,-52119772.0,-51447676.0,-47281608.0,-59251744.0,-63424808.0,-62132928.0,-70509208.0,-66930728.0,-65277168.0,-49170996.0,-41354376.0,-52222900.0,-119317520.0,-110999528.0,-46122788.0,-37747568.0,19929080.0,58067924.0,50367444.0,12900696.0,4838164.0,-7804068.0,-16143200.0,-2881184.0,-7084400.0,-4797800.0,5232040.0,17759732.0,23922792.0,-3051904.0,-77963144.0,-58776628.0,73194736.0,73251960.0,8375220.0,38138844.0,30438364.0,-45167228.0,-45529280.0,-20704764.0,-20981364.0,4922884.0,9058800.0,-1916616.0,12316440.0,22557532.0,18690752.0,-20811636.0,-101885936.0,-55724724.0,151157888.0,132028592.0,-64819516.0,-64876740.0,13.483107566833496,13.058586120605469,0.23027746379375458,0.14833681285381317,0.11627336591482162,0.1010855957865715,0.15805944800376892,0.16098010540008545,0.273072749376297,0.37783533334732056,0.5607522130012512,0.6812970042228699,0.31288236379623413,0.11181299388408661,0.540523111820221,8.358443260192871,7.940266132354736,0.07923595607280731,0.05303202569484711,-0.42452144622802734,-13.252830505371094,-12.910249710083008,-0.11400409787893295,-0.04725121706724167,0.041786082088947296,0.05989450961351395,0.11501330137252808,0.2168552279472351,0.2876794636249542,0.3034616708755493,-0.2478698492050171,-0.5694839954376221,0.22764074802398682,8.246630668640137,7.39974308013916,-8.279207229614258,-7.887234210968018,-0.026203930377960205,-12.828309059143066,-12.48572826385498,13.138826370239258,12.862998962402344,0.15579017996788025,0.10714572668075562,0.07322721928358078,0.15696072578430176,0.17266616225242615,0.08660644292831421,-0.5355492830276489,-0.8729456663131714,0.4755105972290039,8.81611442565918,7.172102451324463,-16.525836944580078,-15.286977767944336,8.253003120422363,7.861030101776123,0.012576904147863388,0.007179752923548222,-0.04966048151254654,0.01874133199453354,-0.030576564371585846,-0.0036527931224554777,0.0008079464314505458,-0.03118150867521763,-0.008753065951168537,-0.003964239731431007,0.0012778444215655327,-0.02493847720324993,-0.00962196197360754,0.013688366860151291,-0.01201713364571333,-0.051343221217393875,0.00927271693944931,0.015911025926470757,-0.01500246487557888,-0.0053971512243151665,-0.06223738566040993,0.011561579070985317,0.019083917140960693,-0.022394124418497086,0.031384509056806564,-0.02752871625125408,-0.009561012499034405,0.02721726894378662,0.01003091037273407,-0.020974237471818924,-0.010899806395173073,0.03862684220075607,-0.002395171672105789,-0.06503158807754517,0.021289851516485214,0.06725424528121948,-0.02427518181502819,-0.030913490802049637,-0.056840233504772186,0.016958730295300484,0.08132129907608032,-0.03395570442080498,0.012300591915845871,-0.005134591832756996,-0.040945522487163544,0.05474598705768585,0.01959192380309105,-0.048191506415605545,-0.020930716767907143,0.059601079672575,0.008504634723067284,-0.10365843027830124,0.023685023188591003,0.13228583335876465,-0.045565031468868256,-0.09816773235797882,-0.006638308987021446,0.7248405814170837,0.6654520034790039,0.5254544615745544,0.49003320932388306,0.4821980893611908,0.4657905697822571,0.5115364789962769,0.5277826189994812,0.5285390615463257,0.5586952567100525,0.5500805377960205,0.5434844493865967,0.474960595369339,0.4352225661277771,0.4880354702472687,0.7116108536720276,0.6943309307098389,0.46298062801361084,0.421176940202713,-0.059388577938079834,-0.1993861198425293,-0.17541879415512085,-0.04325637221336365,-0.024242639541625977,0.02933838963508606,0.06199204921722412,0.017002582550048828,0.03091263771057129,0.021541476249694824,-0.01521080732345581,-0.07511994242668152,-0.10826188325881958,0.013074874877929688,0.2763882875442505,0.2062954604625702,-0.24863022565841675,-0.27315399050712585,-0.04180368781089783,-0.13999754190444946,-0.11603021621704102,0.15612974762916565,0.15117615461349487,0.07259476184844971,0.0862346887588501,-0.012335807085037231,-0.031079411506652832,0.004538893699645996,-0.0461234450340271,-0.09666141867637634,-0.09305107593536377,0.0881948173046112,0.38465017080307007,0.1932205855846405,-0.5250185132026672,-0.47944945096969604,0.20682653784751892,0.23135030269622803,0.5253938436508179,0.4428263306617737,0.2761023938655853,0.24013255536556244,0.23251500725746155,0.2169608473777771,0.2616695463657379,0.2785544991493225,0.2793535590171814,0.3121403753757477,0.3025885820388794,0.29537537693977356,0.22558757662773132,0.18941867351531982,0.23817862570285797,0.5063900351524353,0.48209547996520996,0.21435107290744781,0.17739002406597137,-0.08256751298904419,-0.24929144978523254,-0.20269377529621124,-0.04358738660812378,-0.02317170798778534,0.029154539108276367,0.06159365177154541,0.01768401265144348,0.03358587622642517,0.023235023021697998,-0.01676499843597412,-0.07700100541114807,-0.10595670342445374,0.012591049075126648,0.3169713616371155,0.243916854262352,-0.2920389771461487,-0.3047054409980774,-0.03696104884147644,-0.16672393679618835,-0.12012626230716705,0.20570406317710876,0.1795220673084259,0.07274192571640015,0.08476535975933075,-0.011470526456832886,-0.02800777554512024,0.005551010370254517,-0.05035087466239929,-0.10023602843284607,-0.08919170498847961,0.08959205448627472,0.4229280650615692,0.23132580518722534,-0.6090103387832642,-0.5486223101615906,0.25507792830467224,0.26774439215660095,0.9944964051246643,1.549136996269226,0.014797773212194443,0.057478852570056915,0.23857799172401428,0.06768790632486343,-0.08598128706216812,-0.0516776368021965,-0.30085834860801697,0.15396924316883087,0.34071803092956543,0.3732912838459015,0.39111706614494324,0.08590923994779587,-0.440938800573349,-0.6036777496337891,-0.7884145975112915,-0.12580816447734833,0.02668791450560093,0.5546405911445618,-0.979698657989502,-1.491658091545105,0.22378021478652954,0.010209053754806519,-0.3245592713356018,-0.11936554312705994,-0.21487706899642944,0.20564687252044678,0.6415764093399048,0.21932204067707062,0.05039903521537781,-0.287382036447525,-0.8320558667182922,-0.6895869970321655,-0.3474757969379425,0.47786957025527954,0.8151025176048279,0.1524960845708847,-1.534339189529419,-2.0462987422943115,1.2034788131713867,1.5018671751022339,-0.5483394861221313,-0.12957459688186646,0.10968220233917236,0.3250124156475067,0.8564534783363342,0.01367516815662384,-0.5911773443222046,-0.5067040920257568,-0.8824548721313477,-0.4022049605846405,0.48458006978034973,1.1674566268920898,1.1625783443450928,-0.32537347078323364,-0.662606418132782,6.742701530456543,8.539382934570312,2.568310022354126,2.630521297454834,2.495756149291992,2.6053953170776367,2.4974496364593506,2.249887466430664,2.877519130706787,2.996077537536621,3.730909824371338,4.223012924194336,3.833810329437256,3.4006717205047607,4.795470237731934,5.752448081970215,6.315431118011475,2.3049581050872803,2.454272747039795,1.7966814041137695,-4.174391746520996,-5.9088616371154785,-0.07255387306213379,-0.025125980377197266,0.0016934871673583984,-0.35550785064697266,0.3800694942474365,0.746190071105957,0.8533906936645508,1.2269353866577148,0.10290050506591797,-0.8223412036895752,0.9616599082946777,2.351776361465454,1.519960880279541,-3.4474899768829346,-3.8611583709716797,0.14931464195251465,-5.971073150634766,-7.705543041229248,4.101838111877441,5.883735656738281,0.07424736022949219,-0.3303818702697754,0.3783760070800781,1.1016979217529297,0.47332119941711426,0.4807453155517578,-0.7504901885986328,-2.04927659034729,0.8587594032287598,3.1741175651550293,0.5583009719848633,-5.799266338348389,-5.381119251251221,3.596804618835449,4.010473251342773,12.46893310546875,7.2286481857299805,-49.653133392333984,18.74365234375,-30.229726791381836,-3.8295185565948486,0.6879251599311829,-30.56535530090332,-8.847429275512695,-3.432447910308838,1.1551029682159424,-25.187885284423828,-10.351572036743164,13.866244316101074,-12.67625904083252,-50.98411560058594,9.197321891784668,15.63185977935791,-14.9284086227417,-5.2402849197387695,-62.122066497802734,11.51500415802002,19.42340660095215,-22.573171615600586,30.917652130126953,-26.735836029052734,-9.535354614257812,27.13290786743164,10.002532005310059,-21.75543785095215,-11.506674766540527,39.05413055419922,-2.3246870040893555,-64.85035705566406,21.873580932617188,66.61597442626953,-24.125730514526367,-30.56026840209961,-56.88178253173828,16.75528907775879,81.54547119140625,-34.08817672729492,11.494245529174805,-4.162664413452148,-40.453006744384766,53.868743896484375,19.537887573242188,-48.888343811035156,-21.509206771850586,60.8095703125,9.181987762451172,-103.90448760986328,24.19826889038086,131.46633911132812,-45.99931335449219,-97.17623901367188,-6.434537887573242,0.013269361108541489,-0.050333306193351746,-0.10566756129264832,0.07221603393554688,-0.04666460305452347,0.040711089968681335,0.06338506191968918,-0.011748144403100014,0.023826839402318,-0.04409618303179741,-0.06639866530895233,-0.057927992194890976,0.01651819795370102,0.021035294979810715,-0.011780436150729656,-0.0771317183971405,0.06548379361629486,0.07515418529510498,-0.02419772744178772,-0.06360267102718353,-0.1189369261264801,0.12254934012889862,0.05900295823812485,-0.03150494396686554,0.11004966497421265,-0.0524592325091362,-0.03955822438001633,-0.032348036766052246,-0.09022550284862518,-0.013831809163093567,0.08291686326265335,0.07896328717470169,-0.02829863503575325,-0.09816701710224152,0.0772642269730568,0.15228590369224548,-0.08968152105808258,-0.0993519127368927,-0.05533425509929657,0.18615201115608215,0.17793989181518555,-0.15405428409576416,0.0510467067360878,-0.02095428854227066,-0.14960789680480957,0.020111195743083954,-0.050667278468608856,0.01851622760295868,0.17314237356185913,0.09279509633779526,-0.1112155020236969,-0.1771303117275238,0.10556286573410034,0.2504529356956482,-0.16694575548171997,-0.2516378164291382,-0.00967039167881012
-0.15764084458351135,0.0796547681093216,0.03635208308696747,-0.15358476340770721,-0.07931631058454514,0.07479635626077652,-0.062131524085998535,-0.10530399531126022,0.020977916195988655,0.012791259214282036,-0.0596967488527298,-0.0912242904305458,-0.05282972753047943,0.024545542895793915,-0.003068240126594901,-0.20537343621253967,-0.07553526759147644,0.213211789727211,-0.13964354991912842,0.23729561269283295,0.19399292767047882,-0.2332395315170288,-0.1156683936715126,0.22838112711906433,0.0171847864985466,-0.18010035157203674,0.08310943841934204,0.11809525638818741,-0.0806746631860733,-0.10401555150747299,0.006867021322250366,0.11576983332633972,0.049761489033699036,-0.22991898655891418,-0.07246702909469604,0.41858524084091187,-0.06410828232765198,-0.3528553247451782,-0.043302685022354126,-0.47053515911102295,-0.309661328792572,0.46162065863609314,0.1328531801700592,-0.4084814786911011,0.06592465192079544,0.29819560050964355,-0.16378410160541534,-0.2221108078956604,0.08754168450832367,0.2197853922843933,0.04289446771144867,-0.3456888198852539,-0.12222851812839508,0.6485042572021484,0.008358746767044067,-0.7714405655860901,-0.28874704241752625,0.37996336817741394,0.34737202525138855,0.36855047941207886,0.3566497564315796,0.29958367347717285,0.29044651985168457,0.31774112582206726,0.3123563230037689,0.2826043665409088,0.34811073541641235,0.36117878556251526,0.26981815695762634,0.2448435127735138,0.35500308871269226,0.41486284136772156,0.4307885468006134,0.4978518486022949,0.5380446314811707,0.5689733624458313,-0.03259134292602539,-0.011412888765335083,0.00927773118019104,-0.068966805934906,-0.06620323657989502,0.01815745234489441,0.02190980315208435,-0.03513675928115845,0.03575441241264343,0.07857441902160645,-0.07829257845878601,-0.11633527278900146,0.08518493175506592,0.17001932859420776,0.07578545808792114,0.08298900723457336,0.10725608468055725,0.07112151384353638,0.030928730964660645,0.021178454160690308,0.04186907410621643,-0.05755391716957092,-0.07548096776008606,0.08712425827980042,0.08811303973197937,-0.053294211626052856,0.013844609260559082,0.11371117830276489,-0.11404699087142944,-0.1949096918106079,0.16347751021385193,0.28635460138320923,-0.009399473667144775,-0.0870303213596344,0.03147062659263611,-0.011867493391036987,-0.0763273537158966,-0.04019278287887573,1.079735517501831,1.079735517501831,0.9517351388931274,0.9517351388931274,1.2825403213500977,1.2825403213500977,1.1718759536743164,0.7680640816688538,0.8345125317573547,1.2950977087020874,1.2950977087020874,0.8165562748908997,0.8165562748908997,1.3633161783218384,1.3633161783218384,0.6511030793190002,1.6444368362426758,1.6444368362426758,1.4948670864105225,0.0,-0.1280003786087036,-0.1280003786087036,0.3308051824569702,0.3308051824569702,-0.11066436767578125,-0.5144762396812439,-0.33736342191696167,0.5270336270332336,0.46058517694473267,-0.47854143381118774,-0.47854143381118774,0.5467599034309387,0.5467599034309387,-0.7122130990028381,0.2811206579208374,0.9933337569236755,-0.14956974983215332,-0.14956974983215332,-0.1280003786087036,-0.1280003786087036,0.45880556106567383,0.45880556106567383,-0.44146955013275146,-0.8452814221382141,-0.22669905424118042,1.0415098667144775,0.7979485988616943,-1.0055750608444214,-0.9391266107559204,1.0253013372421265,1.0253013372421265,-1.2589730024337769,-0.2656392455101013,1.7055468559265137,-0.4306904077529907,-1.1429035663604736,0.0,1.4791873693466187,1.079735517501831,0.9517351388931274,0.9517351388931274,1.2825403213500977,1.2825403213500977,1.1718759536743164,0.8897668123245239,0.8476241827011108,1.2950977087020874,1.2950977087020874,1.1399580240249634,0.9327041506767273,1.3633161783218384,1.3633161783218384,1.1995700597763062,1.6444368362426758,1.6444368362426758,1.5629603862762451,-0.3994518518447876,-0.5274522304534912,-0.1280003786087036,0.3308051824569702,0.3308051824569702,-0.11066436767578125,-0.39277350902557373,-0.32425177097320557,0.4053308963775635,0.44747352600097656,-0.15513968467712402,-0.3623935580253601,0.223358154296875,0.4306120276451111,-0.16374611854553223,0.2811206579208374,0.44486677646636963,-0.08147644996643066,-0.08147644996643066,-0.1280003786087036,0.271451473236084,0.8582574129104614,0.45880556106567383,-0.44146955013275146,-0.723578691482544,-0.21358740329742432,0.7981044054031372,0.7717252969741821,-0.5604705810546875,-0.8098670840263367,0.378497838973999,0.7930055856704712,-0.3871042728424072,-0.14949136972427368,0.6086128950119019,-0.36259710788726807,-0.5263432264328003,0.0,-1.4791873693466187,-0.8777087926864624,-0.8949236273765564,-0.8949236273765564,-0.8334967494010925,-0.8289074897766113,-0.8897668123245239,-0.8897668123245239,-0.8476241827011108,-0.9361715316772461,-1.1399580240249634,-1.1399580240249634,-0.9327041506767273,-1.006971001625061,-1.0738824605941772,-1.1995700597763062,-1.1995700597763062,-1.519474744796753,-1.5629603862762451,0.6014785766601562,0.5842637419700623,-0.017214834690093994,0.06142687797546387,0.06601613759994507,-0.056270062923431396,-0.0608593225479126,0.042142629623413086,-0.04640471935272217,-0.29233384132385254,-0.20378649234771729,0.20725387334823608,0.13298702239990234,-0.14117830991744995,-0.19259905815124512,-0.1256875991821289,-0.3199046850204468,-0.36339032649993896,-0.04348564147949219,-0.017214834690093994,-0.6186934113502502,-0.5228368639945984,0.08323097229003906,-0.11769694089889526,-0.12687546014785767,0.09841269254684448,0.01445460319519043,-0.3344764709472656,-0.15738177299499512,0.4995877146720886,0.33677351474761963,-0.34843218326568604,-0.32558608055114746,0.015490710735321045,-0.12730562686920166,-0.23770272731781006,0.2764190435409546,0.3199046850204468,0.000399797223508358,0.0004706881009042263,0.007129087578505278,1.796637661755085e-05,1.796637661755085e-05,0.0004171633627265692,0.0004896324826404452,0.0004896324826404452,0.00048381544183939695,0.00048381544183939695,0.0024444616865366697,0.00010928958363365382,0.00010928958363365382,0.002157689305022359,0.0028010897804051638,0.0029840986244380474,0.0009189261472783983,0.0009189261472783983,0.0,7.08908773958683e-05,0.00672929035499692,-0.00045272172428667545,-0.007111120969057083,0.0003991969861090183,0.0004716661060228944,7.246911991387606e-05,-5.817040801048279e-06,-5.817040801048279e-06,0.0019606463611125946,-0.0003745258436538279,-0.0023351721465587616,0.0020483997650444508,0.0026918002404272556,0.0008264093194156885,-0.0018821635749191046,-0.0020651724189519882,-0.0009189261472783983,-0.0009189261472783983,0.006658399477601051,-0.0005236126016825438,-0.013840410858392715,0.0008519187103956938,0.007582786958664656,-0.00032672786619514227,-0.00047748314682394266,-7.828616071492434e-05,0.001966463401913643,-0.0003687088028527796,-0.004295818507671356,0.0024229255504906178,0.005026972386986017,-0.0012219904456287622,-0.0045739635825157166,-0.0028915817383676767,0.0009632374276407063,0.001146246213465929,0.0,-0.3994518518447876,0.20202672481536865,0.056811511516571045,0.056811511516571045,0.4490435719490051,0.45363283157348633,0.2821091413497925,-0.12170273065567017,-0.013111650943756104,0.3589261770248413,0.15513968467712402,-0.3234017491340637,-0.11614787578582764,0.35634517669677734,0.28943371772766113,-0.5484669804573059,0.44486677646636963,0.12496209144592285,-0.06809329986572266,0.6014785766601562,0.45626336336135864,-0.1452152132987976,0.3922320604324341,0.3968213200569153,-0.16693443059921265,-0.5753355622291565,-0.2952207922935486,0.4806289076805115,0.16825133562088013,-0.682327926158905,-0.27128756046295166,0.6797469258308411,0.40558159351348877,-0.9048121571540833,0.1554330587387085,0.6734290719032288,-0.5129600763320923,-0.1930553913116455,-0.1452152132987976,-0.7466937899589539,-0.06403130292892456,0.5420365333557129,-0.5591664910316467,-0.9721568822860718,-0.12828636169433594,1.055964469909668,0.4634721279144287,-1.1629568338394165,-0.4395388960838318,1.362074851989746,0.6768691539764404,-1.5845590829849243,-0.2501485347747803,1.578241229057312,-0.6683931350708008,-0.8664844632148743,0.3199046850204468,2.55892276763916,1.9574443101882935,1.846658706665039,1.846658706665039,2.116037130355835,2.111447811126709,2.061642646789551,1.6578309535980225,1.6821367740631104,2.231269359588623,2.435055732727051,1.9565143585205078,1.749260425567627,2.3702871799468994,2.4371986389160156,1.8506731986999512,2.8440070152282715,3.1639115810394287,3.0578274726867676,-0.6014784574508667,-0.7122640609741211,-0.1107856035232544,0.2693784236907959,0.2647891044616699,-0.05439448356628418,-0.4536168575286865,-0.37950587272644043,0.5734384059906006,0.7529189586639404,-0.27475500106811523,-0.6857953071594238,0.4137728214263916,0.6879382133483887,-0.5196139812469482,0.40680837631225586,1.3132383823394775,0.2138204574584961,-0.10608410835266113,-0.1107856035232544,0.4906928539276123,0.981642484664917,0.3755747079849243,-0.3237729072570801,-0.7184059619903564,-0.32511138916015625,1.027055263519287,1.1324248313903809,-0.8481934070587158,-1.4387142658233643,0.6885278224945068,1.3737335205078125,-0.9333868026733398,-0.2811298370361328,1.8328523635864258,-0.19298791885375977,-1.4193224906921387,-0.3199045658111572,0.5520807504653931,0.5923705101013184,0.5107919573783875,0.5151500701904297,0.7352729439735413,0.7273682355880737,0.6568164825439453,0.44153228402137756,0.4917896091938019,0.6807900667190552,0.67726731300354,0.48799803853034973,0.5136669874191284,0.7179975509643555,0.6746935844421387,0.31434759497642517,0.741552472114563,0.7173266410827637,0.6336745023727417,0.04028975963592529,-0.041288793087005615,-0.07722043991088867,0.2244809865951538,0.21221816539764404,-0.07845646142959595,-0.28583595156669617,-0.16502687335014343,0.2392577826976776,0.18547770380973816,-0.19279202818870544,-0.16360032558441162,0.22999951243400574,0.16102659702301025,-0.4036499559879303,0.06685888767242432,0.4029790461063385,-0.10787796974182129,-0.08365213871002197,-0.08157855272293091,-0.11751019954681396,0.2657697796821594,0.2894386053085327,-0.30293744802474976,-0.4980541169643402,-0.08657041192054749,0.5250937342643738,0.3505045771598816,-0.43204981088638306,-0.3490780293941498,0.4227915406227112,0.3246269226074219,-0.633649468421936,-0.09416770935058594,0.8066290020942688,-0.1747368574142456,-0.4866311848163605,0.024225831031799316,0.29010429978370667,0.03533261641860008,0.42162567377090454,0.5691888928413391,0.17591950297355652,0.48325812816619873,0.21260973811149597,0.2836076021194458,0.1683253049850464,0.7429019808769226,0.1019883081316948,0.6805856227874756,0.31141823530197144,0.32778775691986084,0.0812743604183197,0.488650918006897,1.061425805091858,0.3088507652282715,0.28322193026542664,-0.2547716796398163,0.13152137398719788,0.5338562726974487,-0.24570617079734802,-0.08593076467514038,0.03669023513793945,-0.19965052604675293,-0.044284433126449585,0.4592943787574768,-0.06633699685335159,-0.06231635808944702,0.20942991971969604,-0.35279786586761475,-0.23014387488365173,0.16086316108703613,0.9801514148712158,-0.1798001527786255,-0.7782038450241089,-0.02562883496284485,0.38629305362701416,0.7886279821395874,-0.3772275447845459,-0.6197870373725891,0.2823964059352875,-0.11371976137161255,-0.08097466826438904,0.6589449048042297,-0.022052563726902008,-0.5216107368469238,0.27576690912246704,-0.2904815077781677,-0.4395737946033478,0.5136610269546509,1.21029531955719,-0.3406633138656616,-1.7583552598953247,0.15417131781578064,0.7525750398635864,6.039892673492432,4.556864261627197,4.975749492645264,4.809495449066162,3.821728467941284,3.9905893802642822,4.183314800262451,3.7801594734191895,3.422821044921875,5.4066386222839355,5.5200090408325195,3.23625111579895,2.636259078979492,5.366172790527344,6.882244110107422,7.598513126373291,9.983237266540527,11.401737213134766,12.785439491271973,-1.4830284118652344,-1.064143180847168,0.25263118743896484,-1.1540210247039795,-0.8189060688018799,0.361586332321167,-0.21042990684509277,-0.7604937553405762,1.626479148864746,2.0971879959106445,-2.1703875064849854,-2.8837499618530273,2.1299216747283936,4.24598503112793,2.2323403358459473,3.1009931564331055,3.8032240867614746,2.8022022247314453,1.383702278137207,0.4188852310180664,1.7356595993041992,-0.08987784385681152,-1.0715372562408447,1.5156073570251465,0.6084761619567871,-1.1220800876617432,1.8369090557098389,2.8576817512512207,-3.7968666553497314,-4.980937957763672,4.300309181213379,7.129734992980957,0.10241866111755371,-1.1449918746948242,1.5708837509155273,-0.29879093170166016,-2.4195218086242676,-1.4184999465942383,0.00026448696735315025,0.0012340262765064836,-0.0007627573213540018,0.0032421930227428675,-0.0006188367842696607,0.002170742489397526,-0.00014015729539096355,0.0030596875585615635,0.0005554748931899667,0.004447577055543661,0.0009333547204732895,0.0018121362663805485,0.000967315339948982,-0.0009364703437313437,0.004455557558685541,-0.000956186035182327,0.004871496465057135,-0.00012462092854548246,0.000723977223969996,0.0009695392800495028,-0.0010272442596033216,0.002008166629821062,0.00014392053708434105,-0.0010714505333453417,0.00047867948887869716,0.0008889450691640377,0.0006956321885809302,0.0013878894969820976,0.0003778798272833228,-0.0026354407891631126,3.396061947569251e-05,-0.002748606726527214,0.0034882421605288982,-1.9715691450983286e-05,0.0004159389063715935,0.0008315651211887598,-0.0041475193575024605,0.0008485981379635632,-0.0019967835396528244,0.0010386273497715592,0.0011711647966876626,-0.0030796171631664038,0.0003347589517943561,0.0019603956025093794,0.00021695269970223308,0.0004989444278180599,-0.0003177523612976074,-0.00402333028614521,-0.0003439192078076303,-0.00011316593736410141,0.003454281482845545,0.0027288910932838917,-0.0030723032541573048,0.0008512808126397431,-0.004563458263874054,1.70330167748034e-05,0.004996117670089006,-49445476.0,-36670512.0,-41732832.0,-39784936.0,-30852686.0,-32273212.0,-34221940.0,-30203524.0,-26961770.0,-44468496.0,-45331596.0,-25161018.0,-19974314.0,-43907164.0,-57912840.0,-65987944.0,-88952464.0,-100437296.0,-119667688.0,12774964.0,7712644.0,-3114424.0,10880146.0,7511724.0,-3369254.0,2069688.0,7260170.0,-14264972.0,-18369826.0,19307478.0,25357282.0,-18746146.0,-37938528.0,-22080780.0,-31039624.0,-34449352.0,-30715224.0,-19230392.0,-5062320.0,-15889388.0,3167502.0,10626148.0,-14249400.0,-5442036.0,10629424.0,-16334660.0,-25629996.0,33572448.0,43727108.0,-38053624.0,-63295808.0,-3334634.0,6898904.0,-12368572.0,324400.0,15218960.0,11484832.0,0.19036686420440674,0.03983887657523155,0.04135756567120552,0.04144415631890297,0.06555737555027008,0.09852060675621033,0.056435372680425644,0.025192098692059517,0.022155147045850754,0.1078781858086586,0.12895315885543823,0.044175464659929276,0.016656411811709404,0.13829056918621063,0.17884764075279236,0.2254025638103485,0.5459012985229492,0.7926090359687805,0.9626835584640503,-0.1505279839038849,-0.14900930225849152,0.0016052797436714172,0.02419980987906456,0.05707645043730736,-0.009122002869844437,-0.07332850992679596,-0.03428022563457489,0.08268608897924423,0.10679800808429718,-0.06370271742343903,-0.11229674518108368,0.09411510825157166,0.1621912270784378,0.08711199462413788,0.36705365777015686,0.5672065019607544,0.4167822599411011,0.17007452249526978,0.0015186816453933716,0.1521332561969757,0.17320911586284637,0.05547117069363594,-0.033321812748909,-0.13040496408939362,-0.025158222764730453,0.1560145914554596,0.14107823371887207,-0.14638879895210266,-0.21909475326538086,0.15781782567501068,0.2744879722595215,-0.007003113627433777,0.20486243069171906,0.4800944924354553,0.049728602170944214,-0.3971319794654846,-0.2467077374458313,-0.07919451594352722,0.040194299072027206,0.01795446313917637,-0.07656888663768768,-0.04000958427786827,0.037934042513370514,-0.03125178813934326,-0.05237460881471634,0.010653248056769371,0.007087603211402893,-0.029777489602565765,-0.0456412136554718,-0.026328807696700096,0.011915631592273712,-0.000975198985543102,-0.10352127254009247,-0.03728180751204491,0.1069444790482521,-0.06995944678783417,0.11938881874084473,0.09714897722005844,-0.11676318943500519,-0.05796404927968979,0.1145029291510582,0.00875779613852501,-0.09030865132808685,0.04190503805875778,0.05946221202611923,-0.040430739521980286,-0.052728816866874695,0.0034486819058656693,0.057556845247745514,0.025353608652949333,-0.11543690413236618,-0.036306608468294144,0.21046575903892517,-0.03267763927578926,-0.17690393328666687,-0.022239841520786285,-0.23615200817584991,-0.15511302649974823,0.2312661111354828,0.0667218416929245,-0.20481157302856445,0.03314724192023277,0.1497708559036255,-0.08233577758073807,-0.11219102889299393,0.043879419565200806,0.11028566211462021,0.021904926747083664,-0.1729937493801117,-0.06166021525859833,0.32590267062187195,0.003628969192504883,-0.38736969232559204,-0.1442262977361679,0.45183777809143066,0.40799206495285034,0.4328707158565521,0.39844810962677,0.3723336160182953,0.3817511796951294,0.39342164993286133,0.36365973949432373,0.35967570543289185,0.4526347815990448,0.4536196291446686,0.3382212817668915,0.31173914670944214,0.4504484534263611,0.5108756422996521,0.4958879351615906,0.6106460690498352,0.6219736933708191,0.6821568012237549,-0.04384571313858032,-0.01896706223487854,-0.009543955326080322,-0.060537099838256836,-0.016696929931640625,0.02108803391456604,-0.018091440200805664,-0.03374594449996948,0.08897504210472107,0.09394392371177673,-0.11441349983215332,-0.14188048243522644,0.1122271716594696,0.19913649559020996,0.04543948173522949,0.0997704267501831,0.12608575820922852,0.07151073217391968,0.06018310785293579,0.024878650903701782,0.0343017578125,-0.041570037603378296,-0.007152974605560303,0.08162513375282288,-0.001394510269165039,-0.05483397841453552,0.10706648230552673,0.12768986821174622,-0.2033885419368744,-0.23582440614700317,0.22664067149162292,0.3410169780254364,-0.06678768992424011,-0.09936606884002686,0.08064627647399902,-0.028259694576263428,-0.06590265035629272,-0.011327624320983887,0.20415736734867096,0.16645751893520355,0.18737705051898956,0.1587609052658081,0.13863231241703033,0.14573396742343903,0.15478059649467468,0.1322484016418457,0.12936662137508392,0.20487825572490692,0.20577077567577362,0.11439363658428192,0.0971812903881073,0.20290382206439972,0.2609938979148865,0.2459048479795456,0.37288859486579895,0.3868512809276581,0.46533793210983276,-0.03769984841346741,-0.016780316829681396,-0.007696613669395447,-0.04874473810195923,-0.01302693784236908,0.016148284077644348,-0.013485565781593323,-0.02541397511959076,0.07262985408306122,0.0764041543006897,-0.090484619140625,-0.10858948528766632,0.0885101854801178,0.16381260752677917,0.043001025915145874,0.11189469695091248,0.1409464329481125,0.09244933724403381,0.07848665118217468,0.02091953158378601,0.03000323474407196,-0.03196442127227783,-0.005330324172973633,0.06489302217960358,-0.00045862793922424316,-0.04156225919723511,0.08611541986465454,0.10181812942028046,-0.16311447322368622,-0.18499363958835602,0.1789948046207428,0.2724021077156067,-0.045509159564971924,-0.0519179105758667,0.09794540703296661,-0.019445359706878662,-0.062459781765937805,-0.01396268606185913,-0.018268834799528122,-0.09157530218362808,-0.1598769724369049,0.34902170300483704,0.7041369080543518,0.6913660764694214,0.4358910620212555,0.03693940117955208,-0.22095483541488647,0.14520263671875,0.2432427555322647,-0.2632540166378021,0.15725071728229523,0.3457724452018738,0.01212085410952568,-0.3417127728462219,0.24170291423797607,-0.21197305619716644,0.055400509387254715,-0.07330647110939026,-0.1416081339120865,0.4405969977378845,0.8640139102935791,0.34234437346458435,-0.2682458460330963,-0.6544266939163208,-0.6568459272384644,0.10826323926448822,0.46419757604599,-0.4084566533565521,-0.08599203824996948,0.6090264320373535,-0.14512985944747925,-0.6874852180480957,0.2295820564031601,0.12973971664905548,-0.18630240857601166,0.26737356185913086,-0.06830166280269623,0.5139034986495972,1.0056220293045044,-0.09825262427330017,-1.132259726524353,-0.9967710971832275,-0.38860008120536804,0.7626899480819702,1.1210434436798096,-0.5167198777198792,-0.5501896142959595,1.017483115196228,-0.059137821197509766,-1.2965116500854492,0.37471193075180054,0.81722491979599,-0.41588446497917175,0.13763384521007538,0.4536759853363037,3.1410601139068604,2.3414573669433594,2.200171947479248,2.6292665004730225,4.073790073394775,3.7788476943969727,3.32413649559021,2.4598095417022705,2.8145573139190674,2.9150924682617188,3.2148401737213135,3.5926363468170166,3.3939597606658936,3.1520283222198486,2.638310432434082,2.0247511863708496,2.753976345062256,2.839477062225342,2.5268051624298096,-0.799602746963501,-0.9408881664276123,0.2878091335296631,1.8736181259155273,1.1495811939239502,-0.7496535778045654,-1.3190381526947021,-0.5095791816711426,0.45528292655944824,0.4002828598022461,0.6775438785552979,0.17911958694458008,-0.44060802459716797,-0.7556493282318115,-1.127277135848999,0.11566591262817383,0.8147258758544922,-0.2271711826324463,-0.3126718997955322,-0.14128541946411133,1.087411880493164,2.8145062923431396,0.8617720603942871,-2.6232717037200928,-2.4686193466186523,0.24007439613342285,1.7743210792541504,0.9098620414733887,0.2222609519958496,-0.22116327285766602,-1.1181519031524658,-0.9347689151763916,-0.686669111251831,0.8713152408599854,1.9420030117034912,-0.3428370952606201,-1.1273977756500244,-0.08550071716308594,-79.13570404052734,39.9866943359375,18.24874496459961,-77.09954833984375,-39.81678771972656,37.54777145385742,-31.190025329589844,-52.862606048583984,10.530914306640625,6.421212196350098,-29.9677677154541,-45.794593811035156,-26.520523071289062,12.32186222076416,-1.5402565002441406,-103.09746551513672,-37.918704986572266,107.03231811523438,-70.10105895996094,119.12239837646484,97.38444519042969,-117.08624267578125,-58.06553268432617,114.64732360839844,8.626762390136719,-90.4103775024414,41.72093963623047,59.283817291259766,-40.498680114746094,-52.21580505371094,3.447244644165039,58.116455078125,24.980266571044922,-115.41932678222656,-36.378448486328125,210.12979125976562,-32.18235397338867,-177.1333770751953,-21.737953186035156,-236.20864868164062,-155.44998168945312,231.7335662841797,66.69229125976562,-205.05770874023438,33.09417724609375,149.69419860839844,-82.21961975097656,-111.49961853027344,43.9459228515625,110.33226013183594,21.533021926879883,-173.53578186035156,-61.35871505737305,325.54913330078125,4.196094512939453,-387.26318359375,-144.95101928710938,-0.16836249828338623,0.08112145960330963,0.061477869749069214,-0.1909467577934265,-0.09761814773082733,0.01746883988380432,-0.10554936528205872,-0.12962208688259125,0.022079888731241226,0.010042676702141762,-0.08069625496864319,-0.07541686296463013,-0.03316957876086235,0.014957660809159279,0.010293390601873398,-0.11626125872135162,-0.05981839820742607,0.2510085701942444,-0.1851905882358551,0.24948395788669586,0.22984036803245544,-0.27206820249557495,-0.15909601747989655,0.20841559767723083,-0.007931217551231384,-0.14709092676639557,0.12762925028800964,0.13966476917266846,-0.10277613997459412,-0.08545953780412674,0.04752667620778084,0.09037452191114426,0.04346296936273575,-0.13121892511844635,-0.07011178880929947,0.3672698140144348,-0.12537218630313873,-0.4361991584300995,-0.019643589854240417,-0.5215521454811096,-0.3889364004135132,0.4804838001728058,0.15116479992866516,-0.3555065393447876,0.13556046783924103,0.28675568103790283,-0.23040539026260376,-0.2251242995262146,0.15030281245708466,0.175834059715271,-0.00406370684504509,-0.22159343957901,-0.11357475817203522,0.49848872423171997,-0.055260397493839264,-0.8034689426422119,-0.31082695722579956
0.17011478543281555,0.22723603248596191,-0.06084991246461868,0.0467631034553051,0.239445298910141,0.1165410652756691,-0.08885978162288666,0.13055148720741272,0.20219361782073975,-0.04000869393348694,0.06777802109718323,0.18630966544151306,0.0674588531255722,0.04669139161705971,0.10168561339378357,0.09949732571840286,0.03757648915052414,0.1039988100528717,0.10759282857179642,0.05712124705314636,-0.23096469044685364,-0.18047292530536652,0.3002952039241791,0.0697779655456543,-0.32830506563186646,0.014010421931743622,0.2910534143447876,-0.17056018114089966,-0.13441559672355652,0.226318359375,-0.00031916797161102295,-0.13961827754974365,0.034226760268211365,0.052805934101343155,-0.06410912424325943,0.0045014843344688416,0.07001633942127228,0.003594018518924713,-0.2880859375,-0.23759417235851288,0.5312598943710327,0.2502508759498596,-0.6286002397537231,-0.055767543613910675,0.619358479976654,-0.18457061052322388,-0.4254690110683441,0.39687854051589966,0.1340964287519455,-0.36593663692474365,0.03454592823982239,0.1924242079257965,-0.0983358845114708,-0.04830444976687431,0.1341254711151123,-0.0009074658155441284,-0.06642232090234756,0.41704031825065613,0.4180847406387329,0.2213273048400879,0.23564426600933075,0.30021458864212036,0.2840423285961151,0.24192196130752563,0.3126567602157593,0.3003880977630615,0.23153045773506165,0.2806432247161865,0.2972554862499237,0.29866665601730347,0.26332980394363403,0.2240229696035385,0.33194059133529663,0.311654269695282,0.23809395730495453,0.20327802002429962,0.0010444223880767822,-0.19571301341056824,-0.18244047462940216,0.07888728380203247,0.04839806258678436,-0.05829262733459473,0.028614431619644165,0.05846613645553589,-0.08112630248069763,-0.019744873046875,0.06572502851486206,0.018023431301116943,-0.03392568230628967,-0.07464368641376495,0.0686107873916626,0.08763130009174347,-0.0938466340303421,-0.10837624967098236,-0.03481593728065491,-0.19675743579864502,-0.18348489701747894,0.2746002972126007,0.23083853721618652,-0.1371799111366272,-0.019783630967140198,0.11675876379013062,-0.1097407341003418,-0.07821100950241089,0.1468513309955597,0.03776830434799194,-0.09965071082115173,-0.0926671177148819,0.10253646969795227,0.16227498650550842,-0.1624574214220047,-0.19600754976272583,0.059030696749687195,0.07356031239032745,1.426491618156433,1.426491618156433,0.5911782383918762,1.0565776824951172,1.0565776824951172,0.8979081511497498,0.8370636105537415,1.198137640953064,1.198137640953064,0.5409069657325745,0.8310608267784119,0.9466385245323181,0.9466385245323181,0.8525931239128113,1.0149420499801636,1.0334874391555786,1.0334874391555786,0.729607105255127,0.729607105255127,0.0,-0.8353133797645569,-0.3699139356613159,0.46539944410324097,-0.15866953134536743,-0.21951407194137573,0.3002294898033142,0.3610740303993225,-0.6572306752204895,-0.3670768141746521,0.40573155879974365,0.11557769775390625,-0.09404540061950684,0.06830352544784546,0.18089431524276733,0.01854538917541504,-0.30388033390045166,-0.30388033390045166,0.0,-0.8353133797645569,-0.3699139356613159,1.3007128238677979,0.2112444043159485,-0.6849135160446167,0.45889902114868164,0.5805881023406982,-0.9574601650238037,-0.7281508445739746,1.062962293624878,0.48265451192855835,-0.4997769594192505,-0.04727417230606079,0.27493971586227417,-0.04975813627243042,-0.484774649143219,-0.3224257230758667,0.30388033390045166,0.30388033390045166,1.426491618156433,1.426491618156433,0.5911782383918762,1.0565776824951172,1.0565776824951172,0.8979081511497498,0.8370636105537415,1.198137640953064,1.198137640953064,0.9191738367080688,0.9191738367080688,0.9466385245323181,1.1201300621032715,1.1201300621032715,1.0149420499801636,1.2703235149383545,1.2703235149383545,0.729607105255127,0.729607105255127,0.0,-0.8353133797645569,-0.3699139356613159,0.46539944410324097,-0.15866953134536743,-0.21951407194137573,0.3002294898033142,0.3610740303993225,-0.2789638042449951,-0.2789638042449951,0.027464687824249268,0.20095622539520264,0.17349153757095337,-0.10518801212310791,0.150193452835083,0.2553814649581909,-0.5407164096832275,-0.5407164096832275,0.0,-0.8353133797645569,-0.3699139356613159,1.3007128238677979,0.2112444043159485,-0.6849135160446167,0.45889902114868164,0.5805881023406982,-0.5791932940483093,-0.6400378346443176,0.3064284920692444,0.47992002964019775,0.1460268497467041,-0.30614423751831055,-0.02329808473587036,0.36056947708129883,-0.6909098625183105,-0.7960978746414185,0.5407164096832275,0.5407164096832275,-0.5445204973220825,-0.5445204973220825,-0.5359146595001221,-0.48177438974380493,-0.5269263386726379,-0.7636104822158813,-0.7636104822158813,-0.7281683087348938,-0.517687201499939,-0.9191738367080688,-0.9191738367080688,-0.5385591983795166,-1.1201300621032715,-1.1201300621032715,-0.43855714797973633,-1.2703235149383545,-1.2703235149383545,-0.46107539534568787,-0.5227063298225403,0.0,0.00860583782196045,0.06274610757827759,0.00898832082748413,-0.2818360924720764,-0.2366841435432434,0.03544217348098755,0.24592328071594238,-0.19100552797317505,-0.4014866352081299,0.38061463832855225,-0.20095622539520264,-0.5815708637237549,0.6815729141235352,-0.150193452835083,-0.8317663669586182,0.8092480897903442,0.7476171851158142,-0.06163093447685242,0.00860583782196045,0.06274610757827759,0.00038248300552368164,-0.344582200050354,-0.24567246437072754,0.31727826595306396,0.4826074242591858,-0.2264477014541626,-0.6474099159240723,0.5716201663017273,0.20053040981292725,-0.9621855020523071,0.8825291395187378,0.4313774108886719,-1.5133392810821533,0.9594415426254272,1.5793836116790771,-0.870879054069519,-0.8092480897903442,0.0009514606790617108,0.0011254237033426762,0.0003533889539539814,8.443370461463928e-05,8.443370461463928e-05,0.00346955843269825,0.00346955843269825,0.00109555060043931,0.00109555060043931,6.6016800701618195e-06,6.6016800701618195e-06,0.0012808246538043022,0.0001823599450290203,0.0001823599450290203,0.00037379295099526644,0.00037379295099526644,0.0008263203781098127,0.00012284517288208008,0.0,0.00017396302428096533,-0.0005980717251077294,-0.0010409899987280369,-0.0002689552493393421,0.0033851247280836105,0.0033851247280836105,-0.0023740078322589397,-0.0023740078322589397,-0.0010889489203691483,-0.0010889489203691483,0.0012742229737341404,0.0001757582649588585,-0.001098464708775282,0.00019143300596624613,0.00019143300596624613,0.0004525274271145463,-0.00025094777811318636,-0.0008263203781098127,-0.00012284517288208008,-0.0007720347493886948,-0.0012149530230090022,0.0003291164757683873,0.004426114726811647,0.0036540799774229527,-0.00575913256034255,-0.00575913256034255,0.0012850589118897915,0.0012850589118897915,0.0023631718941032887,0.0012647071853280067,-0.0023726876825094223,1.5674741007387638e-05,0.001289897714741528,0.00026109442114830017,-0.0004423807840794325,-0.001278847805224359,0.00012810260523110628,0.0007034752052277327,0.8819711208343506,0.8819711208343506,0.05526357889175415,0.5748032927513123,0.5296513438224792,0.1342976689338684,0.07345312833786011,0.46996933221817017,0.680450439453125,-0.3782668709754944,-0.08811300992965698,0.4080793261528015,-0.17349153757095337,-0.2675369381904602,0.5763849020004272,-0.23683607578277588,-0.23683607578277588,0.2685317099094391,0.20690077543258667,0.0,-0.8267075419425964,-0.30716782808303833,0.4743877649307251,-0.44050562381744385,-0.45619821548461914,0.33567166328430176,0.6069973111152649,-0.8482362031936646,-0.768563449382782,0.7863461971282959,-0.08537852764129639,-0.6756162643432617,0.7498764395713806,0.030700862407684326,-0.8132209777832031,0.5053677558898926,0.44373685121536255,-0.06163093447685242,-0.8267075419425964,-0.30716782808303833,1.3010952472686768,-0.13333779573440552,-0.9305859804153442,0.7761772871017456,1.0631954669952393,-1.1839078664779663,-1.3755607604980469,1.6345824003219604,0.6831849217414856,-1.4619624614715576,0.835254967212677,0.706317126750946,-1.5630974769592285,0.47466689348220825,1.256957769393921,-0.5669987201690674,-0.5053677558898926,1.9710121154785156,1.9710121154785156,1.1270928382873535,1.5383520126342773,1.5835039615631104,1.6615185737609863,1.6006741523742676,1.9263060092926025,1.715824842453003,1.460080862045288,1.750234603881836,1.4851977825164795,2.0667686462402344,1.9727232456207275,1.4534991979599,2.3038110733032227,2.3038110733032227,1.1906825304031372,1.2523133754730225,0.0,-0.8439192771911621,-0.4326601028442383,0.45641112327575684,0.12316656112670898,0.017170190811157227,0.2647874355316162,0.11515069007873535,-0.46622514724731445,0.03440976142883301,0.025116920471191406,0.31653404235839844,0.48752546310424805,-0.6132694482803345,0.3310878276824951,0.8503118753433228,-1.1131285429000854,-1.0514976978302002,0.061630845069885254,-0.8439192771911621,-0.4326601028442383,1.300330400466919,0.5558266639709473,-0.4392409324645996,0.14162087440490723,0.09798049926757812,-0.7310125827789307,-0.08074092864990234,0.49134206771850586,0.28212428092956543,0.46240854263305664,-0.9298034906387329,-0.15643763542175293,1.4635813236236572,-1.4442163705825806,-1.901809573173523,1.1747593879699707,1.1131285429000854,0.6878311634063721,0.6872410178184509,0.40788382291793823,0.6865863800048828,0.6140530705451965,0.5396844744682312,0.5440283417701721,0.6710362434387207,0.6817725300788879,0.3557485044002533,0.49817681312561035,0.5532388091087341,0.5310379862785339,0.5011417269706726,0.6666032671928406,0.5632330775260925,0.5803704261779785,0.48005351424217224,0.5000916123390198,-0.0005901455879211426,-0.27994734048843384,-0.0006546378135681152,0.2061692476272583,-0.1469019055366516,-0.07002472877502441,0.1313517689704895,0.13774418830871582,-0.3152877390384674,-0.1835957169532776,0.19749030470848083,0.032861173152923584,-0.05209708213806152,0.13556528091430664,0.06209135055541992,-0.08623284101486206,-0.08317956328392029,-0.08027881383895874,0.020038098096847534,-0.2793571949005127,-6.449222564697266e-05,0.48611658811569214,-0.1462472677230835,-0.2761939764022827,0.2782536745071411,0.20776891708374023,-0.4466395080089569,-0.3213399052619934,0.5127780437469482,0.21645689010620117,-0.24958738684654236,0.10270410776138306,0.11418843269348145,-0.2217981219291687,-0.1452709138393402,0.00595402717590332,0.10321766138076782,0.10031691193580627,0.339763879776001,0.5569035410881042,0.34079107642173767,0.28374066948890686,0.158320352435112,0.6400895714759827,0.11245112866163254,0.673051118850708,0.863771915435791,0.05684195086359978,0.34043756127357483,0.26542341709136963,0.26409879326820374,0.35571345686912537,0.24280741810798645,0.13691040873527527,1.029233455657959,0.2551279067993164,0.2439599335193634,0.21713966131210327,0.0010271966457366943,-0.2731628715991974,-0.18247072398662567,0.3563489019870758,-0.04586922377347946,0.03296154737472534,0.7513207793235779,-0.6162091493606567,-0.5233343839645386,0.20858146250247955,-0.0763387680053711,0.09029003977775574,-0.021291375160217285,-0.2188030481338501,0.7864260673522949,0.11821749806404114,-0.785273551940918,-0.011167973279953003,-0.21611246466636658,-0.49030253291130066,-0.18349792063236237,0.6295117735862732,0.1366015076637268,-0.32338735461235046,0.7971900105476379,-0.6491706967353821,-1.2746551036834717,0.8247905969619751,0.4469956159591675,-0.11829142272472382,0.05504739284515381,-0.30909308791160583,0.8077174425125122,0.33702054619789124,-1.571699619293213,-0.12938547134399414,0.7741055488586426,7.636943817138672,7.663209438323975,1.8217885494232178,2.315234899520874,3.618696451187134,3.163283586502075,2.313758134841919,4.195784091949463,3.93766713142395,2.2064197063446045,3.1971817016601562,3.538801431655884,4.168736934661865,3.458559513092041,2.2185301780700684,4.679919242858887,4.151162624359131,2.202763319015503,1.8703727722167969,0.026265621185302734,-5.815155029296875,-5.34797477722168,1.796907901763916,0.8480486869812012,-1.3049383163452148,1.0325005054473877,1.6239089965820312,-1.9893643856048584,-0.740485429763794,1.3323817253112793,0.971555233001709,-0.08024191856384277,-1.9502067565917969,1.2213597297668457,1.9326324462890625,-2.477155923843384,-2.280789852142334,-0.33239054679870605,-5.841420650482178,-5.374240398406982,7.612062931060791,6.196023464202881,-3.101846218109131,0.18445181846618652,2.928847312927246,-3.021864891052246,-2.364394426345825,3.3217461109161377,1.712040662765503,-1.412623643875122,-2.921761989593506,1.3016016483306885,3.8828392028808594,-3.6985156536102295,-4.2134222984313965,2.1447653770446777,1.948399305343628,0.0006135827279649675,-0.0008734381408430636,0.0013493564911186695,-0.0008824579999782145,0.00011499276297399774,0.0016185296699404716,-0.0004705059400293976,0.002052850089967251,0.0006084098713472486,0.000775468593928963,0.0004738385323435068,0.00018174898286815733,-0.0008089046459645033,-0.00012861634604632854,-0.0003360291593708098,0.0009534723358228803,-0.0002921226841863245,0.000188611593330279,-0.00036741732037626207,-0.001487020868808031,0.000735773763153702,-9.01985913515091e-06,-0.0012343637645244598,0.0025009876117110252,-0.0005854986957274377,0.0004343204200267792,0.0010789157822728157,-0.0012773815542459488,-0.00013457133900374174,-0.0005937195965088904,-0.00128274317830801,-0.0003103653434664011,0.0004728754865936935,0.0010820886818692088,4.3906475184485316e-05,-0.0007648607715964317,-7.529463618993759e-05,-0.0005560289137065411,0.002222794573754072,0.0014780010096728802,-0.001970137469470501,0.002510007470846176,0.0006488650687970221,-0.002066667191684246,0.0016644145362079144,-0.001711701974272728,-0.0012134871212765574,0.0006836619577370584,-0.0011481718393042684,0.0002833542530424893,0.0017556187231093645,0.00139245402533561,-0.0004289690114092082,-0.0018469494534656405,-0.00011920111137442291,0.00020883185788989067,-0.00048073427751660347,-68808664.0,-67313248.0,-13326245.0,-17656626.0,-30511958.0,-24841202.0,-17702936.0,-35337940.0,-32641092.0,-16697005.0,-25332054.0,-28645546.0,-33936100.0,-27723904.0,-16659113.0,-37625524.0,-32884250.0,-16826340.0,-14389285.0,1495416.0,55482420.0,49656624.0,-17185712.0,-7184576.0,12809022.0,-10496738.0,-14938156.0,18640936.0,7309038.0,-11948541.0,-8604046.0,921642.0,17276988.0,-9901620.0,-16225137.0,20799184.0,18494964.0,2437055.0,53987004.0,48161208.0,-72668128.0,-56841200.0,29994734.0,-3312162.0,-27747178.0,29137674.0,22247194.0,-30589476.0,-15913084.0,12870183.0,25881034.0,-10823262.0,-33502124.0,30700804.0,34720100.0,-18362128.0,-16057909.0,0.31984543800354004,0.32023221254348755,0.002074852818623185,0.021168773993849754,0.03310258686542511,0.016350096091628075,0.008607025258243084,0.07556592673063278,0.07185825705528259,0.00998813845217228,0.018725166097283363,0.02417025715112686,0.0645226538181305,0.054467201232910156,0.014915255829691887,0.08743692189455032,0.07768961042165756,0.004743605852127075,0.004359578713774681,0.00038677453994750977,-0.3177705705165863,-0.29906344413757324,0.03102773427963257,-0.00481867790222168,-0.02449556067585945,0.05921582877635956,0.06325123459100723,-0.06557779014110565,-0.05313309282064438,0.014182118698954582,0.04579748958349228,0.030296944081783295,-0.04960739612579346,0.03296972066164017,0.06277435272932053,-0.08269331604242325,-0.07333002984523773,-0.0003840271383523941,-0.3181573450565338,-0.29945021867752075,0.34879830479621887,0.29424476623535156,-0.05552329495549202,0.06403450667858124,0.08774679899215698,-0.12479361891746521,-0.11638432741165161,0.07975991070270538,0.09893058240413666,0.016114825382828712,-0.09540488570928574,0.0026727765798568726,0.11238174885511398,-0.11566303670406342,-0.13610437512397766,0.082309290766716,0.07294600456953049,0.08541999757289886,0.11366470158100128,-0.030283309519290924,0.02303261309862137,0.12020702660083771,0.05850212275981903,-0.04508239030838013,0.0658198893070221,0.10122951120138168,-0.01994658261537552,0.03403356671333313,0.093446746468544,0.03358014300465584,0.023333175107836723,0.05041728913784027,0.05014459416270256,0.018234116956591606,0.052163176238536835,0.053889647126197815,0.028244704008102417,-0.11570330709218979,-0.09063208848237991,0.15049034357070923,0.03546950966119766,-0.16528941690921783,0.007317766547203064,0.1463119089603424,-0.08576647192239761,-0.06719594448804855,0.11339332908391953,-0.00045342370867729187,-0.07011356949806213,0.016837146133184433,0.026811419054865837,-0.032183170318603516,0.0020185820758342743,0.03565552830696106,0.0017264708876609802,-0.1439480185508728,-0.11887679249048233,0.2661936581134796,0.12610159814357758,-0.31577974557876587,-0.0281517431139946,0.31160134077072144,-0.09308423846960068,-0.21350786089897156,0.19915980100631714,0.06674252450466156,-0.18350690603256226,0.017290569841861725,0.09692499041557312,-0.04902031645178795,-0.024792836979031563,0.06783869862556458,-0.00029211118817329407,-0.03392905741930008,0.5105170011520386,0.48875516653060913,0.2556943893432617,0.29259562492370605,0.2824668288230896,0.32612255215644836,0.2825517952442169,0.37688693404197693,0.3291940987110138,0.2864832878112793,0.3415367901325226,0.31531819701194763,0.3918367624282837,0.3591357469558716,0.27161601185798645,0.4093441367149353,0.3949868679046631,0.2696305215358734,0.2435835599899292,-0.021761834621429443,-0.25482261180877686,-0.19615954160690308,0.02677243947982788,0.03352692723274231,8.496642112731934e-05,0.050764381885528564,0.046642303466796875,-0.09040364623069763,0.012342691421508789,0.028834909200668335,0.05029997229576111,0.04381754994392395,-0.12022075057029724,0.05020838975906372,0.12337085604667664,-0.1397136151790619,-0.1514033079147339,-0.026046961545944214,-0.2330607771873474,-0.17439770698547363,0.28159505128860474,0.22968646883964539,-0.02668747305870056,0.017237454652786255,0.046557337045669556,-0.1411680281162262,-0.034299612045288086,0.11923855543136597,0.03795728087425232,0.014982640743255615,-0.17052072286605835,0.0063908398151397705,0.24359160661697388,-0.1899220049381256,-0.2747741639614105,0.11366665363311768,0.12535634636878967,0.2606276273727417,0.23888161778450012,0.06537961959838867,0.08561219274997711,0.07978751510381699,0.10635591298341751,0.07983551174402237,0.14204376935958862,0.10836874693632126,0.0820726752281189,0.1166473850607872,0.09942556172609329,0.15353605151176453,0.12897849082946777,0.07377525418996811,0.16756263375282288,0.15601463615894318,0.0727006196975708,0.0593329481780529,-0.021746009588241577,-0.19524800777435303,-0.153269425034523,0.014407895505428314,0.0207437202334404,4.79966402053833e-05,0.03568785637617111,0.02853323519229889,-0.05997109413146973,0.008278638124465942,0.017352886497974396,0.036888666450977325,0.02955292910337448,-0.07976079732179642,0.0385841429233551,0.08223938196897507,-0.09486201405525208,-0.09668168425559998,-0.013367671519517899,-0.17350199818611145,-0.13152341544628143,0.20965591073036194,0.1740131378173828,-0.014359898865222931,0.014944136142730713,0.028485238552093506,-0.09565895050764084,-0.020254597067832947,0.07732398062944412,0.028610028326511383,0.012200042605400085,-0.11664946377277374,0.009031213819980621,0.16200017929077148,-0.13344615697860718,-0.17892107367515564,0.08149434626102448,0.08331401646137238,0.6222355961799622,0.4723086953163147,0.4040045440196991,0.6863247156143188,0.12808720767498016,-0.37523162364959717,-0.059895921498537064,0.3671249449253082,0.3718513548374176,-0.2784659266471863,-0.1420508176088333,0.034648314118385315,-0.5279829502105713,-0.7530289888381958,0.4978184998035431,-0.5143921971321106,-0.37588486075401306,-0.042049653828144073,-0.0015458675334230065,-0.14992690086364746,-0.21823105216026306,0.21401602029800415,-0.2759173512458801,-1.061556339263916,-0.18798312544822693,0.742356538772583,0.43174728751182556,-0.6455909013748169,-0.5139021873474121,0.3131142258644104,-0.38593214750289917,-0.7876772880554199,1.025801420211792,0.2386367917060852,-0.8737033605575562,0.4723425507545471,0.3743389844894409,0.04050378501415253,-0.0683041512966156,0.3639429211616516,-0.057686299085617065,-1.2755722999572754,0.0879342257976532,1.803912878036499,0.6197304129600525,-1.3879474401474,-0.9456495046615601,0.9587051272392273,0.12797003984451294,-1.1007914543151855,1.411733627319336,1.0263140201568604,-1.8995047807693481,0.23370575904846191,1.248042345046997,-0.4318387508392334,-0.3338351845741272,2.255733013153076,2.270170211791992,2.4628653526306152,3.5758121013641357,3.1844289302825928,3.0310590267181396,2.7873141765594482,3.1061391830444336,3.604341745376587,2.933948516845703,2.7765393257141113,2.496626377105713,3.7732319831848145,4.459640026092529,3.266188859939575,3.6627988815307617,3.6022605895996094,2.3161959648132324,2.9999167919158936,0.014437198638916016,0.20713233947753906,1.3056418895721436,0.7215635776519775,-0.5447530746459961,-0.39711475372314453,0.07508015632629395,0.8170275688171387,-0.17219066619873047,-0.8278024196624756,-0.43732213973999023,0.9966926574707031,1.9630136489868164,-0.5070431232452393,-0.7968411445617676,0.3360717296600342,-1.3466029167175293,-0.6023437976837158,0.6837208271026611,0.19269514083862305,1.2912046909332275,0.5144312381744385,-1.8503949642181396,-1.118678331375122,0.61983323097229,1.2141423225402832,-0.24727082252502441,-1.6448299884796143,-0.26513147354125977,1.8244950771331787,2.4003357887268066,-1.5037357807159424,-2.759854793548584,0.8431148529052734,-0.5497617721557617,-0.93841552734375,2.0303237438201904,1.286064624786377,85.39762115478516,114.0724868774414,-30.546655654907227,23.475078582763672,120.2015380859375,58.50361633300781,-44.607608795166016,65.53684997558594,101.5011978149414,-20.08436393737793,34.024566650390625,93.52745056152344,33.86434555053711,23.43907928466797,51.04617691040039,49.94765853881836,18.8633975982666,52.207401275634766,54.011600494384766,28.67486572265625,-115.94427490234375,-90.597412109375,150.74819946289062,35.02853775024414,-164.80914306640625,7.033233642578125,146.1088104248047,-85.6212158203125,-67.47663116455078,113.61181640625,-0.16022109985351562,-70.08837127685547,17.18183135986328,26.50857925415039,-32.182777404785156,2.2597427368164062,35.14820098876953,1.80419921875,-144.619140625,-119.27227783203125,266.6924743652344,125.62594604492188,-315.5573425292969,-27.995304107666016,310.91796875,-92.65444946289062,-213.58544921875,199.2330322265625,67.31640625,-183.7001953125,17.342052459716797,96.59695434570312,-49.36460876464844,-24.248836517333984,67.33097839355469,-0.45554351806640625,-33.34400177001953,0.0020368918776512146,0.11422525346279144,-0.0967002734541893,0.01966114342212677,0.2229035347700119,0.14707699418067932,-0.09939239919185638,0.12973326444625854,0.195143923163414,-0.04405289143323898,0.048096396028995514,0.1871107816696167,0.06288373470306396,0.05386790260672569,0.07387156784534454,0.1196858137845993,0.07709981501102448,0.1132236123085022,0.07716637849807739,0.11218836158514023,-0.09873716533184052,-0.09456411004066467,0.3196038007736206,0.12741585075855255,-0.3222959339618683,-0.017343729734420776,0.2945363223552704,-0.17378616333007812,-0.1470475196838379,0.23116368055343628,0.014787338674068451,-0.1332428753376007,0.010987833142280579,0.06581790745258331,0.0032282471656799316,-0.006462201476097107,6.656348705291748e-05,-0.036057233810424805,-0.21092551946640015,-0.2067524790763855,0.4183409810066223,0.22197996079921722,-0.6418997049331665,-0.14475958049297333,0.6168322563171387,-0.15644243359565735,-0.4415838420391083,0.4049498438835144,0.16183486580848694,-0.364406555891037,-0.0037995055317878723,0.19906078279018402,-0.007759585976600647,-0.07228010892868042,-0.003161683678627014,-0.029595032334327698,-0.03612379729747772
0.10002073645591736,-0.13990840315818787,-0.03905373066663742,0.12633229792118073,-0.07913078367710114,-0.07691332697868347,0.03414592146873474,0.034304410219192505,-0.06816369295120239,-0.0726451650261879,0.10254593938589096,-0.03502796217799187,-0.1425083428621292,0.06296616047620773,0.042924512177705765,-0.14643734693527222,-0.06254715472459793,0.10959333926439285,-0.07738658785820007,-0.23992913961410522,-0.13907447457313538,0.2662407159805298,-0.040077053010463715,-0.2032456248998642,0.11327670514583588,0.11121773719787598,-0.10230961441993713,-0.1069495752453804,0.17070963978767395,0.03761720284819603,-0.24505427479743958,0.0979941189289093,0.18543285131454468,-0.20940351486206055,-0.105471670627594,0.2560306787490845,-0.014839433133602142,-0.18697991967201233,0.10085466504096985,0.506169855594635,0.09899742156267166,-0.4694863557815552,0.153353750705719,0.31446337699890137,-0.215586319565773,-0.21816730499267578,0.2730192542076111,0.14456677436828613,-0.4157639145851135,0.06037691608071327,0.43048712611198425,-0.30739763379096985,-0.29090452194213867,0.465434193611145,0.09063223749399185,-0.4430105984210968,-0.1721404790878296,0.23807041347026825,0.30454200506210327,0.3590341806411743,0.26832911372184753,0.21345822513103485,0.2146710753440857,0.2024756669998169,0.19204817712306976,0.22371603548526764,0.2753211259841919,0.28420934081077576,0.3339596390724182,0.27209410071372986,0.18143774569034576,0.20646178722381592,0.29360514879226685,0.2715575098991394,0.19917988777160645,0.26048699021339417,0.06647159159183502,0.12096376717090607,-0.03621289134025574,-0.14557595551013947,-0.05365803837776184,-0.010982558131217957,-0.02262289822101593,0.021240368485450745,0.08327294886112213,0.06049330532550812,0.05863851308822632,-0.012115240097045898,-0.15252189338207245,-0.06563231348991394,0.11216740310192108,0.06509572267532349,-0.0944252610206604,-0.01107051968574524,0.06130710244178772,0.054492175579071045,-0.10268448293209076,-0.26653972268104553,-0.017445147037506104,0.1345933973789215,0.03103514015674591,0.0322229266166687,0.10589584708213806,0.03925293684005737,-0.024634435772895813,-0.07260854542255402,-0.21116040647029877,-0.05351707339286804,0.26468929648399353,0.13072803616523743,-0.20659266412258148,-0.07616624236106873,0.15573236346244812,0.07237762212753296,0.677192747592926,0.6739693880081177,0.9785463809967041,0.9785463809967041,0.4144986867904663,0.6401501297950745,0.7035972476005554,0.7035972476005554,0.48622605204582214,0.6295480728149414,0.8612970113754272,0.8612970113754272,0.5066895484924316,0.6480859518051147,0.6480859518051147,0.5452584028244019,0.621337890625,0.7336146831512451,0.7336146831512451,-0.0032233595848083496,0.3013536334037781,0.3045769929885864,-0.5640476942062378,-0.33839625120162964,0.2890985608100891,0.06344711780548096,-0.21737119555473328,-0.07404917478561401,0.3750709593296051,0.23174893856048584,-0.3546074628829956,-0.2132110595703125,0.1413964033126831,-0.10282754898071289,-0.026748061180114746,0.18835628032684326,0.11227679252624512,0.0,0.3045769929885864,0.3078003525733948,-0.8654013276100159,-0.6429732441902161,0.8531462550163269,0.4018433690071106,-0.5064697265625,-0.13749629259109497,0.5924421548843384,0.30579811334609985,-0.7296783924102783,-0.44495999813079834,0.4960038661956787,0.11038351058959961,-0.16814446449279785,0.29118382930755615,0.13902485370635986,-0.18835628032684326,-0.11227679252624512,0.677192747592926,0.7524667978286743,0.9785463809967041,0.9785463809967041,0.6341874003410339,0.6581214070320129,0.7035972476005554,0.7035972476005554,0.7264654040336609,0.7264654040336609,0.8612970113754272,1.0409984588623047,1.0409984588623047,0.6480859518051147,0.6480859518051147,1.070522427558899,1.070522427558899,0.7717851996421814,0.9728347063064575,0.07527405023574829,0.3013536334037781,0.22607958316802979,-0.34435898065567017,-0.32042497396469116,0.06940984725952148,0.04547584056854248,0.02286815643310547,0.02286815643310547,0.13483160734176636,0.3145330548286438,0.17970144748687744,-0.39291250705718994,-0.39291250705718994,0.4224364757537842,0.4224364757537842,-0.29873722791671753,-0.0976877212524414,0.20104950666427612,0.22607958316802979,0.1508055329322815,-0.6457126140594482,-0.546504557132721,0.41376882791519165,0.36590081453323364,-0.046541690826416016,-0.02260768413543701,0.11196345090866089,0.29166489839553833,0.044869840145111084,-0.7074455618858337,-0.5726139545440674,0.8153489828109741,0.8153489828109741,-0.7211737036705017,-0.5201241970062256,0.49978673458099365,0.29873722791671753,-0.670802116394043,-0.7524667978286743,-0.7524667978286743,-0.4692328870296478,-0.6341874003410339,-0.6581214070320129,-0.6581214070320129,-0.5025975108146667,-0.7264654040336609,-0.7264654040336609,-0.6849198341369629,-1.0409984588623047,-1.0409984588623047,-0.39842331409454346,-0.6056501269340515,-1.070522427558899,-1.070522427558899,-0.7717851996421814,-0.9728347063064575,-0.08166468143463135,-0.08166468143463135,0.2832339107990265,0.11827939748764038,-0.1888885200023651,-0.023934006690979004,0.1555238962173462,-0.06834399700164795,-0.22386789321899414,0.041545569896698,-0.3145330548286438,-0.3560786247253418,0.6425751447677612,0.4353483319282532,-0.6720991134643555,-0.4648723006248474,0.29873722791671753,0.0976877212524414,-0.20104950666427612,0.0,0.36489859223365784,0.19994407892227173,-0.4721224308013916,-0.14221340417861938,0.3444124162197113,-0.044409990310668945,-0.37939178943634033,0.10988956689834595,-0.09066516160964966,-0.3976241946220398,0.957108199596405,0.791426956653595,-1.3146742582321167,-0.9002206325531006,0.970836341381073,0.5625600218772888,-0.49978673458099365,-0.29873722791671753,0.0011603832244873047,0.0011603832244873047,0.0005913907662034035,0.0005913907662034035,0.0013716949615627527,0.0009781382977962494,0.00015293434262275696,0.00015293434262275696,9.448174387216568e-05,9.448174387216568e-05,0.0003288350999355316,0.0003288350999355316,0.0022603943943977356,0.00042180344462394714,0.00042180344462394714,0.0005328934639692307,0.0010191667824983597,0.0010191667824983597,0.0,0.0,-0.0005689924582839012,-0.0005689924582839012,0.0007803041953593493,0.0003867475315928459,-0.0012187606189399958,-0.0008252039551734924,-5.845259875059128e-05,-5.845259875059128e-05,0.00023435335606336594,0.00023435335606336594,0.001931559294462204,9.296834468841553e-05,-0.0018385909497737885,0.00011109001934528351,0.0005973633378744125,0.00048627331852912903,-0.0010191667824983597,-0.0010191667824983597,-0.0005689924582839012,-0.0005689924582839012,0.0013492966536432505,0.0009557399898767471,-0.001999064814299345,-0.0012119514867663383,0.0011603080201894045,0.0007667513564229012,0.0002928059548139572,0.0002928059548139572,0.001697205938398838,-0.0001413850113749504,-0.0037701502442359924,1.812167465686798e-05,0.002435954287648201,0.0003751832991838455,-0.0016165301203727722,-0.0015054401010274887,0.0,0.006390631198883057,-0.07849740982055664,0.22607958316802979,0.5093134641647339,-0.21968871355056763,-0.017971277236938477,0.04547584056854248,0.20099973678588867,-0.24023935198783875,-0.09691733121871948,0.17637717723846436,-0.17970144748687744,-0.534308910369873,0.2496626377105713,0.04243582487106323,-0.5252640247344971,-0.4491845369338989,-0.03817051649093628,-0.2392200231552124,-0.0848880410194397,0.21968895196914673,0.5878108739852905,-0.4457682967185974,-0.5272847414016724,0.2651645541191101,0.21897101402282715,-0.2857151925563812,-0.29791706800460815,0.4166165292263031,-0.08278411626815796,-0.7106860876083374,0.42936408519744873,0.5767447352409363,-0.7749266624450684,-0.49162036180496216,0.4870935082435608,0.20996451377868652,-0.20104950666427612,0.3045769929885864,0.6726989150047302,-0.6654572486877441,-1.115095615386963,0.7109328508377075,0.7462557554244995,-0.550879716873169,-0.5168880820274353,0.7023317217826843,0.2151329517364502,-1.127302646636963,0.5121482014656067,1.287430763244629,-1.204290747642517,-1.0683650970458984,1.2620201110839844,0.7015848755836487,-0.6881430149078369,-0.41101402044296265,1.3479948043823242,1.426436185836792,1.7310131788253784,1.4477792978286743,1.0486860275268555,1.2982715368270874,1.3617186546325684,1.2061947584152222,1.2126914262771606,1.356013536453247,1.5462168455123901,1.902295470237732,1.5476880073547363,1.0465092658996582,1.2537360191345215,1.6157808303833008,1.691860318183899,1.5053999423980713,1.7064493894577026,0.07844138145446777,0.3830183744430542,0.021343111991882324,-0.682327151298523,-0.14950776100158691,0.3130326271057129,-0.09207677841186523,-0.14902722835540771,0.1498187780380249,0.3335254192352295,0.5462819337844849,0.0014711618423461914,-0.8557862043380737,-0.29395198822021484,0.5692715644836426,0.43812429904937744,-0.11038088798522949,0.014589071273803711,0.20104944705963135,0.3045769929885864,-0.05709826946258545,-1.0653455257415771,-0.17085087299346924,0.9953597784042358,0.05743098258972168,-0.4620598554611206,0.24189555644989014,0.4825526475906372,0.39646315574645996,-0.3320542573928833,-1.4020681381225586,-0.29542315006256104,1.4250577688217163,0.7320762872695923,-0.6796524524688721,-0.42353522777557373,0.31143033504486084,0.18646037578582764,0.438473105430603,0.3969753086566925,0.5354922413825989,0.595594584941864,0.28773969411849976,0.43008682131767273,0.48156049847602844,0.5067725777626038,0.32625970244407654,0.3862122893333435,0.513882040977478,0.47594696283340454,0.30435910820961,0.4817260801792145,0.4528485834598541,0.31525641679763794,0.36458662152290344,0.5050194263458252,0.4491101801395416,-0.04149779677391052,0.09701913595199585,0.1986192762851715,-0.24775254726409912,-0.16550776362419128,0.1938208043575287,0.07668575644493103,-0.1553007960319519,-0.12056028842926025,0.1876223385334015,0.08973467350006104,-0.20952293276786804,0.0057791173458099365,0.14848947525024414,-0.16646966338157654,-0.08826196193695068,0.18976300954818726,0.08452355861663818,-0.05590924620628357,0.13851693272590637,0.24011707305908203,-0.34477168321609497,-0.3641270399093628,0.4415733516216278,0.24219352006912231,-0.3491216003894806,-0.19724604487419128,0.3429231345653534,0.2102949619293213,-0.39714527130126953,-0.0839555561542511,0.3580124080181122,-0.17224878072738647,-0.23675143718719482,0.3562326729297638,0.17278552055358887,-0.24567225575447083,-0.14043280482292175,0.5130718946456909,0.19121071696281433,0.015007227659225464,0.432027131319046,0.3435184955596924,0.24089038372039795,0.32649821043014526,0.13660754263401031,0.25744110345840454,0.20814263820648193,0.08576665818691254,0.6209388971328735,0.09496495127677917,0.32588815689086914,0.1609358787536621,0.1358669400215149,0.4656677842140198,0.2205626219511032,0.026498302817344666,-0.3218611776828766,-0.49806466698646545,0.2408164143562317,0.3285112679004669,-0.19113674759864807,-0.01702028512954712,-0.10428284108638763,-0.06905710697174072,0.07153509557247162,-0.171674445271492,0.4127962589263916,0.009198293089866638,-0.2950507402420044,0.06597092747688293,-0.19002121686935425,0.30473190546035767,0.08469568192958832,-0.4391694664955139,-0.19406431913375854,-0.17620348930358887,0.5626776218414307,0.8265759348869324,-0.43195316195487976,-0.34553155303001404,0.08685390651226044,-0.052036821842193604,0.17581793665885925,-0.10261733829975128,0.3412611484527588,0.18087273836135864,-0.707846999168396,0.056772634387016296,0.10502952337265015,0.23876097798347473,0.27471691370010376,-0.7439013719558716,-0.27876001596450806,0.24510514736175537,2.3488078117370605,3.429863452911377,4.603446006774902,3.008103847503662,1.77772057056427,2.0261566638946533,1.8813225030899048,1.5339604616165161,2.0364296436309814,2.914616346359253,3.2578284740448,4.427389144897461,3.1709747314453125,1.3523834943771362,1.7317633628845215,3.6942291259765625,3.4823989868164062,1.8382726907730103,2.9392096996307373,1.0810556411743164,2.254638195037842,-0.42175960540771484,-2.825725555419922,-0.9819471836090088,0.10360193252563477,-0.4921962022781372,0.15510714054107666,1.3806558847427368,1.2213988304138184,1.512772798538208,-0.0868537425994873,-3.075005531311035,-1.439211368560791,2.3418455123901367,1.7506356239318848,-1.8559564352035522,-0.543189287185669,1.100937008857727,1.1735825538635254,-1.5028152465820312,-5.080363750457764,-0.560187578201294,2.9293274879455566,0.4897509813308716,0.051505208015441895,1.872852087020874,1.0662916898727417,0.1321169137954712,-1.3082525730133057,-4.587778091430664,-1.3523576259613037,5.416851043701172,3.189846992492676,-4.1978020668029785,-2.2938249111175537,2.9568934440612793,1.644126296043396,0.0015283613465726376,0.0017530438490211964,-0.00043489717063494027,0.0008543907897546887,-0.000868838862515986,-0.00015453029482159764,-0.0008445877465419471,0.0006975461728870869,-0.00024759015650488436,3.635200482676737e-05,0.00037267530569806695,-0.0009298486984334886,0.0004897755570709705,-0.0001579361269250512,-0.00011006392742274329,-4.1982479160651565e-05,-0.00037169241113588214,0.002284918213263154,5.418418732006103e-05,0.0002246825024485588,-0.0019632584881037474,-0.0008986530592665076,-0.0004339416918810457,-0.0010089210700243711,2.425111597403884e-05,0.0008520764531567693,0.0005969975609332323,-0.0006611941498704255,0.0006202654913067818,-0.00096620072145015,0.00011710025137290359,0.0007719125715084374,-0.0005998394917696714,0.00011595364776439965,-0.00026162847643718123,0.0023269006051123142,0.00042587658390402794,-0.002230734098702669,-0.002187940990552306,-0.0011233355617150664,0.0015293167671188712,-0.00011026801075786352,0.00045819280785508454,0.0018609975231811404,0.0005727464449591935,-0.0015132706612348557,2.326793037354946e-05,-0.00030500657157972455,-0.0005031652399338782,0.0017381133511662483,-0.000716939743142575,-0.0006559588946402073,0.0003382110153324902,0.002210946986451745,0.0006875050603412092,-0.004557634703814983,-0.002656610682606697,-17999666.0,-28378744.0,-42565240.0,-25105726.0,-13329082.0,-15502831.0,-14166853.0,-11429703.0,-15181976.0,-22332084.0,-26685596.0,-38331040.0,-26467224.0,-9668025.0,-13027331.0,-30862698.0,-29149358.0,-13523551.0,-23415210.0,-10379078.0,-24565574.0,3273018.0,29236158.0,9602895.0,-837771.0,4073128.0,-1015123.0,-10902381.0,-11503620.0,-15998956.0,218372.0,28663016.0,13439893.0,-21194672.0,-16122027.0,17339148.0,5734148.0,-9891659.0,-14186496.0,13652096.0,53801732.0,6329877.0,-30073928.0,-5529767.0,-177352.0,-14975509.0,-10488497.0,-5096575.0,11721992.0,44661972.0,13221521.0,-49857688.0,-29561920.0,38533820.0,21856176.0,-27230808.0,-15625807.0,0.006338639184832573,0.012990668416023254,0.030260402709245682,0.021325277164578438,0.002818718319758773,0.0051849400624632835,0.005068930797278881,0.002679389901459217,0.005155341699719429,0.008387504145503044,0.016937099397182465,0.046872351318597794,0.0338536873459816,0.0017555392114445567,0.002756732050329447,0.04678157716989517,0.04703763499855995,0.00663681561127305,0.021657582372426987,0.0066520292311906815,0.02392176352441311,0.008334608748555183,-0.027441684156656265,-0.01614033803343773,0.0022502124775201082,-0.0025055501610040665,8.641090244054794e-05,0.005708114244043827,0.011781757697463036,0.0384848490357399,0.016916587948799133,-0.045116811990737915,-0.03109695576131344,0.045026037842035294,0.04428090155124664,-0.04014476016163826,-0.025380052626132965,0.015020767226815224,0.017269734293222427,0.001682579517364502,-0.051363445818424225,-0.024474946781992912,0.029691897332668304,0.013634787872433662,-0.0021638015750795603,0.008213664405047894,0.011695346795022488,0.032776735723018646,0.005134830251336098,-0.08360166102647781,-0.04801354557275772,0.09014284610748291,0.07537785917520523,-0.08517079800367355,-0.06966095417737961,0.05516552925109863,0.04040081799030304,0.05046237260103226,-0.06991346180438995,-0.019783349707722664,0.0635075494647026,-0.04004622623324394,-0.03868291527032852,0.016835138201713562,0.01737261191010475,-0.03431544452905655,-0.036678582429885864,0.051564209163188934,-0.018076326698064804,-0.07142876088619232,0.03150848299264908,0.021423056721687317,-0.073557049036026,-0.03160214424133301,0.055281803011894226,-0.03883479908108711,-0.12037583440542221,-0.07024572044610977,0.13342100381851196,-0.02026287652552128,-0.10219046473503113,0.056881364434957504,0.05605552718043327,-0.05115058273077011,-0.054051194339990616,0.08587965369224548,0.01860225573182106,-0.12299297004938126,0.04958480969071388,0.09285181760787964,-0.10506553202867508,-0.053025200963020325,0.12883885204792023,-0.007232654839754105,-0.09411659836769104,0.05013011395931244,0.25379684567451477,0.04998284578323364,-0.2356114685535431,0.07714424282312393,0.1582459956407547,-0.10803194344043732,-0.11010672152042389,0.1370302438735962,0.07265345007181168,-0.20887261629104614,0.030982553958892822,0.2158447802066803,-0.15465034544467926,-0.14587701857089996,0.2339043915271759,0.04579254612326622,-0.22295545041561127,-0.08688394725322723,0.28116264939308167,0.33235713839530945,0.4159970283508301,0.313190221786499,0.2472739815711975,0.26629453897476196,0.2649136483669281,0.23873625695705414,0.26939621567726135,0.3244171142578125,0.3361751437187195,0.4082591235637665,0.3160812556743622,0.21752093732357025,0.2526448965072632,0.344403475522995,0.3579765856266022,0.2401672601699829,0.32475611567497253,0.05119448900222778,0.1348343789577484,-0.019166916608810425,-0.16872304677963257,-0.04689568281173706,0.01763966679573059,-0.027558282017707825,0.004482567310333252,0.08568085730075836,0.06677892804145813,0.08384200930595398,-0.0200938880443573,-0.19073818624019623,-0.063436359167099,0.12688253819942474,0.10533168911933899,-0.10423621535301208,-0.03322046995162964,0.08458885550498962,0.08363988995552063,-0.07036140561103821,-0.303557425737381,-0.027728766202926636,0.18636271357536316,0.019337400794029236,-0.013157099485397339,0.11323913931846619,0.06229636073112488,-0.0018388479948043823,-0.08687281608581543,-0.274580180644989,-0.0433424711227417,0.31762072443962097,0.168768048286438,-0.23111875355243683,-0.13855215907096863,0.1888250708580017,0.11780932545661926,0.07905244082212448,0.1104612648487091,0.17305351793766022,0.09808811545372009,0.061144422739744186,0.07091277837753296,0.07017924636602402,0.056995000690221786,0.07257431745529175,0.10524646192789078,0.11301372945308685,0.16667552292346954,0.09990735352039337,0.04731535539031029,0.0638294443488121,0.11861374974250793,0.12814722955226898,0.05768031254410744,0.10546653717756271,0.031408824026584625,0.09400107711553574,-0.012373149394989014,-0.11190909147262573,-0.027175337076187134,0.009034823626279831,-0.013917777687311172,0.0023950710892677307,0.04825146123766899,0.040439411997795105,0.061429060995578766,-0.013106375932693481,-0.11936016380786896,-0.03607790917158127,0.07129839062690735,0.06431778520345688,-0.0609334371984005,-0.02268069237470627,0.047786224633455276,0.06259225308895111,-0.04378197342157364,-0.20591017603874207,-0.01480218768119812,0.12094391882419586,0.013257559388875961,-0.0066397525370121,0.062169238924980164,0.038044340908527374,0.013177599757909775,-0.053545787930488586,-0.18078923225402832,-0.022971533238887787,0.1906585544347763,0.10039569437503815,-0.13223183155059814,-0.08699847757816315,0.10871966183185577,0.07046692073345184,-0.016386674717068672,0.3837316930294037,0.39180776476860046,0.3605867922306061,-0.17277175188064575,-0.11950456351041794,0.03783603385090828,0.19504623115062714,-0.2580324113368988,-0.060719069093465805,-0.08869443088769913,-0.03146464005112648,-0.3557329773902893,0.23407703638076782,-0.1245572492480278,-0.3685928285121918,-0.681109607219696,-0.15298791229724884,-0.2400142252445221,0.4001183807849884,0.4081944525241852,-0.023144900798797607,-0.5645794868469238,-0.4800913631916046,0.21060778200626373,0.3145507872104645,-0.295868456363678,-0.25576528906822205,0.16933798789978027,0.029254429042339325,-0.2670385539531708,0.265541672706604,0.2311757206916809,-0.6026698350906372,-0.5565523505210876,0.21560491621494293,0.44109538197517395,-0.08702631294727325,0.008076071739196777,-0.423263281583786,-0.9727739095687866,-0.456946462392807,0.7751872539520264,0.7946421504020691,-0.5064762234687805,-0.5703160762786865,0.46520644426345825,0.28501972556114197,-0.43637654185295105,0.23628723621368408,0.4982142746448517,-0.8682115077972412,-0.7877280712127686,0.818274736404419,0.997647762298584,-0.3026312291622162,-0.5281217098236084,2.559070587158203,2.5191988945007324,2.1681623458862305,2.5380377769470215,2.2359228134155273,2.805455446243286,3.164419412612915,2.8195199966430664,2.484557867050171,2.0622658729553223,2.5948147773742676,2.6366448402404785,3.1581342220306396,2.603177785873413,2.680532932281494,2.8542511463165283,3.268742322921753,4.341753005981445,3.0034663677215576,-0.0398716926574707,-0.39090824127197266,0.018838882446289062,0.06776046752929688,0.26741766929626465,0.9284965991973877,0.014064550399780273,-0.6798615455627441,-0.7572541236877441,0.11025691032409668,0.5743789672851562,0.5633194446563721,-0.03346705436706543,-0.4776012897491455,0.25107336044311523,0.5882093906402588,1.487501859664917,-0.2652759552001953,-1.3382866382598877,-0.35103654861450195,0.058710575103759766,0.45866870880126953,0.24857878684997559,0.8607361316680908,-0.2533531188964844,-1.6083581447601318,-0.7713186740875244,0.7901184558868408,1.3316330909729004,0.4530625343322754,-0.6078460216522217,-1.0409207344055176,0.28454041481018066,1.0658106803894043,1.2364284992218018,-0.8534853458404541,-2.8257884979248047,-1.0730106830596924,50.210411071777344,-70.23401641845703,-19.60497283935547,63.41881561279297,-39.72365188598633,-38.61048889160156,17.141252517700195,17.220813751220703,-34.21817398071289,-36.467872619628906,51.47806167602539,-17.58403778076172,-71.5391845703125,31.609010696411133,21.548105239868164,-73.51155090332031,-31.398670196533203,55.0158576965332,-38.84806823730469,-120.44442749023438,-69.81538391113281,133.65283203125,-20.11867904663086,-102.02930450439453,56.864906311035156,55.831302642822266,-51.35942840576172,-53.68868637084961,85.69623565673828,18.883834838867188,-123.01724243164062,49.19304656982422,93.08728790283203,-105.12055969238281,-52.94677734375,128.52740478515625,-7.449398040771484,-93.86392211914062,50.62904357910156,254.09725952148438,49.69670486450195,-235.68212890625,76.98358154296875,157.86061096191406,-108.22433471679688,-109.51998901367188,137.0556640625,72.57252502441406,-208.71347045898438,30.30921173095703,216.10452270507812,-154.3135986328125,-146.0340576171875,233.64796447753906,45.497379302978516,-222.39132690429688,-86.41452026367188,0.07948634773492813,-0.18678393959999084,-0.11867496371269226,0.11045640707015991,-0.0834093689918518,-0.04618316888809204,0.012674832716584206,0.022099073976278305,-0.054050032049417496,-0.04964762181043625,0.09999474138021469,-0.08088791370391846,-0.16422834992408752,0.05124819278717041,0.047618620097637177,-0.1339089572429657,0.0007772347889840603,0.10536523163318634,-0.050358619540929794,-0.2662702798843384,-0.1981613039970398,0.29724034667015076,0.035265594720840454,-0.15663957595825195,0.09608419984579086,0.06828224658966064,-0.06672486662864685,-0.07174669206142426,0.15404477715492249,-0.031240291893482208,-0.2642230987548828,0.13213610649108887,0.2118469774723053,-0.1851571500301361,-0.04684138670563698,0.23927418887615204,-0.05113585293292999,-0.15572385489940643,0.06810897588729858,0.5635106563568115,0.23342689871788025,-0.4538799226284027,0.06081860512495041,0.2249218225479126,-0.1628090739250183,-0.1400289386510849,0.22076964378356934,0.04050640016794205,-0.4182678759098053,0.16337639093399048,0.4760700762271881,-0.317293256521225,-0.258688360452652,0.42443132400512695,-0.0042944662272930145,-0.39499804377555847,-0.10458800196647644
-0.1355971395969391,0.06383281946182251,-0.07275057584047318,-0.07720205187797546,-0.06692387908697128,-0.101007841527462,-0.0734962746500969,-0.0240929014980793,-0.08818494528532028,-0.11230175942182541,0.0002407728461548686,0.023988720029592514,-0.22920460999011993,-0.08513694256544113,0.12637536227703094,-0.18227490782737732,-0.17430934309959412,-0.033929336816072464,-0.06192657724022865,0.1994299590587616,0.06284656375646591,-0.14103487133979797,0.005826696753501892,-0.023805789649486542,-0.00657239556312561,0.07691493630409241,-0.014688670635223389,-0.08820885419845581,0.08842571824789047,0.13629047572612762,-0.22944538295269012,-0.10912565886974335,0.3555799722671509,-0.09713796526193619,-0.30068469047546387,0.14834557473659515,0.11238276958465576,-0.02799724042415619,-0.1365833878517151,-0.34046483039855957,-0.05701986700296402,0.11722908169031143,-0.012399092316627502,0.10072072595357895,-0.008116275072097778,-0.16512379050254822,0.10311438888311386,0.22449932992458344,-0.31787109375,-0.24541613459587097,0.5850253701210022,0.01198769360780716,-0.6562646627426147,0.24548354744911194,0.41306746006011963,-0.17634281516075134,-0.14038001000881195,0.4595741927623749,0.30693867802619934,0.34874919056892395,0.34830909967422485,0.306206077337265,0.3503112494945526,0.35907092690467834,0.3795803189277649,0.36028361320495605,0.38637691736221313,0.40336811542510986,0.3571413457393646,0.40845248103141785,0.5077892541885376,0.38835760951042175,0.3408794701099396,0.37569352984428406,0.47614720463752747,0.5229801535606384,-0.15263551473617554,-0.11082500219345093,0.04137042164802551,-0.042543113231658936,0.002002149820327759,0.05286484956741333,0.02926906943321228,0.00121268630027771,0.006796598434448242,0.04308450222015381,-0.02923557162284851,0.005084365606307983,0.15064790844917297,-0.020094871520996094,-0.16690978407859802,-0.012664079666137695,0.1352677345275879,0.14728662371635437,0.04683294892311096,0.04181051254272461,0.19400593638420105,0.06828188896179199,-0.039368271827697754,0.09540796279907227,0.02726691961288452,-0.05165216326713562,-0.022472470998764038,0.0418718159198761,-0.03603217005729675,-0.038000136613845825,0.17988348007202148,-0.025179237127304077,-0.317557692527771,0.0074307918548583984,0.3021775186061859,0.15995070338249207,-0.08843478560447693,-0.10045367479324341,1.100860834121704,1.100860834121704,0.952195405960083,0.9577590823173523,0.9577590823173523,0.8311482071876526,1.310652732849121,1.310652732849121,0.9754031300544739,1.2350594997406006,1.3536826372146606,1.3536826372146606,1.2777385711669922,1.3290377855300903,1.3290377855300903,0.6901460886001587,1.1137619018554688,1.5591504573822021,1.5591504573822021,0.0,-0.1486654281616211,-0.1431017518043518,0.005563676357269287,-0.1266108751296997,0.3528936505317688,0.4795045256614685,-0.3352496027946472,-0.07559323310852051,0.37827950716018677,0.11862313747406006,-0.07594406604766846,-0.024644851684570312,0.051299214363098145,-0.6388916969299316,-0.21527588367462158,0.8690043687820435,0.4453885555267334,0.0,-0.1486654281616211,-0.1431017518043518,0.15422910451889038,0.0164908766746521,0.3473299741744995,0.6061154007911682,-0.688143253326416,-0.555097758769989,0.713529109954834,0.19421637058258057,-0.4542235732078552,-0.14326798915863037,0.1272432804107666,-0.6142468452453613,-0.2665750980377197,1.507896065711975,0.660664439201355,-0.8690043687820435,-0.4453885555267334,1.100860834121704,1.100860834121704,0.952195405960083,0.9577590823173523,0.9577590823173523,1.2231554985046387,1.310652732849121,1.310652732849121,1.1776524782180786,1.2350594997406006,1.3536826372146606,1.3536826372146606,1.2908666133880615,1.3290377855300903,1.3290377855300903,1.2700631618499756,1.2700631618499756,1.5848809480667114,1.5848809480667114,0.0,-0.1486654281616211,-0.1431017518043518,0.005563676357269287,0.2653964161872864,0.3528936505317688,0.08749723434448242,-0.13300025463104248,-0.07559323310852051,0.17603015899658203,0.11862313747406006,-0.06281602382659912,-0.024644851684570312,0.03817117214202881,-0.058974623680114746,-0.058974623680114746,0.31481778621673584,0.31481778621673584,0.0,-0.1486654281616211,-0.1431017518043518,0.15422910451889038,0.4084981679916382,0.3473299741744995,-0.17789918184280396,-0.4858939051628113,-0.16309046745300293,0.3090304136276245,0.19421637058258057,-0.23884618282318115,-0.14326798915863037,0.10098719596862793,-0.034329771995544434,-0.09714579582214355,0.3737924098968506,0.3737924098968506,-0.31481778621673584,-0.31481778621673584,-1.0940808057785034,-0.8327785134315491,-0.8327785134315491,-0.7254281044006348,-0.7545444965362549,-1.2231554985046387,-1.2231554985046387,-1.0310062170028687,-1.1776524782180786,-1.1776524782180786,-1.055058479309082,-0.7913385033607483,-1.2908666133880615,-1.2908666133880615,-0.8605751991271973,-1.2700631618499756,-1.2700631618499756,-1.5848809480667114,-1.5848809480667114,0.26130229234695435,0.26130229234695435,0.1073504090309143,0.07823401689529419,-0.4977273941040039,-0.4686110019683838,0.19214928150177002,0.04550302028656006,-0.14664626121520996,0.12259399890899658,0.3863139748573303,-0.2358081340789795,-0.49952811002731323,0.43029141426086426,0.020803451538085938,-0.4094879627227783,-0.31481778621673584,-0.31481778621673584,0.0,0.0,-0.15395188331604004,-0.18306827545166016,-0.6050778031349182,-0.546845018863678,0.6898766756057739,0.5141140222549438,-0.33879554271698,0.07709097862243652,0.5329602360725403,-0.3584021329879761,-0.8858420848846436,0.6660995483398438,0.5203315615653992,-0.8397793769836426,-0.3356212377548218,0.09467017650604248,0.31481778621673584,0.31481778621673584,0.0033366787247359753,0.0009302180260419846,0.0009302180260419846,0.00048603862524032593,0.00048603862524032593,0.003887440077960491,6.099045276641846e-05,6.099045276641846e-05,0.000563119538128376,0.0023364610970020294,0.0023364610970020294,0.0007484760135412216,0.0007484760135412216,0.0003911461681127548,0.0003911461681127548,0.0020796796306967735,0.0013889132533222437,0.0013889132533222437,0.0,-0.0024064606986939907,-0.0024064606986939907,-0.00044417940080165863,-0.00044417940080165863,0.0034014014527201653,-0.00042504817247390747,-0.0038264496251940727,0.0005021290853619576,0.002275470644235611,0.0017733415588736534,-0.0015879850834608078,-0.0015879850834608078,-0.0003573298454284668,-0.0003573298454284668,0.0016885334625840187,0.0009977670852094889,-0.0006907663773745298,-0.0013889132533222437,-0.0013889132533222437,0.0,0.001962281297892332,0.001962281297892332,0.003845580853521824,1.913122832775116e-05,-0.007227851077914238,0.000927177257835865,0.006101920269429684,0.0012712124735116959,-0.0038634557276964188,-0.003361326642334461,0.001230655238032341,0.001230655238032341,0.0020458633080124855,0.0013550969306379557,-0.0023792998399585485,-0.0023866803385317326,-0.0006981468759477139,0.0,0.006780028343200684,0.26808232069015503,0.11941689252853394,0.23233097791671753,0.2032145857810974,-0.3920072913169861,0.08749723434448242,0.27964651584625244,-0.20224934816360474,0.05740702152252197,0.2986241579055786,0.5623441338539124,-0.013128042221069336,0.03817117214202881,0.46846258640289307,-0.5799170732498169,-0.15630125999450684,-0.025730490684509277,-0.025730490684509277,0.26130229234695435,0.11263686418533325,-0.0357513427734375,0.08379769325256348,-0.6243382692337036,-0.11571735143661499,0.6716538071632385,-0.28974658250808716,-0.22223949432373047,0.5008735060691833,0.5049371123313904,-0.31175220012664795,-0.5241729617118835,0.4815906286239624,-0.6180882453918457,-0.6247638463973999,0.5541865825653076,0.13057076930999756,0.0,-0.1486654281616211,-0.29705363512039185,-0.028839170932769775,-0.5885869264602661,-0.19951504468917847,1.295992136001587,-0.17402923107147217,-0.893893301486969,0.7906200885772705,0.7271766066551208,-0.8126257061958313,-1.029110074043274,0.7933428287506104,-0.09391528367996216,-1.1063544750213623,1.1722748279571533,0.7553346157073975,-0.5541865825653076,-0.13057076930999756,2.194941520690918,1.9336392879486084,1.7849738597869873,1.6831872463226318,1.712303638458252,2.0543036460876465,2.5338082313537598,2.3416590690612793,2.1530556678771973,2.4127120971679688,2.408740997314453,2.1450212001800537,2.5686051845550537,2.6199045181274414,2.189612865447998,1.9602092504501343,2.3838250637054443,3.144031524658203,3.144031524658203,-0.26130223274230957,-0.40996766090393066,-0.25045204162597656,-0.07267022132873535,0.37111639976501465,0.8215045928955078,0.2873554229736328,-0.3807525634765625,0.07105302810668945,0.25568532943725586,-0.26769089698791504,0.15986418724060059,0.4748833179473877,-0.37899231910705566,-0.6596952676773071,0.1942121982574463,1.1838222742080688,0.7602064609527588,0.0,-0.1486654281616211,0.010850191116333008,0.3372974395751953,0.6215684413909912,0.8941748142242432,-0.08376097679138184,-1.2022571563720703,-0.21630239486694336,0.6364378929138184,-0.3387439250946045,-0.09582114219665527,0.7425742149353027,-0.5388565063476562,-1.1345785856246948,0.573204517364502,1.843517541885376,0.5659942626953125,-1.1838222742080688,-0.7602064609527588,0.528313398361206,0.6321338415145874,0.5247693061828613,0.5239054560661316,0.5537797212600708,0.4459526240825653,0.6717763543128967,0.670539915561676,0.5128872394561768,0.6173568964004517,0.6679664850234985,0.7099664211273193,0.6310749053955078,0.6001075506210327,0.664350152015686,0.36449846625328064,0.5720779895782471,0.6967076659202576,0.6694925427436829,0.10382044315338135,-0.0035440921783447266,-0.10822838544845581,0.029010415077209473,-0.07795283198356628,0.11799663305282593,0.22458729147911072,-0.15888911485671997,-0.053183019161224365,0.15507924556732178,0.09260952472686768,-0.03689157962799072,-0.10985887050628662,0.03327524662017822,-0.23560908436775208,-0.09227216243743896,0.33220919966697693,0.09741455316543579,-0.027215123176574707,-0.10736453533172607,-0.21204882860183716,0.0325545072555542,0.030275553464889526,0.08898621797561646,0.302540123462677,-0.2768857479095459,-0.2777703106403351,0.31396836042404175,0.14579254388809204,-0.1919708251953125,-0.2024683952331543,0.07016682624816895,-0.12575021386146545,-0.1255474090576172,0.567818284034729,0.18968671560287476,-0.35942432284355164,-0.1246296763420105,0.22449904680252075,1.091565728187561,0.1744600385427475,0.5684000849723816,0.13344138860702515,0.3650946617126465,0.16107149422168732,0.9394209384918213,0.3661474585533142,0.6872515082359314,0.3288477957248688,0.14628590643405914,1.2777385711669922,0.49272942543029785,0.34677058458328247,0.08846592903137207,0.1824609786272049,0.05038171261548996,1.1467199325561523,0.8670666813850403,-0.050039008259773254,-0.5231656432151794,-0.04101864993572235,-0.2033054232597351,0.02763010561466217,0.5743262767791748,0.2050759643316269,-0.2521694302558899,-0.037299662828445435,-0.5409656167030334,0.9488908052444458,0.3464435338973999,-0.9309679865837097,-0.4042634963989258,-0.16430960595607758,-0.03808421641588211,0.9642589688301086,1.0963382720947266,-0.9171056747436523,-1.3902323246002197,0.009020358324050903,0.31986021995544434,0.06864875555038452,0.7776317000389099,0.17744585871696472,-0.8264957070350647,-0.24237562716007233,-0.28879618644714355,0.9861904382705688,0.8874091506004333,-1.8798587322235107,-0.7507070302963257,0.766658365726471,0.36617928743362427,1.1285685300827026,1.1344225406646729,0.13207930326461792,7.7827534675598145,3.79720139503479,4.475080966949463,4.6108784675598145,3.6935770511627197,4.981143951416016,5.981663227081299,6.025903224945068,5.400315761566162,6.612664699554443,6.963362216949463,5.456150531768799,6.937684059143066,9.931228637695312,6.6119771003723145,5.305807113647461,5.930873870849609,10.354281425476074,12.1433687210083,-3.9855520725250244,-3.3076725006103516,0.8136770725250244,-0.7815039157867432,0.37026548385620117,2.288086175918579,1.0447592735290527,-0.5813474655151367,0.586761474609375,1.5630464553833008,-1.1565141677856445,-0.025678157806396484,4.475078105926514,-0.32570695877075195,-4.625421524047852,-0.6811032295227051,5.048474311828613,6.212494850158691,1.7890872955322266,0.6778795719146729,4.799229145050049,2.5261685848236084,-0.44341158866882324,3.0695900917053223,0.6744937896728516,-2.869433641433716,-0.45799779891967773,2.1443939208984375,-1.7432756423950195,-1.5887246131896973,5.631592273712158,-0.30002880096435547,-9.100500106811523,-0.3553962707519531,9.673895835876465,6.8935980796813965,-3.2593870162963867,-4.423407554626465,0.00017038184159900993,0.0018405790906399488,-3.8332051190081984e-05,0.0012947715586051345,0.0006355463992804289,0.0033178224693983793,-7.847037340980023e-05,0.006175218150019646,0.0005041038966737688,0.0020000175572931767,0.0016935208113864064,0.0010499724885448813,0.00176022679079324,0.0019166978308930993,0.0005943038268014789,0.00029815261950716376,-4.475169043871574e-05,0.005248317029327154,0.00033515263930894434,0.0016701972344890237,-0.00020871390006504953,-0.0005458075320348144,0.0006738784722983837,0.0020230510272085667,-0.0007140167872421443,0.0028573956806212664,0.0005825742846354842,-0.004175200592726469,0.0011894169729202986,-0.0009500450687482953,6.670597940683365e-05,0.000866725342348218,-0.0011659229639917612,-0.0016185452695935965,-0.0006390555063262582,0.0049501643516123295,0.00037990431883372366,-0.0049131643027067184,-0.0018789111636579037,-0.002216004766523838,0.0008825924014672637,0.002568858675658703,-0.001387895317748189,0.0008343446534126997,0.0012965910136699677,-0.007032596506178379,0.0006068426882848144,0.0032251556403934956,-0.001122710993513465,0.0018167704110965133,-0.0012326289433985949,-0.0024852706119418144,0.000526867457665503,0.006568709388375282,0.0010189597960561514,-0.00986332818865776,-0.00529306847602129,-68724704.0,-29468706.0,-37689208.0,-37997528.0,-29116886.0,-42195012.0,-50318840.0,-52822856.0,-45888208.0,-56269620.0,-58723592.0,-45657076.0,-59348172.0,-91433984.0,-56713400.0,-44661496.0,-50577148.0,-94600984.0,-111556512.0,39256000.0,31035496.0,-8528822.0,8572322.0,-4197484.0,-21201954.0,-10627844.0,4430632.0,-3446764.0,-12835384.0,10612544.0,-624580.0,-45776908.0,2634772.0,46772488.0,6136252.0,-49939488.0,-60979364.0,-16955528.0,-8220504.0,-47784824.0,-22463174.0,4331338.0,-29774276.0,-6430360.0,25632586.0,7181080.0,-17266016.0,14059308.0,12210804.0,-56389452.0,3259352.0,92549392.0,3501480.0,-96711976.0,-67115616.0,32983960.0,44023836.0,0.14009031653404236,0.04099036380648613,0.03232591599225998,0.03705989196896553,0.022389227524399757,0.07958623766899109,0.1867050975561142,0.14943236112594604,0.08859634399414062,0.19459596276283264,0.25375837087631226,0.16362667083740234,0.21114061772823334,0.38250303268432617,0.22351709008216858,0.14355795085430145,0.1535111963748932,0.9135990142822266,1.0126677751541138,-0.09909994900226593,-0.10776440054178238,-0.003930471837520599,-0.009936688467860222,0.04252634570002556,0.164315864443779,0.06984612345695496,-0.09810875356197357,0.0451636016368866,0.16516202688217163,-0.030969291925430298,-0.04261775314807892,0.21887636184692383,0.012376472353935242,-0.23894508183002472,-0.07000589370727539,0.7700410485267639,0.859156608581543,0.09906876087188721,-0.008664451539516449,0.09516947716474533,0.09782771021127701,0.04645681753754616,0.17425255477428436,0.027319777756929398,-0.26242461800575256,-0.02468252182006836,0.2632707953453064,-0.0761328935623169,-0.20777978003025055,0.24984565377235413,0.05499422550201416,-0.45782142877578735,-0.08238236606121063,1.0089861154556274,0.9291625022888184,-0.6709722876548767,-0.7600878477096558,-0.06808426976203918,0.031766485422849655,-0.03655192255973816,-0.03867513686418533,-0.033455878496170044,-0.050405800342559814,-0.03698781505227089,-0.011256860569119453,-0.04427322745323181,-0.05612819269299507,-0.00037189770955592394,0.012194022536277771,-0.1155083030462265,-0.042397160083055496,0.06350642442703247,-0.09143239259719849,-0.08815144747495651,-0.016415908932685852,-0.03166048601269722,0.09985075891017914,0.031532347202301025,-0.07044161856174469,0.0030960440635681152,-0.011730663478374481,-0.0035319365561008453,0.03914894163608551,-0.007285412400960922,-0.04487133026123047,0.04390132799744606,0.06832221150398254,-0.11513640731573105,-0.05459118261933327,0.17901472747325897,-0.04903523251414299,-0.15165787935256958,0.07501648366451263,0.05649096146225929,-0.015244577080011368,-0.06831841170787811,-0.17029237747192383,-0.02843630313873291,0.05871095508337021,-0.006627980619668961,0.05087960511445999,-0.003753475844860077,-0.08402027189731598,0.05118674039840698,0.11319354176521301,-0.1590377390384674,-0.12291339039802551,0.2941511273384094,0.005555950105190277,-0.33067262172698975,0.12405171990394592,0.20814883708953857,-0.0902610570192337,-0.07173553854227066,0.5260523557662964,0.3740626573562622,0.4054754972457886,0.4109644591808319,0.36822280287742615,0.422708660364151,0.4705710709095001,0.4774366021156311,0.44385862350463867,0.4879987835884094,0.5138866901397705,0.45425015687942505,0.4587658941745758,0.607758641242981,0.484511137008667,0.4097898304462433,0.440997451543808,0.6257185339927673,0.6757841110229492,-0.15198969841003418,-0.12057685852050781,0.0369018018245697,-0.03725269436836243,0.011744201183319092,0.10234826803207397,0.0547279417514801,-0.02671244740486145,0.01056218147277832,0.07002806663513184,-0.033748626708984375,-0.0551207959651947,0.1535084843635559,0.025745242834091187,-0.19796881079673767,-0.04351368546485901,0.21592870354652405,0.23478665947914124,0.050065577030181885,0.03141283988952637,0.18889150023460388,0.08332416415214539,-0.02515760064125061,0.1396009624004364,0.04298374056816101,-0.12906071543693542,-0.04416576027870178,0.09674051403999329,-0.044310808181762695,-0.12514886260032654,0.18725711107254028,0.08086603879928589,-0.3514772951602936,-0.0692589282989502,0.4138975143432617,0.27830034494400024,-0.16586312651634216,-0.18472108244895935,0.27673110365867615,0.1399228721857071,0.16441038250923157,0.1688917875289917,0.13558803498744965,0.1786826103925705,0.22143712639808655,0.2279457151889801,0.19701048731803894,0.23814280331134796,0.2640795409679413,0.20634320378303528,0.2104661464691162,0.36937057971954346,0.23475103080272675,0.16792771220207214,0.19447875022888184,0.39152368903160095,0.4566841721534729,-0.13680823147296906,-0.11232072114944458,0.028968915343284607,-0.02882234752178192,0.009790822863578796,0.0858490914106369,0.04926310479640961,-0.024426639080047607,0.010197088122367859,0.06706905364990234,-0.03179959952831268,-0.05361339449882507,0.16302737593650818,0.024284884333610535,-0.2014428675174713,-0.04027228057384491,0.2235959768295288,0.26220542192459106,0.06516048312187195,0.024487510323524475,0.16577714681625366,0.08349837362766266,-0.01917809247970581,0.11467143893241882,0.03947228193283081,-0.11027573049068451,-0.03906601667404175,0.09149569272994995,-0.04199668765068054,-0.12068244814872742,0.19482697546482086,0.07789827883243561,-0.3644702434539795,-0.06455716490745544,0.4250388443470001,0.30247771739959717,-0.15843549370765686,-0.19704493880271912,0.30244654417037964,0.34291791915893555,0.5400519967079163,0.7161921858787537,0.45415937900543213,-0.07713373005390167,0.07370889186859131,0.40042614936828613,0.17123492062091827,0.30000829696655273,0.38742709159851074,0.4774608910083771,0.23481354117393494,0.4374954402446747,0.48567456007003784,-0.4760865271091461,-0.10111432522535324,-0.03049948625266552,-0.08444826304912567,0.04047137498855591,0.23760545253753662,0.3732742667198181,-0.08589261770248413,-0.7933259010314941,-0.3804504871368408,0.4775598645210266,0.09752602875232697,-0.1004178524017334,0.21619217097759247,0.17745259404182434,-0.1526135504245758,-0.03996545076370239,0.2508610188961029,-0.9135819673538208,-0.5867888927459717,0.44558703899383545,0.01666606217622757,-0.053948774933815,0.1971340775489807,0.3328028917312622,-0.32349807024002075,-1.166600227355957,-0.2945578694343567,1.270885705947876,0.4779765009880066,-0.57797771692276,0.1186661422252655,0.27787044644355774,-0.3688057065010071,-0.21741804480552673,0.4034745693206787,-0.8736165165901184,-0.837649941444397,1.3591690063476562,0.6034549474716187,-0.49953579902648926,-0.07061483711004257,2.2638559341430664,2.719592332839966,2.538329601287842,2.738415002822876,2.7116012573242188,2.693446159362793,3.4605555534362793,3.006042242050171,2.835155963897705,3.3165695667266846,3.107459545135498,3.2608840465545654,3.368485927581787,2.5536506175994873,2.688370943069458,2.9776666164398193,2.972216844558716,3.3326404094696045,2.7641022205352783,0.4557363986968994,0.2744736671447754,0.018822669982910156,0.17327165603637695,-0.04496884346008301,0.7489542961120605,0.31259608268737793,-0.6253995895385742,0.31052732467651367,0.27230358123779297,-0.05568552017211914,0.26102638244628906,-0.7072334289550781,-0.6801149845123291,0.42401599884033203,0.2838459014892578,0.35497379302978516,-0.2081146240234375,-0.5685381889343262,-0.18126273155212402,-0.43691372871398926,-0.10120201110839844,-0.06379151344299316,0.5756826400756836,0.35756492614746094,-1.3743538856506348,-0.002068758010864258,0.8977031707763672,-0.3662128448486328,-0.011277198791503906,-0.651547908782959,-0.9411413669586182,1.1312494277954102,0.9639608860015869,-0.06904220581054688,-0.4919605255126953,-0.9235119819641113,-0.36042356491088867,-68.06976318359375,32.04407501220703,-36.520790100097656,-38.755428314208984,-33.595787048339844,-50.705936431884766,-36.8951301574707,-12.094636917114258,-44.26884078979492,-56.375484466552734,0.12086796760559082,12.042337417602539,-115.06071472167969,-42.738746643066406,63.440433502197266,-91.50200653076172,-87.50328826904297,-17.032527923583984,-31.087141036987305,100.11383819580078,31.548973083496094,-70.79949951171875,2.9250030517578125,-11.950508117675781,-3.2993431091308594,38.611297607421875,-7.373710632324219,-44.280845642089844,44.38970947265625,68.4178237915039,-115.18157958984375,-54.78108215332031,178.5011444091797,-48.76325988769531,-150.9437255859375,74.469482421875,56.41614532470703,-14.05461311340332,-68.56486511230469,-170.913330078125,-28.62397003173828,58.84899139404297,-6.224346160888672,50.561805725097656,-4.074367523193359,-82.89214324951172,51.76342010498047,112.69866943359375,-159.5712890625,-123.19890594482422,293.6827392578125,6.017822265625,-329.44488525390625,123.23274230957031,207.35986328125,-88.52409362792969,-70.47075653076172,-0.18395845592021942,0.01701704040169716,-0.16338756680488586,-0.162152498960495,-0.11783811450004578,-0.1002061516046524,-0.015723377466201782,-0.03899001330137253,-0.05870598927140236,-0.10382674634456635,-0.007551496382802725,0.052578963339328766,-0.2550504207611084,-0.20058313012123108,0.023921770974993706,-0.13096463680267334,-0.1932254433631897,-0.021975498646497726,0.0,0.20097549259662628,0.020570889115333557,-0.17916953563690186,0.04554945230484009,0.06194634735584259,0.102114737033844,0.06121613830327988,-0.04298261180520058,-0.06483673304319382,0.051154494285583496,0.1564057171344757,-0.24749892950057983,-0.25316208600997925,0.27897217869758606,0.06961849331855774,-0.21714721620082855,0.10898913443088531,0.1932254433631897,0.021975498646497726,-0.18040460348129272,-0.38014501333236694,0.02497856318950653,0.24111588299274445,0.056565284729003906,-0.0007302090525627136,-0.14509734511375427,-0.1260528713464737,0.09413710236549377,0.22124245762825012,-0.29865342378616333,-0.40956780314445496,0.5264711380004883,0.322780579328537,-0.4961193799972534,0.039370641112327576,0.41037267446517944,-0.08701363205909729,-0.17124994099140167
-0.15365591645240784,0.015302550978958607,0.04514428973197937,-0.20270296931266785,-0.037935636937618256,0.15552695095539093,-0.24256189167499542,-0.1443716585636139,0.1871056854724884,-0.07979636639356613,-0.1601722240447998,0.1040327325463295,-0.1204378679394722,-0.09251123666763306,0.02523289993405342,-0.08073659241199493,-0.057821840047836304,-0.06791308522224426,-0.009236250072717667,0.16895847022533417,0.1988002061843872,-0.21800552308559418,-0.08307992666959763,0.35822993516921997,-0.20462626218795776,-0.299898624420166,0.429667592048645,0.06457529217004776,-0.3472779095172882,0.18382909893989563,0.039734356105327606,-0.19654396176338196,0.14567077159881592,0.011774644255638123,-0.08305473625659943,0.012823507189750671,0.04858558997511864,0.058676835149526596,0.02984173595905304,-0.38696399331092834,-0.28188014030456543,0.5762354731559753,-0.12154633551836014,-0.658128559589386,0.6342938542366028,0.3644739091396332,-0.7769454717636108,0.11925380676984787,0.3870122730731964,-0.3803730607032776,0.10593641549348831,0.20831860601902008,-0.22872550785541534,0.0010488629341125488,0.13164032995700836,0.045853327959775925,0.010091245174407959,0.2911871671676636,0.27009478211402893,0.23265928030014038,0.29171615839004517,0.3701024055480957,0.35522639751434326,0.47625604271888733,0.45597025752067566,0.27801772952079773,0.3508530855178833,0.43642374873161316,0.3609468936920166,0.5150090456008911,0.6105292439460754,0.4108012020587921,0.34134259819984436,0.2977793216705322,0.2664346694946289,0.267255961894989,-0.021092385053634644,-0.05852788686752319,0.021621376276016235,0.13744312524795532,0.0635102391242981,0.10615363717079163,0.1007438600063324,-0.1982383131980896,-0.10511717200279236,0.15840601921081543,0.0100938081741333,0.07858529686927795,0.24958235025405884,-0.104207843542099,-0.2691866457462311,-0.11302188038825989,-0.07490792870521545,-0.030523359775543213,0.0008212924003601074,-0.03743550181388855,0.04271376132965088,0.19597101211547852,0.04188886284828186,-0.031289488077163696,0.0372336208820343,-0.3043919503688812,-0.20586103200912476,0.35664433240890503,0.11521098017692566,-0.07982072234153748,0.23948854207992554,-0.18279314041137695,-0.5187690258026123,-0.008814036846160889,0.19427871704101562,0.08249852061271667,0.07572922110557556,0.03134465217590332,0.6673304438591003,0.7712286114692688,0.7712286114692688,0.6760943531990051,0.9733490943908691,0.9733490943908691,0.9778363108634949,0.9778363108634949,0.9150691032409668,0.6817656755447388,0.89478999376297,0.89478999376297,0.6989908218383789,1.6697947978973389,1.6697947978973389,0.7088881134986877,0.7088881134986877,0.9729017019271851,0.9729017019271851,0.10389816761016846,0.10389816761016846,-0.09513425827026367,0.20212048292160034,0.297254741191864,0.004487216472625732,0.004487216472625732,-0.06276720762252808,-0.2960706353187561,-0.020279109477996826,0.2130243182182312,-0.19579917192459106,0.7750048041343689,0.97080397605896,-0.9609066843986511,-0.9609066843986511,0.2640135884284973,0.2640135884284973,0.0,0.0,-0.19903242588043213,0.09822231531143188,0.3923889994621277,-0.1976332664489746,-0.2927675247192383,-0.06725442409515381,-0.30055785179138184,0.04248809814453125,0.5090949535369873,-0.17552006244659424,0.5619804859161377,1.1666030883789062,-1.73591148853302,-1.9317107200622559,1.2249202728271484,1.2249202728271484,-0.2640135884284973,-0.2640135884284973,0.8420308232307434,0.7712286114692688,0.7712286114692688,1.0852891206741333,1.0852891206741333,1.051619052886963,1.4162330627441406,1.4162330627441406,0.9150691032409668,1.2358145713806152,1.4358280897140503,1.4358280897140503,2.692622423171997,2.692622423171997,1.6697947978973389,0.9978410601615906,0.9978410601615906,0.9729017019271851,0.9729017019271851,-0.07080221176147461,-0.07080221176147461,0.3140605092048645,0.3140605092048645,-0.03367006778717041,0.3309439420700073,0.36461400985717773,-0.5011639595031738,-0.1804184913635254,0.5207589864730835,0.20001351833343506,1.2567943334579468,1.2567943334579468,-1.0228276252746582,-1.6947813034057617,-0.6719537377357483,-0.024939358234405518,-0.024939358234405518,0.0,0.0,0.3848627209663391,0.3848627209663391,-0.3477305769920349,0.016883432865142822,0.39828407764434814,-0.8321079015731812,-0.5450325012207031,1.0219229459762573,0.38043200969696045,0.7360353469848633,1.0567808151245117,-2.2796220779418945,-2.951575756072998,0.3508738875389099,1.669842004776001,0.6470143795013428,0.024939358234405518,0.024939358234405518,-0.8420308232307434,-0.6096682548522949,-0.5413225889205933,-1.0852891206741333,-1.0852891206741333,-1.051619052886963,-1.4162330627441406,-1.4162330627441406,-0.47829270362854004,-1.2358145713806152,-1.4358280897140503,-1.4358280897140503,-2.692622423171997,-2.692622423171997,-1.0781370401382446,-0.9978410601615906,-0.9978410601615906,-0.9115455150604248,-0.9115455150604248,0.2323625683784485,0.30070823431015015,-0.4756208658218384,-0.54396653175354,0.03367006778717041,-0.3309439420700073,-0.36461400985717773,0.9379403591156006,0.1804184913635254,-0.9575353860855103,-0.20001351833343506,-1.2567943334579468,-1.2567943334579468,1.6144853830337524,1.6947813034057617,0.08029597997665405,0.08629554510116577,0.08629554510116577,0.0,0.06834566593170166,-0.7079834342002869,-0.8446747660636902,0.5092909336090088,0.21302258968353271,-0.39828407764434814,1.268884301185608,0.5450325012207031,-1.8954757452011108,-0.38043200969696045,-0.2992589473724365,-1.0567808151245117,2.871279716491699,2.951575756072998,-1.5341894626617432,-1.6084856986999512,0.005999565124511719,-0.08629554510116577,-0.08629554510116577,0.0005222056061029434,0.001292315311729908,0.0007374335546046495,0.0007374335546046495,0.0024360865354537964,0.0033158687874674797,0.0033158687874674797,0.00013951817527413368,0.00013951817527413368,0.0013175220228731632,0.0012035350082442164,0.000299399602226913,0.000299399602226913,0.000711888016667217,0.0003983895294368267,0.0003983895294368267,1.9409111700952053e-05,1.9409111700952053e-05,0.0,0.0007701097056269646,0.00021522794850170612,-0.0005548817571252584,0.0016986529808491468,0.00257843523286283,0.0008797822520136833,-0.003176350612193346,-0.003176350612193346,0.0011780038475990295,0.0010640168329700828,-0.0010181224206462502,-0.0009041354060173035,0.00041248841444030404,9.898992720991373e-05,-0.0003134984872303903,-0.00037898041773587465,-0.00037898041773587465,-1.9409111700952053e-05,-1.9409111700952053e-05,-0.0005548817571252584,-0.001324991462752223,0.0014834250323474407,0.0031333169899880886,-0.0008188707288354635,-0.0057547856122255325,-0.004056132864207029,0.0043543544597923756,0.004240367561578751,-0.002196126151829958,-0.001968152355402708,0.0014306108932942152,0.0010031253332272172,-0.0007259869016706944,-0.0004779703449457884,-6.548193050548434e-05,0.0003595713060349226,0.0003595713060349226,0.0,-0.17470037937164307,0.16156035661697388,0.22990602254867554,-0.4091947674751282,-0.11194002628326416,-0.07826995849609375,-0.43839675188064575,-0.43839675188064575,0.43677639961242676,-0.5540488958358765,-0.5410380959510803,-0.5410380959510803,-1.9936316013336182,-1.0228276252746582,0.5916577577590942,-0.28895294666290283,-0.28895294666290283,0.061356186866760254,0.061356186866760254,0.33626073598861694,0.4046064019203186,-0.570755124092102,-0.3418460488319397,0.3309248089790344,-0.3264567255973816,-0.360126793384552,0.8751731514930725,-0.11565214395523071,-0.9778144955635071,0.013010799884796143,-1.4525935649871826,-0.4817895293235779,2.585289478302002,0.7338746786117554,-0.8806107044219971,0.3503091335296631,0.3503091335296631,0.0,0.06834566593170166,-0.907015860080719,-0.7464524507522583,0.9016799330711365,0.015389323234558105,-0.6910516023635864,1.201629877090454,0.2444746494293213,-1.8529876470565796,0.12866294384002686,-0.47477906942367554,-0.494800329208374,4.0378828048706055,1.2156641483306885,-3.465900182723999,-0.3835655450820923,1.2309198379516602,-0.3503091335296631,-0.3503091335296631,1.5093612670898438,1.380896806716919,1.3125512599945068,1.7613835334777832,2.058638095855713,2.024968147277832,2.3940694332122803,2.3940694332122803,1.3933618068695068,1.917580246925354,2.330618143081665,2.330618143081665,3.391613245010376,4.362417221069336,2.747931957244873,1.7067291736602783,1.7067291736602783,1.8844472169876099,1.8844472169876099,-0.1284644603729248,-0.19681000709533691,0.38048672676086426,0.746086835861206,0.26358461380004883,0.3354313373565674,0.36910128593444824,-1.0007076263427734,-0.47648918628692627,0.9372563362121582,0.41303789615631104,1.060995101928711,2.031799077987671,-0.6436812877655029,-2.6556880474090576,-1.0412027835845947,0.17771804332733154,0.17771804332733154,0.0,-0.06834554672241211,0.5089511871337891,0.942896842956543,-0.11690211296081543,-0.41065549850463867,0.10551667213439941,-1.3361389636993408,-0.8455904722213745,1.9379639625549316,0.8895270824432373,0.12373876571655273,1.6187611818313599,-1.7046763896942139,-4.6874871253967285,-0.3975214958190918,2.8334059715270996,1.2189208269119263,-0.17771804332733154,-0.17771804332733154,0.39506828784942627,0.47643110156059265,0.5046659708023071,0.3876608610153198,0.513279139995575,0.5266180038452148,0.45204633474349976,0.4577628970146179,0.5504767298698425,0.3625408411026001,0.4315805733203888,0.4715934693813324,0.2830362319946289,0.6384887099266052,0.7992987632751465,0.3916752338409424,0.4168758690357208,0.5838341116905212,0.5807910561561584,0.08136281371116638,0.10959768295288086,-0.08877024054527283,0.008613169193267822,0.13895714282989502,-0.061232805252075195,-0.06885510683059692,0.09843039512634277,-0.09522205591201782,-0.11889615654945374,0.1090526282787323,-0.1485443413257599,0.16689524054527283,0.5162625312805176,-0.24681347608566284,-0.38242289423942566,0.19215887784957886,0.16391518712043762,-0.003043055534362793,0.028234869241714478,-0.1701330542564392,-0.10098451375961304,0.22772738337516785,-0.06984597444534302,-0.20781224966049194,0.15966320037841797,-0.0263669490814209,-0.2173265516757965,0.20427468419075012,-0.029648184776306152,0.05784261226654053,0.6648068428039551,-0.41370871663093567,-0.8986854553222656,0.4389723539352417,0.5463380813598633,-0.19520193338394165,-0.16695824265480042,0.20691844820976257,0.07370831817388535,0.4069400727748871,0.32837530970573425,0.4624505341053009,0.5968602895736694,0.05867652967572212,0.24213817715644836,0.9150691032409668,0.46930673718452454,0.3645736277103424,0.13382910192012787,0.3698846697807312,0.2803272306919098,0.1664033979177475,0.5777824521064758,0.11679714918136597,0.032045166939496994,0.33561331033706665,-0.13321012258529663,0.2000216245651245,0.2546669840812683,0.05551046133041382,0.2684849798679352,-0.4037739932537079,-0.35472211241722107,0.8563925623893738,0.22716856002807617,-0.5504955053329468,-0.33547765016555786,0.005311042070388794,0.14649812877178192,-0.2034812718629837,0.29745522141456604,-0.04960624873638153,-0.5457372665405273,0.21881616115570068,0.30356815457344055,0.33323174715042114,0.38787710666656494,-0.1445111632347107,0.01381799578666687,-0.4592844545841217,-0.6232070922851562,1.2601665258407593,0.5818907022476196,-1.4068880081176758,-0.562646210193634,0.5558065176010132,0.481975793838501,-0.2087923139333725,0.15095709264278412,0.15387502312660217,-0.843192458152771,0.2684224247932434,0.8493053913116455,0.08475199341773987,3.360819101333618,2.8346688747406006,2.2515757083892822,3.8193676471710205,5.338634967803955,4.817944049835205,9.0386381149292,8.595526695251465,3.1523163318634033,5.162772178649902,7.6279377937316895,5.350366115570068,15.356341361999512,19.311216354370117,7.8629584312438965,4.429721832275391,3.4518661499023438,3.1833770275115967,3.2506210803985596,-0.5261502265930176,-1.109243392944336,0.9846987724304199,3.087059259414673,0.9985764026641846,3.700003147125244,3.7775826454162598,-5.886322021484375,-3.4327545166015625,4.475621223449707,0.18759393692016602,7.728403568267822,13.96084976196289,-7.493382930755615,-14.881494522094727,-4.411092281341553,-1.246344804763794,-0.20124506950378418,0.06724405288696289,-0.5830931663513184,1.5108489990234375,4.19630241394043,0.013877630233764648,0.6129438877105713,2.779006242752075,-9.586324691772461,-7.210337162017822,10.361943244934082,3.6203484535217285,3.2527823448181152,13.773256301879883,-15.221786499023438,-28.842344284057617,3.0822906494140625,13.635149955749512,4.209847450256348,1.3135888576507568,0.26848912239074707,3.45857442880515e-05,0.0008231826359406114,0.0009721707319840789,0.0027393533382564783,0.001465359004214406,0.0014588292688131332,4.578915468300693e-05,0.0009086725767701864,-0.0005931890336796641,0.0012089211959391832,-0.0009273458272218704,0.0007856966694816947,-0.0007914911839179695,0.002461210824549198,-0.0002822202513925731,0.001691364450380206,-0.0006622587679885328,-0.00014530796033795923,-0.00044417730532586575,0.0007885968661867082,0.0009375849622301757,0.001916170702315867,0.0004931882722303271,-0.001280524069443345,-0.001419569831341505,-0.0005501566920429468,-0.0006389782065525651,0.0003002486191689968,-0.0003341567935422063,-0.00042322452645748854,0.00013585464330390096,0.0016755141550675035,0.0005092709325253963,-0.000769846374168992,-0.00038003851659595966,-0.0018366724252700806,0.00021808146266266704,-0.0002988693304359913,0.00014898809604346752,0.0011275738943368196,-0.0004443966899998486,-0.003196694888174534,-0.0019127581035718322,0.0007303673774003983,0.00078059162478894,0.0008504053112119436,0.0003048214130103588,-0.0007234731456264853,0.00047001143684610724,0.002098738681524992,0.0003734162892214954,-0.0024453606456518173,-0.000889309449121356,-0.0010668260511010885,0.0005981199792586267,0.0015378030948340893,-0.0005169507930986583,-26787994.0,-22669166.0,-16818010.0,-32191632.0,-47732144.0,-39901128.0,-80268880.0,-78009440.0,-25927956.0,-43373648.0,-66567932.0,-45485384.0,-143135952.0,-185689888.0,-69684224.0,-36370596.0,-27667428.0,-25086818.0,-26030844.0,4118828.0,9969984.0,-9522466.0,-30914134.0,-7709496.0,-32536736.0,-38108312.0,54340924.0,34635792.0,-40639976.0,-2111736.0,-76568016.0,-140204512.0,73451728.0,149319296.0,42016796.0,11283778.0,1636584.0,-944026.0,5851156.0,-13641294.0,-40884120.0,1812970.0,-1622602.0,-30398816.0,86877664.0,72744104.0,-94980896.0,-36747528.0,-35928040.0,-138092768.0,150019744.0,289523808.0,-31434932.0,-138035520.0,-40380212.0,-12227804.0,-2580610.0,0.015177207067608833,0.009528584778308868,0.0072337668389081955,0.05751294642686844,0.07609210163354874,0.04949135705828667,0.36746612191200256,0.3494967520236969,0.013576827943325043,0.10413151979446411,0.28125056624412537,0.18443536758422852,9.432968139648438,10.01978588104248,0.6153741478919983,0.04091518372297287,0.0209745392203331,0.026239071041345596,0.026958489790558815,-0.005648622289299965,-0.007943440228700638,0.04798436164855957,0.06885833293199539,-0.008021589368581772,0.2913740277290344,0.30000540614128113,-0.3538892865180969,-0.2453652322292328,0.2676737308502197,0.0803038477897644,9.151717185974121,9.835350036621094,-8.817593574523926,-9.978870391845703,-0.594399631023407,-0.014676112681627274,0.005983950570225716,0.0007194187492132187,-0.002294817939400673,0.053632982075214386,0.07680177688598633,-0.05600595101714134,0.22251570224761963,0.3080269992351532,-0.6452633142471313,-0.5453706383705139,0.6215630173683167,0.3256690800189972,8.88404369354248,9.755045890808105,-17.969310760498047,-19.814220428466797,8.223194122314453,9.964194297790527,0.6003835797309875,0.015395531430840492,-0.005264531821012497,-0.07721540331840515,0.0078226737678051,0.02270379662513733,-0.10129749774932861,-0.018784409388899803,0.07820844650268555,-0.12221628427505493,-0.07237401604652405,0.09330601990222931,-0.03986860811710358,-0.08077524602413177,0.05234350264072418,-0.06074841320514679,-0.04601981118321419,0.01258221734315157,-0.040274396538734436,-0.02926301397383213,-0.034136589616537094,-0.004804410971701145,0.08503808081150055,0.09991919994354248,-0.10912017524242401,-0.04148820787668228,0.17950594425201416,-0.10343187302350998,-0.1505824625492096,0.21552230417728424,0.03250540792942047,-0.17408126592636108,0.09221211075782776,0.020026832818984985,-0.09836331009864807,0.07333063334226608,0.005745414644479752,-0.041845232248306274,0.006137806922197342,0.02445860207080841,0.029332179576158524,0.014881119132041931,-0.19415825605392456,-0.14140740036964417,0.28862613439559937,-0.0619436651468277,-0.33008840680122375,0.3189541697502136,0.18308787047863007,-0.38960355520248413,0.05970670282840729,0.19410809874534607,-0.19057542085647583,0.0533038005232811,0.10410872101783752,-0.11517586559057236,0.00039239227771759033,0.06630383431911469,0.02319437265396118,0.004873577505350113,0.3221783936023712,0.3275175094604492,0.28869885206222534,0.3219873905181885,0.4483538269996643,0.3980948030948639,0.5327562093734741,0.5523526072502136,0.2906380891799927,0.4352165758609772,0.5133971571922302,0.43825066089630127,0.7535527944564819,0.8507559299468994,0.545488715171814,0.40182361006736755,0.35715416073799133,0.3407425582408905,0.35098642110824585,0.005339115858078003,-0.033479541540145874,-0.005530118942260742,0.15965497493743896,0.07610741257667542,0.08440238237380981,0.15425780415534973,-0.24211812019348145,-0.11713603138923645,0.22275906801223755,0.0030340850353240967,0.2401556372642517,0.41250526905059814,-0.20806407928466797,-0.44893231987953186,-0.18833455443382263,-0.06108105182647705,-0.006167739629745483,0.010243862867355347,-0.03881865739822388,-0.010869234800338745,0.19313451647758484,0.08163753151893616,-0.07525259256362915,0.07815039157867432,-0.32652050256729126,-0.2713938355445862,0.464877188205719,0.12017011642456055,0.01739656925201416,0.40947118401527405,-0.4482197165489197,-0.8614375591278076,0.019729524850845337,0.3878512680530548,0.18216681480407715,0.0713249146938324,0.01641160249710083,0.10379892587661743,0.10726771503686905,0.08334702253341675,0.10367588698863983,0.20102114975452423,0.1584794670343399,0.2838291823863983,0.305093377828598,0.08447050303220749,0.18941347301006317,0.2635766565799713,0.19206362962722778,0.5678418278694153,0.7237856388092041,0.2975579500198364,0.16146220266819,0.127559095621109,0.11610549688339233,0.1231914758682251,0.0034687891602516174,-0.020451903343200684,-0.0035918280482292175,0.11767412722110748,0.05480358004570007,0.08280803263187408,0.14661391079425812,-0.19935867190361023,-0.11567990481853485,0.17910614609718323,0.002650156617164612,0.30426517128944397,0.5317220091819763,-0.27028387784957886,-0.5623234510421753,-0.16999885439872742,-0.04535670578479767,-0.004367619752883911,0.007085978984832764,-0.0239206925034523,-0.007060617208480835,0.13812603056430817,0.05839540809392929,-0.0348660945892334,0.09181033074855804,-0.2821667194366455,-0.26229381561279297,0.37846481800079346,0.11833006143569946,0.12515902519226074,0.5290718674659729,-0.5745490789413452,-1.0940454006195068,0.10028502345085144,0.5169667601585388,0.1656312346458435,0.05244268476963043,0.011453598737716675,0.1256677806377411,-0.09910236299037933,0.30348461866378784,-0.1727953553199768,-0.08510398864746094,-0.613502562046051,-0.0758710727095604,-0.2837833762168884,0.00539219006896019,-0.6051302552223206,-0.24122947454452515,-1.0883071422576904,-1.6063634157180786,-0.8701101541519165,0.668751060962677,-0.20323169231414795,-0.07482815533876419,0.3055221140384674,0.2207631766796112,-0.22477014362812042,0.17781683802604675,-0.07369299232959747,-0.3885886073112488,-0.4407072067260742,0.009232915937900543,0.3297191858291626,0.08126325905323029,-0.32134687900543213,-0.24662166833877563,-0.4831768870353699,-1.3651340007781982,0.21819698810577393,2.2751145362854004,0.6668784618377686,-0.7435792088508606,0.508753776550293,0.2955913245677948,-0.0847589373588562,0.40258699655532837,0.15107715129852295,-0.5664054155349731,-0.36701422929763794,0.3978215157985687,0.7704263925552368,0.07203034311532974,-0.6510660648345947,-0.3278849124908447,-0.16183000802993774,-1.1185123920440674,0.7013738751411438,3.6402485370635986,0.44868147373199463,-3.018693685531616,-0.15812468528747559,1.039170503616333,-0.5935127139091492,-0.380350261926651,2.4083619117736816,2.4104409217834473,2.615145444869995,3.9269423484802246,2.5156126022338867,3.1889595985412598,2.3446552753448486,2.377453565597534,2.261570692062378,2.579967737197876,2.4582433700561523,4.576632499694824,4.897369861602783,3.8483777046203613,3.7798960208892822,2.22223162651062,2.413971185684204,3.457807779312134,3.168056011199951,0.002079010009765625,0.20678353309631348,1.5165014266967773,-0.0995328426361084,-0.7379827499389648,-0.17095732688903809,-0.8115060329437256,-0.0830845832824707,0.2025141716003418,0.19667267799377441,1.9966647624969482,2.439126491546631,-0.7282547950744629,-1.117473840713501,-1.6261460781097412,-1.3659248352050781,1.2355761528015137,0.7540848255157471,-0.2897517681121826,0.20470452308654785,1.5144224166870117,-0.3063163757324219,-2.254484176635742,-0.07142448425292969,-0.07352328300476074,0.08787274360656738,1.0140202045440674,0.2797572612762451,1.7941505908966064,2.2424538135528564,-2.724919557571411,-3.556600332260132,-0.8978912830352783,-0.24845099449157715,2.861722230911255,2.120009660720825,-1.5253279209136963,-1.0438365936279297,-77.13526916503906,7.681880474090576,22.662433624267578,-101.75688934326172,-19.043689727783203,78.07453155517578,-121.76606750488281,-72.47457122802734,93.92705535888672,-40.057777404785156,-80.40645599365234,52.224430084228516,-60.459808349609375,-46.44063949584961,12.666915893554688,-40.52976989746094,-29.02656364440918,-34.092369079589844,-4.636597633361816,84.81714630126953,99.79769897460938,-109.43876647949219,-41.70612335205078,179.8314208984375,-102.72238159179688,-150.54910278320312,215.693115234375,32.41679382324219,-174.33351135253906,92.28221130371094,19.94664764404297,-98.66506958007812,73.12672424316406,5.910869598388672,-41.6934814453125,6.437400817871094,24.389965057373047,29.455772399902344,14.980552673339844,-194.25592041015625,-141.50381469726562,289.27020263671875,-61.016258239746094,-330.3805236816406,318.4154968261719,182.9658966064453,-390.026611328125,59.86541748046875,194.2801513671875,-190.94728088378906,53.180076599121094,104.57594299316406,-114.82020568847656,0.5265312194824219,66.08345031738281,23.01837158203125,5.065807342529297,-0.1513042449951172,0.0802229791879654,0.021485477685928345,-0.19954246282577515,-0.0837455540895462,0.2044273316860199,-0.22925181686878204,-0.11536838114261627,0.1789723038673401,-0.004568916745483875,-0.1415570229291916,0.16544410586357117,0.1172645315527916,0.08142074942588806,0.008195212110877037,-0.04827351123094559,-0.0471455454826355,-0.061133407056331635,0.0,0.23152722418308258,0.17278972268104553,-0.27976542711257935,-0.10523103177547455,0.40396979451179504,-0.14550626277923584,-0.31979572772979736,0.40822410583496094,0.11079946160316467,-0.32052934169769287,0.17001302540302277,0.2588215470314026,-0.0840233564376831,-0.10906931757926941,-0.12969425320625305,-0.055340759456157684,-0.012859895825386047,0.0471455454826355,0.061133407056331635,-0.05873750150203705,-0.5112926363945007,-0.2780207395553589,0.6837352514266968,-0.04027523100376129,-0.72376549243927,0.5537303686141968,0.43059518933296204,-0.7287534475326538,0.05921356379985809,0.5793508887290955,-0.2540363669395447,-0.367890864610672,-0.045670896768569946,0.053728558123111725,0.116834357380867,0.10248630493879318,0.07399330288171768,0.013987861573696136
-0.001735249301418662,-0.10218530893325806,0.018239352852106094,0.01396265346556902,-0.12291606515645981,-0.08558344095945358,0.10524887591600418,-0.02676093950867653,-0.15617361664772034,0.007945913821458817,0.061261918395757675,-0.0790996253490448,-0.07402912527322769,0.03366129845380783,-0.09078812599182129,-0.025901777669787407,-0.03836926072835922,-0.008995452895760536,0.00403459882363677,-0.1004500612616539,0.0199746023863554,0.1161479651927948,-0.1411554217338562,-0.09954609721899033,0.228164941072464,0.058822501450777054,-0.2614224851131439,0.034706853330135345,0.2174355387687683,-0.08704553544521332,-0.13529103994369507,0.11276092380285263,-0.016759000718593597,-0.05956307798624039,0.05241886526346207,0.01690632477402687,0.04240385815501213,0.013030052185058594,0.12042466551065445,0.2165980339050293,-0.16113002598285675,-0.21569406986236572,0.3693203628063202,0.15836860239505768,-0.4895874261856079,-0.02411564812064171,0.47885802388191223,-0.12175238877534866,-0.3527265787124634,0.19980645179748535,0.11853203922510147,-0.17232400178909302,0.06917786598205566,0.07646940648555756,-0.010015007108449936,-0.003876272588968277,-0.029373805969953537,0.3215394616127014,0.3109949231147766,0.2657968997955322,0.314524382352829,0.3733823895454407,0.28686028718948364,0.2756548821926117,0.40155094861984253,0.31200647354125977,0.3008621335029602,0.34517404437065125,0.337091863155365,0.35399967432022095,0.33075258135795593,0.3518162667751312,0.30355560779571533,0.31478169560432434,0.35531696677207947,0.31056711077690125,-0.010544538497924805,-0.05574256181716919,0.003529459238052368,0.10758548974990845,-0.027664095163345337,-0.09772750735282898,0.11469066143035889,0.03635159134864807,-0.10068881511688232,0.03316757082939148,0.036229729652404785,0.008825629949569702,-0.006339281797409058,-0.0021834075450897217,-0.0271969735622406,-0.037034571170806885,0.051761358976364136,-0.004214584827423096,-0.04474985599517822,-0.045198023319244385,0.014073997735977173,0.16332805156707764,-0.031193554401397705,-0.20531299710273743,0.14235475659370422,0.13407909870147705,-0.2153794765472412,-0.003184020519256592,0.1369185447692871,-0.024341940879821777,-0.04256901144981384,-0.011009037494659424,-0.020857691764831543,-0.03485116362571716,0.07895833253860474,0.03281998634338379,-0.09651121497154236,-0.04053527116775513,1.0012383460998535,1.0012383460998535,0.9607306718826294,0.9607306718826294,0.7134593725204468,0.7134593725204468,1.131881833076477,1.131881833076477,0.683367908000946,0.9294214248657227,0.9294214248657227,0.728495717048645,1.0251705646514893,1.1645513772964478,1.1645513772964478,0.9275489449501038,0.9275489449501038,0.94167560338974,0.94167560338974,0.0,-0.04050767421722412,-0.04050767421722412,-0.24727129936218262,-0.24727129936218262,0.4184224605560303,0.4184224605560303,-0.448513925075531,-0.2024604082107544,0.2460535168647766,-0.20092570781707764,0.0957491397857666,0.43605566024780273,0.1393808126449585,-0.237002432346344,-0.237002432346344,0.01412665843963623,0.01412665843963623,0.0,-0.04050767421722412,-0.04050767421722412,-0.2067636251449585,-0.2067636251449585,0.6656937599182129,0.6656937599182129,-0.8669363856315613,-0.6208828687667847,0.6945674419403076,0.0015347003936767578,-0.15030437707901,0.6369813680648804,0.043631672859191895,-0.6730580925941467,-0.3763832449913025,0.2511290907859802,0.2511290907859802,-0.01412665843963623,-0.01412665843963623,1.091610312461853,1.091610312461853,0.9607306718826294,0.9607306718826294,1.2353421449661255,1.2353421449661255,1.131881833076477,1.4113157987594604,1.4113157987594604,0.9635724425315857,1.0665525197982788,1.0665525197982788,1.0251705646514893,1.1645513772964478,1.1645513772964478,0.9275489449501038,0.9729844331741333,0.9729844331741333,0.94167560338974,0.0,-0.13087964057922363,-0.13087964057922363,0.2746114730834961,0.2746114730834961,-0.10346031188964844,0.17597365379333496,0.2794339656829834,-0.44774335622787476,-0.34476327896118164,0.10298007726669312,-0.04138195514678955,0.09799885749816895,0.1393808126449585,-0.237002432346344,-0.19156694412231445,0.04543548822402954,-0.03130882978439331,-0.03130882978439331,-0.13087964057922363,-0.13087964057922363,0.4054911136627197,0.4054911136627197,-0.37807178497314453,-0.09863781929016113,0.38289427757263184,-0.6237170100212097,-0.624197244644165,0.5507234334945679,0.3033813238143921,-0.00498121976852417,0.18076276779174805,-0.33500128984451294,-0.33094775676727295,0.28243792057037354,0.16025811433792114,-0.07674431800842285,0.0,-1.091610312461853,-1.091610312461853,-0.6510336995124817,-0.889091968536377,-1.2353421449661255,-1.2353421449661255,-0.6386232972145081,-1.4113157987594604,-1.4113157987594604,-0.9635724425315857,-1.0665525197982788,-1.0665525197982788,-0.9705326557159424,-0.8943319320678711,-0.8943319320678711,-0.70396888256073,-0.9729844331741333,-0.9729844331741333,-0.8313245177268982,0.0,0.44057661294937134,0.20251834392547607,-0.5843084454536438,-0.34625017642974854,0.5967188477516174,-0.17597365379333496,-0.7726925015449524,0.44774335622787476,0.34476327896118164,-0.10298007726669312,0.09601986408233643,0.17222058773040771,0.07620072364807129,0.1903630495071411,-0.07865250110626221,-0.2690155506134033,0.1416599154472351,0.1416599154472351,0.44057661294937134,0.20251834392547607,-1.0248850584030151,-0.5487685203552246,1.1810272932052612,0.17027652263641357,-1.3694113492965698,0.6237170100212097,1.1174557209014893,-0.5507234334945679,-0.24874341487884521,0.27520066499710083,-0.019819140434265137,0.0181424617767334,-0.1548532247543335,-0.45937860012054443,0.22031241655349731,0.4106754660606384,0.0,0.0009446729673072696,0.00013149157166481018,0.00013149157166481018,0.002311705145984888,0.0001203194260597229,0.0001203194260597229,0.0005790628492832184,0.0005790628492832184,0.0009190728887915611,0.0009190728887915611,0.0012462232261896133,0.0020368769764900208,0.001164688030257821,9.601563215255737e-05,9.601563215255737e-05,0.00018416508100926876,0.00018416508100926876,0.0021864227019250393,0.0,-0.0008131813956424594,-0.0008131813956424594,0.002180213574320078,-1.117214560508728e-05,-0.002191385719925165,0.0004587434232234955,0.0004587434232234955,0.00034001003950834274,0.00034001003950834274,0.0003271503373980522,0.0011178040876984596,-8.153519593179226e-05,-0.0019408613443374634,-0.0010686723981052637,8.814944885671139e-05,8.814944885671139e-05,0.0020022576209157705,-0.00018416508100926876,-0.0021864227019250393,0.0,0.002993395086377859,0.0008020092500373721,-0.004371599294245243,0.00046991556882858276,0.0026501291431486607,-0.00011873338371515274,-0.00011873338371515274,-1.2859702110290527e-05,0.0007777940481901169,-0.0004086855333298445,-0.003058665432035923,-0.0009871372021734715,0.0020290107931941748,0.001156821846961975,0.0019141081720590591,-0.00027231452986598015,-0.004188680090010166,-0.0020022576209157705,-0.09037196636199951,-0.09037196636199951,0.3096969723701477,0.07163870334625244,-0.5218827724456787,-0.5218827724456787,0.493258535861969,-0.2794339656829834,-0.7279478907585144,-0.03415101766586304,-0.13713109493255615,-0.3380568027496338,0.054637908935546875,0.27021944522857666,0.27021944522857666,0.22358006238937378,-0.04543548822402954,-0.03130882978439331,0.1103510856628418,0.0,0.4000689387321472,0.16201066970825195,-0.8315797448158264,-0.5935214757919312,1.015141248703003,0.2424488067626953,-1.2212064266204834,0.24528294801712036,0.5908167958259583,-0.30390578508377075,0.19176900386810303,0.6082762479782104,0.21558153629302979,-0.04663938283920288,-0.3156549334526062,-0.2548888921737671,0.15578657388687134,0.1416599154472351,0.4000689387321472,0.16201066970825195,-1.2316486835479736,-0.7555321455001831,1.8467209339141846,0.8359702825546265,-2.2363476753234863,0.002834141254425049,1.8120231628417969,-0.5491887331008911,-0.3990477919578552,0.9121820330619812,0.023812532424926758,-0.6549156308174133,-0.531236469745636,-0.2082495093345642,0.47144150733947754,0.3965488076210022,-0.01412665843963623,2.092848777770996,2.092848777770996,1.6117644309997559,1.8498226404190063,1.9488015174865723,1.9488015174865723,1.7705051898956299,2.5431976318359375,2.0946836471557617,1.8929939270019531,1.9959739446640015,1.7950482368469238,1.9957032203674316,2.0588831901550293,2.0588831901550293,1.6315178871154785,1.9005334377288818,1.9146599769592285,1.7730001211166382,0.0,-0.48108434677124023,-0.24302613735198975,0.3370370864868164,0.09897887706756592,-0.17829632759094238,0.5943961143493652,0.32417845726013184,-0.6502037048339844,-0.09870970249176025,-0.0979456901550293,-0.0002707242965698242,0.26383495330810547,0.06317996978759766,-0.4273653030395508,-0.15834975242614746,0.28314208984375,-0.12753331661224365,-0.14165985584259033,-0.48108434677124023,-0.24302613735198975,0.8181214332580566,0.34200501441955566,-0.5153334140777588,0.4954172372817993,0.5024747848510742,-1.2445998191833496,-0.4228881597518921,0.5522580146789551,0.09843897819519043,0.36178064346313477,0.06345069408416748,-0.6912002563476562,-0.22152972221374512,0.7105073928833008,0.03081643581390381,-0.42480194568634033,-0.01412653923034668,0.5658659338951111,0.5711930990219116,0.585854172706604,0.5409747362136841,0.3693954646587372,0.40128234028816223,0.6492810249328613,0.5638853311538696,0.3754204213619232,0.5248334407806396,0.4952920377254486,0.3971712589263916,0.5490626692771912,0.6288614273071289,0.6309002041816711,0.5427232384681702,0.5273309946060181,0.5077449679374695,0.5387563109397888,0.005327165126800537,0.01998823881149292,-0.03021836280822754,-0.21645870804786682,-0.13969239592552185,0.27988556027412415,0.1626029908657074,-0.2738606035709381,-0.03905189037322998,0.11987161636352539,-0.12766218185424805,0.053770631551742554,0.2316901683807373,0.08183753490447998,-0.08613818883895874,-0.10356920957565308,-0.034978270530700684,0.011425316333770752,0.031011343002319336,0.014661073684692383,-0.035545527935028076,-0.23644694685935974,-0.10947403311729431,0.49634426832199097,0.30229538679122925,-0.5537461638450623,-0.20165488123893738,0.3937322199344635,-0.08861029148101807,-0.06610098481178284,0.35935235023498535,0.028066903352737427,-0.31782835721969604,-0.18540674448013306,0.05115991830825806,0.11499452590942383,0.06598961353302002,0.019586026668548584,0.21738627552986145,0.5623416304588318,0.2974012494087219,0.07598386704921722,0.034284595400094986,0.11487026512622833,0.151682049036026,0.5178885459899902,0.4521082937717438,0.03709268569946289,0.5955715179443359,0.0727183073759079,0.16280822455883026,0.7442610859870911,0.18139423429965973,0.6310099363327026,0.4580754041671753,0.021579667925834656,0.8313245177268982,0.34495535492897034,0.08001497387886047,-0.48635774850845337,-0.26311665773391724,0.03888639807701111,0.11739745736122131,0.4030182957649231,0.3004262447357178,-0.48079586029052734,0.14346322417259216,0.03562562167644501,-0.4327632784843445,0.671542763710022,0.018586009740829468,-0.11325114965438843,0.27668118476867676,-0.6094302535057068,0.3732491135597229,0.8097448348999023,-0.26494038105010986,-0.8313131332397461,-0.3431316316127777,0.5252441167831421,0.38051411509513855,0.364131897687912,0.18302878737449646,-0.8838141560554504,-0.1569630205631256,0.5164214968681335,-0.5762264728546143,0.6359171271324158,0.45134928822517395,-0.7847939133644104,0.2580951750278473,-0.49617910385131836,0.09656792879104614,1.419175148010254,0.43649572134017944,4.046372890472412,3.897519588470459,2.9855120182037354,4.106471538543701,5.744879245758057,4.125217437744141,3.8127970695495605,6.702107906341553,4.532281398773193,4.060082912445068,5.118886470794678,4.6726884841918945,5.017263889312744,4.854951858520508,4.792499542236328,3.5221176147460938,3.9517030715942383,4.884194850921631,3.853062629699707,-0.14885330200195312,-1.0608608722686768,0.2089519500732422,2.7593672275543213,0.018745899200439453,-1.932082176208496,2.576890468597412,0.7194843292236328,-2.6420249938964844,0.5866050720214844,0.6126055717468262,-0.1016225814819336,0.18226337432861328,-0.22476434707641602,-1.332834243774414,-0.8407964706420898,1.362077236175537,-0.09864044189453125,-1.0311322212219238,-0.9120075702667236,0.3578052520751953,3.820228099822998,-0.19020605087280273,-4.691449165344238,2.5581445693969727,2.651566505432129,-5.2189154624938965,-0.13287925720214844,3.2546305656433105,-0.688227653503418,-0.4303421974182129,-0.12314176559448242,-1.5150976181030273,-0.6160321235656738,2.694911479949951,0.7421560287475586,-2.393209457397461,-0.9324917793273926,0.0013178922235965729,-0.0006256754277274013,0.0008280218462459743,-0.000334247131831944,0.00042216407018713653,0.0014976421371102333,-0.00013474469596985728,0.0017698234878480434,-0.0009514964185655117,-2.6945677745970897e-05,-0.00029570647166110575,0.0025432805996388197,0.0008528977050445974,0.0021506452467292547,-4.697110125562176e-05,-0.0003215481119696051,0.0027941809967160225,0.000818660540971905,0.0030327190179377794,-0.0019435676513239741,-0.0004898703773505986,0.00029142829589545727,-0.00040585777605883777,0.0018318892689421773,-0.000556908780708909,0.00027218135073781013,-0.0008167517371475697,-0.0017967692110687494,0.0006557899760082364,0.0025702263228595257,0.0011486042058095336,-0.00039263535290956497,-0.0008998687844723463,-0.002472193446010351,0.0028411520179361105,0.0011402086820453405,0.00023853802122175694,0.0022140585351735353,0.0014536972157657146,0.0022349958308041096,8.40126012917608e-05,0.00154046097304672,-0.00015105100465007126,-0.0015597079182043672,-0.0002598429564386606,-0.0020689505618065596,0.001472541713155806,0.004366995766758919,0.0004928142298012972,-0.0029628616757690907,-0.002048472873866558,-0.002079558093100786,0.003741020802408457,0.0036124021280556917,-0.0026026139967143536,0.0010738498531281948,0.0019755205139517784,-32737264.0,-31428860.0,-24357886.0,-33481556.0,-48370160.0,-33403918.0,-30890722.0,-60227880.0,-38278160.0,-32731784.0,-41671508.0,-37822060.0,-42049004.0,-38891656.0,-38924824.0,-27726972.0,-31149712.0,-40818964.0,-30805892.0,1308404.0,8379378.0,-2052696.0,-24012274.0,77638.0,17479438.0,-26823962.0,-7387438.0,27496096.0,-3393348.0,-5090276.0,-377496.0,-1069596.0,3124180.0,11164684.0,7775112.0,-13091992.0,343820.0,10013072.0,7070974.0,-3361100.0,-32391652.0,2130334.0,41491712.0,-26901600.0,-24866876.0,54320056.0,3994090.0,-32586372.0,3015852.0,4020680.0,3501676.0,12234280.0,4650932.0,-24256676.0,-7431292.0,23105064.0,9669252.0,0.048307452350854874,0.048602394759655,0.024930668994784355,0.04224279895424843,0.1133531779050827,0.09510024636983871,0.07443616539239883,0.22435177862644196,0.1543886661529541,0.03928358480334282,0.0620545856654644,0.048127833753824234,0.05878866836428642,0.08046554774045944,0.054588042199611664,0.01965598203241825,0.03332618996500969,0.043117329478263855,0.02507121115922928,0.0002949424088001251,-0.02337678335607052,-0.0063595958054065704,0.0884225070476532,0.052857447415590286,-0.03891701251268387,0.12925153970718384,0.07995250076055527,-0.18506819009780884,-0.0923340767621994,0.008844248950481415,-0.0032659173011779785,0.03233771398663521,-0.004200626164674759,-0.06080956757068634,-0.021261852234601974,0.023461347445845604,-0.00825497880578041,-0.018046118319034576,-0.023671725764870644,-0.0066545382142066956,0.11179929226636887,0.05921704322099686,-0.12733951210975647,0.07639409601688385,0.11886951327323914,-0.3143197298049927,-0.17228657007217407,0.19391244649887085,0.08906815946102142,0.023493465036153793,-0.0009347088634967804,-0.09314727783203125,-0.017061226069927216,0.0842709168791771,0.013006873428821564,-0.04150746762752533,-0.009791139513254166,-0.0006102591287344694,-0.05161488056182861,0.009319309145212173,0.006916433107107878,-0.06161019578576088,-0.04274507611989975,0.05270456522703171,-0.013128263875842094,-0.07894600927829742,0.003979885019361973,0.030498269945383072,-0.03936310112476349,-0.03698165342211723,0.0169314406812191,-0.04567989334464073,-0.013284731656312943,-0.01905103586614132,-0.004355257842689753,0.0024410297628492117,-0.051004622131586075,0.009929568506777287,0.05853131413459778,-0.07092950493097305,-0.049661509692668915,0.11431476473808289,0.029616812244057655,-0.13165056705474854,0.017108149826526642,0.1094442754983902,-0.04334298521280289,-0.0674799233675003,0.05629454180598259,-0.008698239922523499,-0.030216172337532043,0.026628857478499413,0.008929474279284477,0.021492065861821175,0.006796287372708321,0.06093418970704079,0.10953593254089355,-0.08085907250642776,-0.1081928238272667,0.18524426221847534,0.07927832007408142,-0.24596533179283142,-0.012508662417531013,0.24109484255313873,-0.06045113503932953,-0.1769241988658905,0.09963752329349518,0.05878168344497681,-0.08651071786880493,0.03532709926366806,0.03914564847946167,-0.005136791616678238,-0.0021331869065761566,-0.014695778489112854,0.3917297422885895,0.37060412764549255,0.33599066734313965,0.3943844735622406,0.4502567648887634,0.3861429691314697,0.3653734028339386,0.5034422874450684,0.3839845657348633,0.39231622219085693,0.43631282448768616,0.4134472608566284,0.4298652410507202,0.42776697874069214,0.4165245592594147,0.3645559251308441,0.3852140009403229,0.4302881062030792,0.38224050402641296,-0.021125614643096924,-0.05573907494544983,0.023780345916748047,0.11426609754562378,-0.008241504430770874,-0.08488336205482483,0.11729931831359863,0.018611162900924683,-0.11112606525421143,0.052328258752822876,0.021131038665771484,-0.006447583436965942,0.01431971788406372,-0.013340681791305542,-0.06321105360984802,-0.0313105583190918,0.06573218107223511,-0.002973496913909912,-0.04804760217666626,-0.034613460302352905,0.04490596055984497,0.1700051724910736,-0.03202185034751892,-0.1991494596004486,0.1255408227443695,0.10349452495574951,-0.22842538356781006,0.03371709585189819,0.1322571039199829,-0.05877584218978882,-0.006811320781707764,-0.0068930983543396,-0.07753077149391174,-0.017969876527786255,0.12894323468208313,0.028337061405181885,-0.11377978324890137,-0.04507410526275635,0.15345218777656555,0.13734742999076843,0.11288972198963165,0.1555391103029251,0.2027311474084854,0.14910638332366943,0.1334977149963379,0.2534541189670563,0.14744414389133453,0.1539120078086853,0.1903688758611679,0.170938640832901,0.18478411436080933,0.18298457562923431,0.17349271476268768,0.13290101289749146,0.1483898162841797,0.18514785170555115,0.14610780775547028,-0.01610475778579712,-0.0405624657869339,0.018191680312156677,0.08984142541885376,-0.006432726979255676,-0.06923343241214752,0.10434773564338684,0.013946428894996643,-0.09954211115837097,0.042924731969833374,0.017026633024215698,-0.0055847615003585815,0.012045934796333313,-0.011291399598121643,-0.05008356273174286,-0.025102898478507996,0.05224683880805969,-0.0022820085287094116,-0.03904004395008087,-0.02445770800113678,0.034296438097953796,0.13040389120578766,-0.024624407291412354,-0.15907485783100128,0.11078046262264252,0.08317986130714417,-0.2038898468017578,0.02897830307483673,0.11656874418258667,-0.048509493470191956,-0.004980698227882385,-0.0057066380977630615,-0.06212949752807617,-0.013811498880386353,0.10233040153980255,0.022820889949798584,-0.09128688275814056,-0.03675803542137146,-0.12322697043418884,0.27369052171707153,0.5971775650978088,-0.022315390408039093,-0.305617094039917,-0.5885762572288513,0.7611857652664185,0.030398573726415634,-0.5086981058120728,-0.05546624958515167,-0.3608637750148773,-0.08678808808326721,0.4868645966053009,0.4646270275115967,0.5379762053489685,0.2613690495491028,-0.012666277587413788,-0.04976437985897064,0.13994920253753662,0.3969174921512604,0.7204045057296753,-0.29600590467453003,-0.9027946591377258,-0.5662608742713928,1.0668028593063354,0.6189748048782349,-1.2698838710784912,-0.0858648270368576,0.14783433079719543,-0.03132183849811554,0.8477283716201782,0.5514150857925415,0.0511116087436676,-0.2032579779624939,-0.5506424903869629,-0.3111334443092346,0.152615487575531,0.18971358239650726,0.3234870135784149,-0.6929234266281128,-1.623199224472046,-0.2702549695968628,1.969597578048706,1.1852357387542725,-2.336686611175537,-0.7048396468162537,1.4177181720733643,0.054542988538742065,0.6998940706253052,0.5827369093894958,-0.796616792678833,-0.7546730637550354,-0.6017540693283081,-0.10787546634674072,0.7032579779624939,0.5008470416069031,0.03709809482097626,2.8618924617767334,3.390876293182373,3.206585168838501,2.8763718605041504,2.394019603729248,3.6808173656463623,3.445082664489746,3.0011723041534424,3.744859457015991,2.88045072555542,2.749021291732788,2.404576301574707,2.809807538986206,2.8849260807037354,2.8718128204345703,2.48010516166687,2.61830997467041,2.2684314250946045,2.4310224056243896,0.5289838314056396,0.3446927070617676,-0.5145044326782227,-0.8125655651092529,0.8044455051422119,1.051063060760498,-0.6796450614929199,0.2997767925262451,-0.12072157859802246,-0.9958381652832031,-0.4758744239807129,0.06078624725341797,0.4803497791290283,0.06200528144836426,-0.40482091903686523,-0.25350284576416016,-0.21167373657226562,-0.1872875690460205,0.16259098052978516,-0.18429112434387207,-1.0434882640838623,-1.1572582721710205,1.3189499378204346,1.863628625869751,-1.4840905666351318,-0.7512862682342529,0.5589234828948975,-1.2956149578094482,-0.35515284538269043,1.056624412536621,0.9562242031097412,0.001219034194946289,-0.8851706981658936,-0.3155081272125244,0.1931471824645996,0.06621527671813965,0.3742647171020508,0.34987854957580566,-0.8710951209068298,-51.29702377319336,9.156155586242676,7.009252071380615,-61.70386505126953,-42.962886810302734,52.83493423461914,-13.433991432189941,-78.39915466308594,3.9888486862182617,30.753482818603516,-39.708011627197266,-37.162620544433594,16.897972106933594,-45.57563781738281,-13.002692222595215,-19.261369705200195,-4.515717506408691,2.0253686904907227,-50.42593002319336,10.027250289916992,58.3062744140625,-70.86002349853516,-49.972137451171875,114.53880310058594,29.52889633178711,-131.2340850830078,17.422840118408203,109.15263366699219,-43.696861267089844,-67.91610717773438,56.60598373413086,-8.413017272949219,-29.900665283203125,26.314268112182617,8.486974716186523,21.286739349365234,6.541086196899414,60.45317840576172,108.73220825195312,-80.88727569580078,-108.27841186523438,185.39883422851562,79.50103759765625,-245.77288818359375,-12.106056213378906,240.38671875,-61.11970138549805,-177.06874084472656,100.30284118652344,59.503089904785156,-86.50665283203125,34.72728729248047,38.38764190673828,-5.027528762817383,-1.9458885192871094,-14.74565315246582,0.0025690821930766106,-0.14602813124656677,-0.030332911759614944,0.008148717693984509,-0.06576491892337799,-0.04158000648021698,0.040985219180583954,-0.05630487948656082,-0.11011873185634613,0.014362607151269913,0.06362338364124298,-0.05052175372838974,-0.11284177005290985,-0.03996165096759796,-0.12474916130304337,-0.059589579701423645,-0.05759346857666969,0.014724922366440296,0.0012577623128890991,-0.14859721064567566,-0.03290199488401413,0.15417684614658356,-0.035432007163763046,-0.04972872510552406,0.10675013810396194,-0.014724873006343842,-0.1511039435863495,0.07066749036312103,0.1737421154975891,-0.06488436460494995,-0.17646515369415283,0.010560102760791779,-0.011907391250133514,-0.019627928733825684,0.06715568900108337,0.07431450486183167,0.05885123088955879,-0.013467160053551197,0.11569521576166153,0.3027740716934204,-0.0025300122797489166,-0.20390556752681732,0.1421821415424347,0.03500385209918022,-0.25785407423973083,0.08539236336946487,0.3248460590839386,-0.13555185496807098,-0.35020726919174194,0.07544446736574173,0.16455775499343872,-0.030188031494617462,0.07906308025121689,0.09394243359565735,-0.008304458111524582,-0.08778166770935059,-0.07231839001178741
-0.016652513295412064,-0.24044570326805115,0.020590661093592644,0.028172416612505913,-0.2348843216896057,-0.09012578427791595,0.040531545877456665,-0.06832869350910187,-0.17218439280986786,-0.0979108065366745,0.0735643059015274,-0.13329270482063293,-0.1965213268995285,-0.02201683074235916,-0.0036103783641010523,-0.05512506887316704,-0.1704980581998825,0.025947310030460358,-0.0827103778719902,-0.22379319369792938,0.03724317252635956,0.268618106842041,-0.2554749846458435,-0.11829820275306702,0.2754158675670624,0.021797090768814087,-0.21271593868732452,-0.029582113027572632,0.24574869871139526,-0.035381898283958435,-0.2700856328010559,0.11127587407827377,0.19291095435619354,-0.03310823813080788,-0.16688768565654755,0.0810723751783371,0.0877876803278923,-0.10865768790245056,0.26103636622428894,0.4924113154411316,-0.29271817207336426,-0.38691630959510803,0.5308908224105835,0.1400952935218811,-0.4881318211555481,-0.05137920379638672,0.4584646224975586,-0.005799785256385803,-0.5158343315124512,0.1466577649116516,0.46299660205841064,-0.14438411593437195,-0.3597986400127411,0.11418060958385468,0.25467535853385925,-0.18973006308078766,-0.19644537568092346,0.31973642110824585,0.2787882387638092,0.3521069884300232,0.38560304045677185,0.3052526116371155,0.3055404722690582,0.27767473459243774,0.2678558826446533,0.31058594584465027,0.2688005566596985,0.24654118716716766,0.33125561475753784,0.34118011593818665,0.2141416370868683,0.20889350771903992,0.25578412413597107,0.29871052503585815,0.4032382667064667,0.43740755319595337,-0.040948182344436646,0.032370567321777344,0.10681480169296265,-0.046854376792907715,-0.08006256818771362,-0.027577877044677734,-0.03768458962440491,0.032911211252212524,0.000944674015045166,-0.0640447586774826,0.062455058097839355,0.09463892877101898,-0.11711397767066956,-0.13228660821914673,0.04164248704910278,0.08981701731681824,0.1474541425704956,0.13869702816009521,0.034169286489486694,0.07331874966621399,0.1477629840373993,-0.07922494411468506,-0.18687736988067627,0.01927649974822998,0.042377978563308716,0.06048908829689026,0.03862926363945007,-0.09695596992969513,0.06151038408279419,0.1586836874485016,-0.1795690357685089,-0.2269255369901657,0.15875646471977234,0.22210362553596497,0.10581165552139282,0.04888001084327698,-0.11328485608100891,-0.10452774167060852,0.8851735591888428,0.31053608655929565,0.9716655015945435,0.9716655015945435,0.6742457151412964,0.7261635661125183,0.7261635661125183,0.6143285036087036,0.5995476245880127,0.6833087205886841,0.6833087205886841,0.5615482926368713,0.6849199533462524,0.6849199533462524,0.7101188898086548,0.7101188898086548,0.6351175308227539,0.9145201444625854,0.9145201444625854,-0.5746374726295471,0.08649194240570068,0.6611294150352478,-0.29741978645324707,-0.24550193548202515,0.051917850971221924,-0.1118350625038147,-0.12661594152450562,0.06898021697998047,0.08376109600067139,-0.12176042795181274,0.0016112327575683594,0.1233716607093811,0.025198936462402344,0.025198936462402344,-0.07500135898590088,0.20440125465393066,0.27940261363983154,0.0,0.6611294150352478,1.235766887664795,-0.38391172885894775,-0.906631350517273,0.349337637424469,0.13366687297821045,-0.17853379249572754,0.18081527948379517,0.210377037525177,-0.1907406449317932,-0.08214986324310303,0.24513208866119385,0.023587703704833984,-0.09817272424697876,-0.10020029544830322,0.17920231819152832,0.3544039726257324,-0.20440125465393066,-0.27940261363983154,0.8851735591888428,0.98606276512146,0.98606276512146,0.9716655015945435,0.7803729176521301,0.7261635661125183,0.7261635661125183,1.1231356859207153,1.13833487033844,1.13833487033844,0.6833087205886841,0.8957375288009644,0.8957375288009644,0.6849199533462524,0.9516582489013672,0.9516582489013672,1.0449745655059814,1.0449745655059814,1.0612058639526367,0.10088920593261719,0.10088920593261719,-0.014397263526916504,-0.20568984746932983,-0.24550193548202515,-0.054209351539611816,0.396972119808197,0.41217130422592163,0.01519918441772461,-0.45502614974975586,-0.24259734153747559,0.21242880821228027,-0.21081757545471191,0.05592072010040283,0.26673829555511475,0.09331631660461426,0.09331631660461426,0.016231298446655273,0.016231298446655273,0.0,-0.11528646945953369,-0.306579053401947,-0.23110467195510864,0.15148049592971802,0.6424740552902222,0.46638065576553345,-0.3817729353904724,-0.8671974539756775,-0.2577965259552002,0.6674549579620361,0.03177976608276367,-0.15650808811187744,0.47755587100982666,0.037395596504211426,-0.1734219789505005,-0.07708501815795898,-0.07708501815795898,0.0,-0.7619308829307556,-0.98606276512146,-0.98606276512146,-0.7803729176521301,-0.7803729176521301,-0.6961981654167175,-0.6961981654167175,-1.1231356859207153,-1.13833487033844,-1.13833487033844,-0.5836634039878845,-0.8957375288009644,-0.8957375288009644,-0.6174652576446533,-0.9516582489013672,-0.9516582489013672,-1.0449745655059814,-1.0449745655059814,-1.0612058639526367,-0.22413188219070435,-0.22413188219070435,0.20568984746932983,0.20568984746932983,0.0841747522354126,0.0841747522354126,-0.4269375205039978,-0.4421367049217224,-0.01519918441772461,0.5546714663505554,0.24259734153747559,-0.31207412481307983,0.27827227115631104,-0.05592072010040283,-0.33419299125671387,-0.09331631660461426,-0.09331631660461426,-0.016231298446655273,-0.016231298446655273,0.0,0.4298217296600342,0.4298217296600342,-0.12151509523391724,-0.12151509523391724,-0.5111122727394104,-0.526311457157135,0.4117383360862732,0.9968081712722778,0.2577965259552002,-0.8667455911636353,0.03567492961883545,0.256153404712677,-0.6124652624130249,-0.037395596504211426,0.2408766746520996,0.07708501815795898,0.07708501815795898,0.0,0.002090372610837221,0.0011904388666152954,0.0011904388666152954,0.005010375753045082,0.004377063363790512,0.0029368591494858265,0.0004112757742404938,0.00024513155221939087,0.00024513155221939087,0.000673922710120678,0.000673922710120678,0.0025696763768792152,0.0017834305763244629,0.0003290679305791855,0.0003290679305791855,0.0009387712925672531,0.0009387712925672531,0.004049551673233509,0.0,-0.0008999337442219257,-0.0008999337442219257,0.0038199368864297867,0.0031866244971752167,-0.0020735166035592556,-0.003965787589550018,-0.0026917275972664356,-0.0001661442220211029,0.0004287911579012871,0.0004287911579012871,0.0018957536667585373,0.001109507866203785,-0.0022406084463000298,-0.0014543626457452774,0.0006097033619880676,0.0006097033619880676,0.003110780380666256,-0.0009387712925672531,-0.004049551673233509,0.0,0.004719870630651712,0.004086558241397142,-0.005893453489989042,-0.007152412086725235,-0.00061821099370718,0.0037996433675289154,0.0031205187551677227,0.00059493537992239,0.0014669625088572502,0.0006807167083024979,-0.004136362113058567,-0.0025638705119490623,0.0028503118082880974,0.002064066007733345,0.0025010770186781883,-0.0015484746545553207,-0.007160332053899765,-0.003110780380666256,0.12324267625808716,-0.6755266785621643,-0.014397263526916504,0.19129258394241333,-0.10612720251083374,0.02996540069580078,0.02996540069580078,-0.5088071823120117,-0.5387872457504272,-0.45502614974975586,0.09964531660079956,-0.334189236164093,-0.21081757545471191,0.06745469570159912,-0.2415393590927124,-0.2415393590927124,-0.40985703468322754,-0.130454421043396,-0.14668571949005127,-0.7987693548202515,-0.13763993978500366,0.8668192625045776,-0.09172993898391724,-0.16132718324661255,0.13609260320663452,-0.5387725830078125,-0.568752646446228,0.05378103256225586,0.6384325623512268,0.12083691358566284,-0.3104628920555115,0.40164393186569214,-0.03072178363800049,-0.3089940547943115,-0.16831767559051514,0.1110849380493164,0.26317131519317627,-0.016231298446655273,0.6611294150352478,1.665588617324829,0.045910000801086426,-1.028146505355835,0.22782254219055176,-0.37744539976119995,-0.7048452496528625,0.5925536155700684,1.2071852684020996,0.06705588102340698,-0.9488954544067383,0.2808070182800293,0.279741108417511,-0.7106379866600037,-0.13759589195251465,0.42007899284362793,0.4314889907836914,-0.12731623649597168,-0.27940261363983154,1.6471045017242432,1.2965989112854004,1.9577282667160034,1.7520384788513184,1.4546186923980713,1.4223617315292358,1.4223617315292358,1.737464189529419,1.7378824949264526,1.821643590927124,1.2669720649719238,1.4572858810424805,1.5806574821472168,1.3023852109909058,1.661777138710022,1.661777138710022,1.6800920963287354,1.959494709968567,1.9757260084152222,-0.3505055904388428,0.31062376499176025,0.45543956756591797,-0.5031095743179321,-0.3296767473220825,-0.03225696086883545,0.3151024580001831,0.3155207633972168,0.08417940139770508,-0.4709104299545288,-0.36435770988464355,0.31368541717529297,-0.1549006700515747,0.08111965656280518,0.3593919277191162,0.01831495761871338,0.2977175712585449,0.2956339120864868,0.016231298446655273,0.661129355430603,0.8059451580047607,-0.8137333393096924,-0.7851163148880005,0.4708526134490967,0.6447792053222656,0.34777772426605225,-0.23092305660247803,-0.7864311933517456,-0.44853711128234863,0.7845958471298218,0.20945703983306885,-0.2325657606124878,0.5142925977706909,-0.0628046989440918,-0.06167435646057129,0.27731895446777344,-0.28148627281188965,-0.27940261363983154,0.5136741399765015,0.18750499188899994,0.5240547060966492,0.5132989287376404,0.3991582989692688,0.4267887473106384,0.4432922899723053,0.3775368630886078,0.3384242057800293,0.4101102352142334,0.44427669048309326,0.3180854022502899,0.3833523690700531,0.46740397810935974,0.47789791226387024,0.4435052275657654,0.3658806085586548,0.4657229483127594,0.4496845602989197,-0.32616913318634033,0.010380566120147705,0.32579392194747925,-0.12489640712738037,-0.08651018142700195,0.0441339910030365,-0.04925188422203064,-0.104868084192276,0.03257337212562561,0.10585248470306396,-0.09202483296394348,-0.06092432141304016,0.14931857585906982,0.09454554319381714,-0.02389875054359436,-0.11201730370521545,0.02221772074699402,0.08380395174026489,-0.01603838801383972,0.33654969930648804,0.6519630551338196,-0.13527697324752808,-0.4123041033744812,0.16903039813041687,0.037258297204971313,-0.1490020751953125,0.08182525634765625,0.21072056889533997,-0.12459820508956909,-0.16677680611610413,0.2413434088230133,0.1554698646068573,-0.17321732640266418,-0.2065628468990326,0.04611647129058838,0.19582125544548035,-0.03825610876083374,-0.09984233975410461,0.14535999298095703,0.03897116705775261,0.11689728498458862,0.3842243552207947,0.5731179118156433,0.20176571607589722,0.19942815601825714,0.26532629132270813,0.38098010420799255,1.136349081993103,0.2334968000650406,0.37501421570777893,0.604932427406311,0.09997094422578812,0.08282190561294556,0.19112974405288696,0.9500055909156799,0.02430030331015587,0.31226322054862976,-0.10638882219791412,-0.028462707996368408,0.34525319933891296,0.4562206268310547,-0.18245863914489746,-0.37368977069854736,0.06356057524681091,0.1815519481897354,0.8710228204727173,-0.14748330414295197,-0.7613348960876465,0.37143564224243164,-0.2750432789325714,-0.5221105217933655,0.09115879982709885,0.8671836853027344,-0.1668294370174408,-0.6377424001693726,0.2879629135131836,0.07792611420154572,0.4516420364379883,0.4846833348274231,-0.5277118682861328,-0.829910397529602,0.24601921439170837,0.5552417039871216,0.807462215423584,-0.3290352523326874,-1.6323577165603638,0.5189189314842224,0.4862916171550751,-0.8935461640357971,0.36620208621025085,1.389294147491455,-0.25798824429512024,-1.504926085472107,0.4547923505306244,0.9257053136825562,3.640265703201294,3.1057536602020264,4.87899923324585,5.300975799560547,3.3609519004821777,3.459841251373291,2.9726734161376953,2.8942458629608154,4.06648588180542,3.1815273761749268,2.310063600540161,4.009993076324463,4.206653594970703,1.903530478477478,2.0125837326049805,2.7133100032806396,3.748253583908081,6.138082027435303,7.061733722686768,-0.5345120429992676,1.2387335300445557,2.1952221393585205,-1.5180473327636719,-1.8411345481872559,-0.3882784843444824,-0.5655953884124756,1.0938124656677246,0.28728151321411133,-1.7564222812652588,0.8284657001495361,1.896589994430542,-2.1064624786376953,-2.1940698623657227,0.8097795248031616,1.7356698513031006,3.424772024154663,3.3134801387786865,0.9236516952514648,1.7732455730438232,2.729734182357788,-2.7567808628082275,-4.0363569259643555,1.1297688484191895,1.2755391597747803,1.482090950012207,0.8528769016265869,-2.8502347469329834,0.5411841869354248,3.653012275695801,-2.9349281787872314,-4.090660095214844,2.9162421226501465,3.9297397136688232,2.614992618560791,1.577810287475586,-2.5011203289031982,-2.3898284435272217,2.910604962380603e-05,0.001112061203457415,-0.0002333466400159523,0.0016526965191587806,0.0001400759065290913,0.00011463896953500807,0.001305710175074637,0.004361835308372974,0.0017358030891045928,0.0043746428564190865,0.0023960929829627275,-0.0005545987514778972,0.002201458439230919,-0.0004684537125285715,0.0038784723728895187,-0.0003004097379744053,0.004402630962431431,-0.0002356053446419537,0.000816277926787734,0.0010829551611095667,-0.00026245269691571593,0.0005406353157013655,0.0003734225465450436,-0.001538057578727603,0.0011656342539936304,0.004247196484357119,0.00043009291402995586,1.280754804611206e-05,0.0006602898938581347,-0.0049292417243123055,-0.00019463454373180866,8.614503894932568e-05,0.0016770139336585999,0.0001680439745541662,0.0005241585895419121,6.480439333245158e-05,-0.003586353035643697,0.0010518832132220268,-0.0013454079162329435,-0.0005423198454082012,0.00063587527256459,-0.0020786928944289684,0.0007922117365524173,0.005785253830254078,-0.0007355413399636745,-0.0042343889363110065,0.00023019697982817888,-0.0049420492723584175,-0.0008549244375899434,0.005015386734157801,0.0018716484773904085,8.189893560484052e-05,-0.0011528553441166878,-0.00010323958122171462,-0.004110511392354965,0.0009870787616819143,0.00463823601603508,-31645456.0,-26784206.0,-44979004.0,-49784792.0,-28717350.0,-29581576.0,-24182460.0,-23140164.0,-34446296.0,-24829758.0,-17860974.0,-35033632.0,-36058472.0,-14240954.0,-15275726.0,-22060668.0,-31284112.0,-55803264.0,-66327604.0,4861250.0,-13333548.0,-23000586.0,16261654.0,20203216.0,4534890.0,6441412.0,-10263836.0,-1689594.0,16585322.0,-10203874.0,-18197498.0,20792678.0,20782746.0,-7819714.0,-16008386.0,-33742596.0,-35043492.0,-10524340.0,-18194798.0,-27861836.0,29595202.0,43203800.0,-11726764.0,-13761804.0,-14798726.0,-8131006.0,26849158.0,-8514280.0,-34782820.0,30996552.0,38980244.0,-28612392.0,-36791132.0,-25922882.0,-19035106.0,23218256.0,24519152.0,0.01720273680984974,0.022816121578216553,0.058483436703681946,0.04821179062128067,0.011901451274752617,0.01301567256450653,0.010216867551207542,0.024173837155103683,0.05787338688969612,0.03749678283929825,0.004233332350850105,0.02426772564649582,0.02584051340818405,0.00396147184073925,0.010781633667647839,0.017543062567710876,0.03981133922934532,0.07189463078975677,0.09068451821804047,0.005613384768366814,0.041280701756477356,0.025395669043064117,-0.04658198356628418,-0.03519611805677414,-0.0016845837235450745,0.011158164590597153,0.04765652120113373,0.013322945684194565,-0.05364005267620087,-0.01322905719280243,0.021607181057333946,-0.02030625380575657,-0.015058879740536213,0.013581590726971626,0.02902970463037491,0.0543515682220459,0.050873178988695145,0.01878988742828369,0.03566731512546539,0.019782284274697304,-0.08786268532276154,-0.06059178709983826,0.044897399842739105,0.04635428264737129,0.0493411049246788,0.002164781093597412,-0.1012965738773346,-0.026552002876996994,0.07524723559617996,-0.00707719661295414,-0.036666061729192734,0.033887844532728195,0.04408858343958855,0.04076997935771942,0.021843474358320236,-0.03556168079376221,-0.03208329156041145,-0.008370460942387581,-0.12049617618322372,0.010120993480086327,0.014454720541834831,-0.11807268857955933,-0.04526473954319954,0.020604679360985756,-0.0338720977306366,-0.08611033856868744,-0.04876520484685898,0.03733566030859947,-0.06712354719638824,-0.09829138219356537,-0.011190559715032578,-0.0012951645767316222,-0.027766438201069832,-0.08497530966997147,0.012951151467859745,-0.04136449098587036,-0.11212571710348129,0.018491454422473907,0.1349508911371231,-0.1281936764717102,-0.05971945822238922,0.13867737352848053,0.011392641812562943,-0.10671501606702805,-0.014893107116222382,0.12344600260257721,-0.018358342349529266,-0.13562704622745514,0.05593298748135567,0.09699621796607971,-0.016575878486037254,-0.08368014544248581,0.04071759060025215,0.043610818684101105,-0.05431564152240753,0.1306171715259552,0.2470766007900238,-0.14668512344360352,-0.19467034935951233,0.26687103509902954,0.07111209630966187,-0.24539238214492798,-0.026285748928785324,0.23016101121902466,-0.0034652352333068848,-0.25907304883003235,0.07429133355617523,0.23262326419353485,-0.07250886410474777,-0.18067637085914612,0.05729346722364426,0.12729096412658691,-0.09503322839736938,-0.09792646020650864,0.3711819648742676,0.244649738073349,0.429659366607666,0.4474813938140869,0.2686641812324524,0.35081714391708374,0.3333016633987427,0.3241661489009857,0.35286179184913635,0.33324331045150757,0.2866787910461426,0.3664330840110779,0.3476148843765259,0.267776221036911,0.2762470841407776,0.3159986138343811,0.33618706464767456,0.48177483677864075,0.5108380317687988,-0.12653222680091858,0.05847740173339844,0.20283165574073792,-0.16099518537521362,-0.09666424989700317,0.06463748216629028,-0.026650995016098022,0.019560128450393677,0.00907716155052185,-0.06618300080299377,0.03318977355957031,0.0609360933303833,-0.09865686297416687,-0.07136780023574829,0.04822239279747009,0.05993998050689697,0.16577622294425964,0.17465096712112427,0.02906319499015808,0.18500962853431702,0.3293638825416565,-0.21947258710861206,-0.2994959056377411,0.2256326675415039,0.07001325488090515,-0.045077353715896606,0.03572815656661987,-0.08574312925338745,0.024112612009048462,0.12711909413337708,-0.13184663653373718,-0.1323038935661316,0.14687925577163696,0.13130778074264526,0.11755383014678955,0.1147109866142273,-0.13671302795410156,-0.1455877721309662,0.13777604699134827,0.05985349789261818,0.18460717797279358,0.20023959875106812,0.07218044251203537,0.12307267636060715,0.11109000444412231,0.10508369654417038,0.12451143562793732,0.11105111241340637,0.08218472450971603,0.1342732012271881,0.12083611637353897,0.07170411199331284,0.07631245255470276,0.09985511749982834,0.11302173882722855,0.2321069985628128,0.26095548272132874,-0.07792255282402039,0.04683113098144531,0.14038610458374023,-0.11242673546075821,-0.07716692239046097,0.038909561932086945,-0.017988979816436768,0.013421431183815002,0.005967415869235992,-0.04232671111822128,0.02322208881378174,0.03865139186382294,-0.06256908923387527,-0.04452366381883621,0.028151005506515503,0.03670928627252579,0.13225188851356506,0.1479337513446808,0.02884848415851593,0.1247536838054657,0.21830865740776062,-0.15925785899162292,-0.2175530195236206,0.15133629739284515,0.0591779425740242,-0.025488130748271942,0.02395639568567276,-0.055748142302036285,0.017254672944545746,0.08097810298204422,-0.08579117804765701,-0.08317505568265915,0.09072009474039078,0.081232950091362,0.10410088300704956,0.111224465072155,-0.10340340435504913,-0.11908526718616486,0.3421997129917145,-0.2935126721858978,0.39742037653923035,0.43171226978302,0.9457959532737732,0.4002782106399536,-0.09827139228582382,-0.24859076738357544,-0.2886510491371155,-0.3565791845321655,-0.3274655044078827,-0.01628374680876732,0.38095036149024963,0.14330291748046875,-0.4027019739151001,-0.26136845350265503,-0.15808679163455963,-0.09525284916162491,0.21460676193237305,-0.6357123851776123,0.05522066354751587,0.7252249717712402,0.5483756065368652,-0.031434059143066406,-1.0440673828125,-0.648868978023529,-0.19037964940071106,-0.10798841714859009,-0.03881445527076721,0.3402954339981079,0.7084158658981323,0.15958666801452637,-0.7836523056030273,-0.4046713709831238,0.24461518228054047,0.16611561179161072,0.3726935386657715,0.30985960364341736,0.6909330487251282,1.3609373569488525,0.49315494298934937,-0.7566590309143066,-1.5924429893493652,-0.6174349188804626,0.8536877632141113,0.540880560874939,0.15156519412994385,0.448283851146698,0.7472302913665771,-0.18070876598358154,-1.4920681715011597,-0.5642580389976501,1.028267502784729,0.5707869529724121,0.12807835638523102,0.14374399185180664,-0.06283393502235413,2.1895976066589355,3.307035446166992,2.524592399597168,1.976284384727478,4.640488624572754,2.4692189693450928,2.397244930267334,2.9873464107513428,2.728264093399048,3.139772653579712,2.428661823272705,2.014803409576416,2.5975468158721924,2.7675509452819824,3.8282623291015625,3.004622459411621,2.9156813621520996,2.1490402221679688,2.0410406589508057,1.1174378395080566,0.3349947929382324,-1.3307510614395142,2.115896224975586,0.49293458461761475,-2.24324369430542,0.51812744140625,0.33101916313171387,0.15242624282836914,-0.2996022701263428,-1.124969244003296,0.1688849925994873,0.7527475357055664,1.2307155132293701,0.23707151412963867,-0.9125809669494629,-0.8555822372436523,-0.874640703201294,-0.10799956321716309,-0.7824430465698242,-2.4481887817382812,1.7809014320373535,1.823685646057129,-4.359139919281006,0.025192856788635254,2.574262857437134,-0.36570119857788086,-0.6306214332580566,-1.277395486831665,0.4684872627258301,1.8777167797088623,1.0618305206298828,-0.5156760215759277,-2.143296480178833,-1.092653751373291,0.037940263748168945,0.7475826740264893,0.7666411399841309,-8.359561920166016,-120.70374298095703,10.336511611938477,14.142553329467773,-117.91192626953125,-45.24314498901367,20.34683609008789,-34.301002502441406,-86.43656158447266,-49.15122604370117,36.929283142089844,-66.9129409790039,-98.6537094116211,-11.052449226379395,-1.8124099969863892,-27.67278480529785,-85.59002685546875,13.02554988861084,-41.52061080932617,-112.34417724609375,18.696073532104492,134.84629821777344,-128.24844360351562,-59.38569641113281,138.25875854492188,10.942142486572266,-106.78340148925781,-14.850223541259766,123.3658447265625,-17.761714935302734,-135.58299255371094,55.86049270629883,96.84130096435547,-16.62033462524414,-83.77761840820312,40.698333740234375,44.06941604614258,-54.54616165161133,131.04025268554688,247.1904754638672,-146.94451904296875,-194.23199462890625,266.5072021484375,70.32783508300781,-245.0421600341797,-25.79236602783203,230.1492462158203,-2.9114913940429688,-258.9488525390625,73.62220764160156,232.42428588867188,-72.48082733154297,-180.61892700195312,57.318668365478516,127.84703063964844,-95.24449157714844,-98.6155776977539,-0.08968910574913025,-0.2325214296579361,-0.09347189217805862,-0.11106154322624207,-0.245015949010849,-0.14927390217781067,0.0852169543504715,-0.06272870302200317,-0.1558910608291626,-0.06338997185230255,0.11858217418193817,-0.15046600997447968,-0.24939236044883728,-0.0109557518735528,0.019681241363286972,-0.055114880204200745,-0.17355388402938843,-0.011809556744992733,-0.1681717336177826,-0.14283232390880585,-0.0037827864289283752,0.12145988643169403,-0.15154406428337097,-0.038212358951568604,0.3302329182624817,0.0865451991558075,-0.2411080151796341,-0.0006612688302993774,0.27447324991226196,-0.08707603812217712,-0.36797451972961426,0.13951025903224945,0.26907360553741455,-0.04415912926197052,-0.1932351291179657,0.04330532252788544,0.005382150411605835,-0.15636217594146729,0.13904953002929688,0.2642922103404999,-0.1477612853050232,-0.15967224538326263,0.48177698254585266,0.1247575581073761,-0.5713409185409546,-0.08720646798610687,0.5155812501907349,-0.08641476929187775,-0.6424477696418762,0.22658629715442657,0.6370481252670288,-0.18366938829421997,-0.46230873465538025,0.08746445178985596,0.19861727952957153,-0.19966749846935272,-0.16174432635307312
0.027156807482242584,0.10004879534244537,0.09430237859487534,-0.009130677208304405,0.05999113619327545,0.11864276975393295,-0.005863474681973457,0.01408030092716217,0.09122125804424286,0.0650019571185112,0.02942703105509281,0.07178685814142227,0.08442230522632599,0.024728626012802124,0.08518774807453156,0.08447901904582977,0.04103490337729454,0.070963054895401,0.04869525879621506,0.07289198786020279,0.06714557111263275,-0.10917947441339493,-0.034311242401599884,0.1277734488248825,-0.06585460901260376,-0.10456246882677078,0.09708473086357117,0.05092165619134903,-0.0617942288517952,0.006784901022911072,0.054995276033878326,-0.04705823212862015,0.0007654428482055664,0.05975039303302765,-0.044152844697237015,-0.013515964150428772,0.007660355418920517,-0.022267796099185944,-0.005746416747570038,-0.18207146227359772,-0.10145681351423264,0.23695293068885803,-0.031543366611003876,-0.2323359251022339,0.16293933987617493,0.1554841250181198,-0.15887895226478577,-0.04413675516843796,0.11678950488567352,-0.05384313315153122,-0.05422983318567276,0.1068086251616478,-0.04491828754544258,-0.07326635718345642,0.05181320011615753,-0.008751831948757172,-0.02992815151810646,0.5504708886146545,0.6467280983924866,0.6305846571922302,0.5555638670921326,0.5864903330802917,0.6989811062812805,0.7069348692893982,0.6383907198905945,0.671401858329773,0.6672273874282837,0.5505119562149048,0.5612855553627014,0.6403930187225342,0.6714828014373779,0.7554444074630737,0.675011396408081,0.6253423690795898,0.7134721279144287,0.6828593015670776,0.09625720977783203,0.08011376857757568,-0.091164231300354,-0.04409432411193848,0.14341723918914795,0.12044453620910645,-0.060590386390686035,-0.035533010959625244,0.02883666753768921,-0.12088990211486816,-0.10594183206558228,0.0898810625076294,0.11019724607467651,0.11505138874053955,0.003528594970703125,-0.1301020383834839,0.038460731506347656,0.05751693248748779,-0.030612826347351074,-0.016143441200256348,-0.18742144107818604,-0.12420809268951416,0.23458147048950195,0.16453886032104492,-0.20400762557983398,-0.1559775471687317,0.08942705392837524,-0.08535689115524292,-0.13477849960327148,0.21077096462249756,0.2161390781402588,0.025170326232910156,-0.10666865110397339,-0.24515342712402344,0.03493213653564453,0.18761897087097168,-0.06907355785369873,-0.08812975883483887,1.9059549570083618,2.235551357269287,2.235551357269287,1.672454595565796,1.8436644077301025,1.8436644077301025,1.7569239139556885,2.3481078147888184,2.3481078147888184,2.00874662399292,2.00874662399292,1.7759268283843994,1.9837114810943604,1.9837114810943604,2.342477321624756,2.342477321624756,1.9349502325057983,2.128476858139038,2.128476858139038,0.3295964002609253,0.3295964002609253,-0.5630967617034912,-0.39188694953918457,0.17120981216430664,-0.08674049377441406,0.5044434070587158,0.5911839008331299,-0.33936119079589844,-0.33936119079589844,-0.2328197956085205,-0.02503514289855957,0.20778465270996094,0.3587658405303955,0.3587658405303955,-0.4075270891189575,-0.21400046348571777,0.19352662563323975,0.0,0.0,-0.8926931619644165,-0.7214833498001099,0.7343065738677979,0.3051464557647705,0.3332335948944092,0.677924394607544,-0.8438045978546143,-0.9305450916290283,0.10654139518737793,0.31432604789733887,0.44060444831848145,0.3838009834289551,0.15098118782043457,-0.766292929649353,-0.5727663040161133,0.6010537147521973,0.21400046348571777,-0.19352662563323975,1.9059549570083618,2.235551357269287,2.235551357269287,1.816923975944519,1.8436644077301025,1.910918951034546,1.910918951034546,2.3481078147888184,2.3481078147888184,2.00874662399292,2.00874662399292,1.7759268283843994,1.9837114810943604,1.9837114810943604,2.342477321624756,2.342477321624756,2.159682273864746,2.159682273864746,2.128476858139038,0.3295964002609253,0.3295964002609253,-0.41862738132476807,-0.39188694953918457,0.09399497509002686,0.06725454330444336,0.43718886375427246,0.43718886375427246,-0.33936119079589844,-0.33936119079589844,-0.2328197956085205,-0.02503514289855957,0.20778465270996094,0.3587658405303955,0.3587658405303955,-0.18279504776000977,-0.18279504776000977,-0.031205415725708008,-0.031205415725708008,0.0,-0.7482237815856934,-0.7214833498001099,0.5126223564147949,0.45914149284362793,0.3431938886642456,0.3699343204498291,-0.7765500545501709,-0.7765500545501709,0.10654139518737793,0.31432604789733887,0.44060444831848145,0.3838009834289551,0.15098118782043457,-0.5415608882904053,-0.5415608882904053,0.15158963203430176,0.15158963203430176,0.0,-1.6696751117706299,-2.042606830596924,-2.042606830596924,-1.816923975944519,-1.6925369501113892,-1.910918951034546,-1.910918951034546,-1.4522745609283447,-1.6747595071792603,-1.6747595071792603,-1.270341157913208,-1.3479046821594238,-1.6963168382644653,-1.6963168382644653,-2.220374584197998,-2.220374584197998,-2.159682273864746,-2.159682273864746,-1.6932402849197388,-0.37293171882629395,-0.37293171882629395,0.22568285465240479,0.35006988048553467,-0.09399497509002686,-0.21838200092315674,0.45864439010620117,0.23615944385528564,-0.22248494625091553,0.40441834926605225,0.3268548250198364,-0.4259756803512573,-0.3484121561050415,-0.5240577459335327,-0.5240577459335327,0.06069231033325195,0.06069231033325195,0.4664419889450073,0.4664419889450073,0.0,0.5986145734786987,0.7230015993118286,-0.31967782974243164,-0.5684518814086914,0.552639365196228,0.4545414447784424,-0.6811293363571167,0.1682589054107666,0.549339771270752,-0.8303940296173096,-0.6752669811248779,-0.09808206558227539,-0.1756455898284912,0.5847500562667847,0.5847500562667847,0.40574967861175537,0.40574967861175537,0.0,0.0017019221559166908,0.0004026834503747523,0.0004026834503747523,0.0010742048034444451,0.0010742048034444451,0.0013721094001084566,0.0009083069744519889,0.0009083069744519889,0.008316056802868843,0.0025186878629028797,0.0022145274560898542,0.0009853198425844312,0.0009853198425844312,0.0009551236871629953,8.091970812529325e-05,8.091970812529325e-05,0.002770143561065197,0.007608548738062382,0.0,-0.0012992387637495995,-0.0012992387637495995,0.0006715213530696929,0.0006715213530696929,0.0002979045966640115,-0.0001658978289924562,-0.0004638024256564677,0.007407750003039837,0.0016103808302432299,-0.006101529113948345,-0.0015333680203184485,-0.001229207613505423,-3.0196155421435833e-05,-0.0009044001344591379,-0.0008742039790377021,0.002689223736524582,0.007527628913521767,-0.002770143561065197,-0.007608548738062382,0.0,0.0019707600586116314,0.0019707600586116314,-0.00037361675640568137,-0.000837419182062149,-0.0007617070223204792,0.007573647890239954,0.0020741831976920366,-0.013509279116988182,-0.0031437487341463566,0.004872321616858244,0.0015031718648970127,0.00032480747904628515,-0.0008440078236162663,0.00359362387098372,0.008401832543313503,-0.005459367297589779,-0.015136177651584148,-0.004838405176997185,0.23627984523773193,0.19294452667236328,0.19294452667236328,-0.14446938037872314,0.15112745761871338,-0.06725454330444336,-0.15399503707885742,0.8958332538604736,0.6733483076095581,0.33398711681365967,0.7384054660797119,0.4280221462249756,0.287394642829895,0.287394642829895,0.12210273742675781,0.12210273742675781,-0.22473204135894775,-0.031205415725708008,0.4352365732192993,-0.04333531856536865,-0.04333531856536865,-0.3374139070510864,-0.0418170690536499,0.07721483707427979,-0.3051224946975708,0.963087797164917,0.8273433446884155,-0.561846137046814,0.06505715847015381,0.09403502941131592,-0.4510108232498169,-0.14062750339508057,-0.1652919054031372,-0.1652919054031372,-0.34683477878570557,-0.15330815315246582,0.6599686145782471,0.4664419889450073,0.0,-0.2940785884857178,0.00151824951171875,0.4146287441253662,-0.2633054256439209,0.8858729600906372,1.1324658393859863,-1.524933934211731,-0.7622861862182617,0.6558811664581299,-0.5160679817199707,-0.23466253280639648,0.2857189178466797,-0.02466440200805664,-0.18154287338256836,0.011983752250671387,1.0068033933639526,0.6197501420974731,-0.19352662563323975,3.5756301879882812,4.278158187866211,4.278158187866211,3.4893784523010254,3.5362014770507812,3.7545833587646484,3.6678428649902344,3.800382375717163,4.022867202758789,3.6835060119628906,3.279087781906128,3.1238315105438232,3.6800284385681152,3.6800284385681152,4.562851905822754,4.562851905822754,4.094632625579834,4.288159370422363,3.8217172622680664,0.7025279998779297,0.7025279998779297,-0.7887797355651855,-0.7419567108154297,0.26520490646362305,0.13164138793945312,0.04579901695251465,0.3550243377685547,-0.11687636375427246,-0.7437794208526611,-0.5596745014190674,0.4009406566619873,0.556196928024292,0.8828234672546387,0.8828234672546387,-0.4682192802429199,-0.2746925354003906,-0.2729153633117676,-0.4664421081542969,0.0,-1.4913077354431152,-1.4444847106933594,1.0539846420288086,0.8735980987548828,-0.2194058895111084,0.22338294982910156,-0.1626753807067871,-1.0988037586212158,-0.4427981376647949,1.1447200775146484,1.1158714294433594,0.48188281059265137,0.3266265392303467,-1.3510427474975586,-1.1575160026550293,0.19530391693115234,-0.19174957275390625,-0.1935267448425293,0.8129724860191345,0.8692588210105896,0.8895517587661743,0.7095243334770203,0.7540788054466248,0.706087052822113,0.6818361878395081,0.9485945105552673,0.9156408905982971,0.7878025770187378,0.8576823472976685,0.7506163120269775,0.7872766256332397,0.7769615054130554,0.8632045388221741,0.9016919136047363,0.7784993648529053,0.7968050241470337,0.8079434037208557,0.05628633499145508,0.0765792727470398,-0.15973448753356934,-0.13547295331954956,-0.0034372806549072266,-0.0722426176071167,0.2425074577331543,0.23380470275878906,-0.16079193353652954,-0.05795854330062866,-0.037186264991760254,-0.07040572166442871,0.02634519338607788,0.07592791318893433,0.12473040819168091,-0.0847051739692688,-0.10488688945770264,0.02944403886795044,0.011138379573822021,0.020292937755584717,-0.21602082252502441,-0.21205222606658936,0.1562972068786621,0.06323033571243286,0.24594473838806152,0.30604732036590576,-0.40329939126968384,-0.2917632460594177,0.12360566854476929,-0.012447178363800049,0.06353145837783813,0.14633363485336304,0.09838521480560303,-0.16063308715820312,-0.22961729764938354,0.11414921283721924,0.11602526903152466,-0.018305659294128418,0.5913402438163757,0.5084437727928162,0.3692663908004761,1.1662580966949463,0.8684772849082947,0.9657974243164062,1.2477500438690186,0.7017503380775452,1.063477873802185,0.2719932794570923,0.7698043584823608,0.39332127571105957,0.001503271167166531,0.16560806334018707,1.3330578804016113,0.2922217547893524,0.3053213357925415,0.01141302939504385,0.30804529786109924,-0.08289647102355957,-0.22207385301589966,0.6578143239021301,0.4992108941078186,-0.20046067237854004,0.3792727589607239,-0.2640470862388611,-0.1842721700668335,-0.4297570586204529,-0.2936735153198242,0.12132799625396729,-0.7683010697364807,-0.2277132123708725,1.331554651260376,0.12661369144916534,-1.0277365446090698,-0.2808087170124054,0.0027239620685577393,0.2966322600841522,-0.1391773819923401,0.7407107949256897,0.7212847471237183,-0.8582749962806702,-0.11993813514709473,-0.06358641386032104,-0.5635449290275574,-0.1657099723815918,-0.10940134525299072,0.5510850548744202,-0.4746275544166565,-0.349041223526001,2.099855661392212,0.35432690382003784,-2.3592910766601562,-0.40742242336273193,1.0304604768753052,0.5774409770965576,0.2939082980155945,12.47145938873291,18.05977439880371,16.467355728149414,12.744368553161621,14.751312255859375,19.189544677734375,18.19959259033203,15.499579429626465,17.854248046875,17.450231552124023,12.42124080657959,12.935956001281738,16.64082145690918,17.542285919189453,22.388080596923828,18.803512573242188,15.754920959472656,21.020235061645508,19.884838104248047,5.588315010070801,3.995896339416504,-5.31540584564209,-1.716043472290039,6.445176124572754,3.4482803344726562,-3.68996524810791,-0.34534454345703125,1.9506521224975586,-5.43300724029541,-4.514275550842285,4.21958065032959,4.606329917907715,5.747259140014648,1.2612266540527344,-6.633159637451172,2.2167224884033203,4.129917144775391,-1.135396957397461,-1.5924186706542969,-10.90372085571289,-5.711939811706543,11.760581970214844,5.164323806762695,-10.135141372680664,-3.7936248779296875,5.640617370605469,-5.087662696838379,-6.464927673339844,9.652587890625,9.12060546875,1.5276784896850586,-3.3451032638549805,-12.38041877746582,0.9554958343505859,10.763076782226562,-3.3521194458007812,-5.265314102172852,-0.0008653865661472082,0.002300855703651905,0.0018186370143666863,0.004641237668693066,0.0039022022392600775,0.0012641634093597531,0.00546308234333992,0.0023593069054186344,0.003881728509441018,0.0011838673381134868,-0.00036691688001155853,0.0006839787238277495,0.006605375558137894,-0.0006437853444367647,0.006437551695853472,-0.00010543251119088382,0.00030536315171048045,-0.00043346581514924765,-0.0004246083553880453,0.0031662422697991133,0.0026840236969292164,0.0023403819650411606,0.0020835651084780693,-0.0033770743757486343,0.0015608801040798426,0.0010951434960588813,-0.001581353833898902,-0.0011754395673051476,-0.004248645156621933,-0.0004998886142857373,0.006972292438149452,-0.0013277640100568533,-0.00016782386228442192,0.0005383528186939657,-0.006132188718765974,-0.0003280332894064486,-0.0007299715070985258,8.857459761202335e-06,-0.0004822185728698969,-0.0008258603047579527,-0.0006004585884511471,-0.005717456340789795,-0.0005226850043982267,0.0044722179882228374,-0.0031422339379787445,-0.002270583063364029,-0.002667291322723031,0.0006755509530194104,0.011220937594771385,-0.000827875395771116,-0.007140116300433874,0.0018661168869584799,-0.005964364856481552,-0.0008663861081004143,0.005402217153459787,0.00033689074916765094,0.0007388289668597281,-112475024.0,-163325248.0,-149167104.0,-112287280.0,-130759136.0,-175722640.0,-167611952.0,-138090960.0,-160853920.0,-158140512.0,-109974536.0,-114806488.0,-152378240.0,-160306480.0,-204363136.0,-171890208.0,-144145392.0,-197286640.0,-181436256.0,-50850224.0,-36692080.0,51037968.0,18407968.0,-63435360.0,-36852816.0,37631680.0,6758032.0,-20049552.0,50879384.0,43334024.0,-42403704.0,-45499992.0,-51984896.0,-11583728.0,60217744.0,-25396432.0,-37290864.0,15850384.0,14158144.0,101888192.0,55100048.0,-114473328.0,-55260784.0,101067040.0,43610848.0,-57681232.0,44121352.0,63383576.0,-93283088.0,-88834016.0,-9581192.0,33916264.0,112202640.0,-13812704.0,-97508608.0,41246816.0,53141248.0,1.2329518795013428,4.191232681274414,3.6005866527557373,1.2131750583648682,1.8012950420379639,2.6697795391082764,1.909891128540039,2.272808074951172,3.039743661880493,2.250859260559082,1.358311414718628,1.245856523513794,2.263259172439575,2.1362953186035156,5.40543794631958,4.803318977355957,2.713376522064209,4.783625602722168,3.825352430343628,2.9582808017730713,2.3676347732543945,-2.978057622909546,-1.7992916107177734,1.4566044807434082,0.1085960865020752,-0.3969714641571045,1.129852533340454,-0.021948814392089844,-1.6814322471618652,-1.005002737045288,0.9049477577209473,0.8904387950897217,3.142178773880005,2.6670236587524414,-2.692061424255371,-0.019693374633789062,1.111975908279419,-0.95827317237854,-0.5906460285186768,-5.936338424682617,-4.166926383972168,4.434661865234375,1.9078876972198486,-1.8535759449005127,1.021256446838379,0.37502264976501465,-2.8112847805023193,-0.9830539226531982,2.5863800048828125,1.8954415321350098,2.2372310161590576,1.7765848636627197,-5.834239959716797,-2.6867170333862305,3.80403733253479,-0.938579797744751,-2.070249080657959,0.013206670992076397,0.050363488495349884,0.04749590903520584,-0.004366104956716299,0.029916970059275627,0.05930473655462265,-0.0029982933774590492,0.00741421477869153,0.0460425540804863,0.03275544196367264,0.014383940026164055,0.03609011322259903,0.04307471588253975,0.012208438478410244,0.04348556697368622,0.04233015328645706,0.02046772837638855,0.03547225147485733,0.024291008710861206,0.03715681657195091,0.03428923711180687,-0.05472959205508232,-0.017578938975930214,0.06367084383964539,-0.03291526436805725,-0.05189052224159241,0.04904084652662277,0.025341227650642395,-0.031658612191677094,0.0033346712589263916,0.028690775856375694,-0.02388167381286621,0.0004108510911464691,0.030121713876724243,-0.02301783859729767,-0.0068579018115997314,0.0038232803344726562,-0.011181242763996124,-0.002867579460144043,-0.09188640862703323,-0.05186817795038223,0.118400439620018,-0.015336325392127037,-0.11556136608123779,0.08195611089468002,0.0772317498922348,-0.08069945871829987,-0.022006556391716003,0.06034938991069794,-0.027216345071792603,-0.028279924765229225,0.054003387689590454,-0.023428689688444138,-0.036979615688323975,0.026841118931770325,-0.004323340952396393,-0.01500452309846878,0.6871902346611023,0.8215062022209167,0.7846014499664307,0.6951515078544617,0.7455364465713501,0.8447737097740173,0.830764651298523,0.7665573954582214,0.8177831172943115,0.8108949661254883,0.6857094168663025,0.6967223286628723,0.7899035811424255,0.8152691125869751,0.9174844026565552,0.840212345123291,0.7718834280967712,0.8900158405303955,0.8670293688774109,0.13431596755981445,0.09741121530532837,-0.12635469436645508,-0.039065003395080566,0.14962220191955566,0.08522820472717285,-0.0782163143157959,-0.012981534004211426,0.044337570667266846,-0.13207370042800903,-0.11417263746261597,0.10419416427612305,0.11854678392410278,0.12758082151412964,0.024943232536315918,-0.14560097455978394,0.04980349540710449,0.09514594078063965,-0.02298647165298462,-0.036904752254486084,-0.26067066192626953,-0.13647621870040894,0.27597689628601074,0.12429320812225342,-0.22783851623535156,-0.09820973873138428,0.12255388498306274,-0.11909216642379761,-0.1585102081298828,0.23626786470413208,0.23271942138671875,0.023386657238006592,-0.09360355138778687,-0.2731817960739136,0.024860262870788574,0.24074691534042358,-0.07278996706008911,-0.11813241243362427,0.4722304046154022,0.6748724579811096,0.6155994534492493,0.48323559761047363,0.5558246374130249,0.7136426568031311,0.6901699304580688,0.5876102447509766,0.6687692403793335,0.6575506925582886,0.4701974093914032,0.4854219853878021,0.6239476799964905,0.6646637320518494,0.8417776823043823,0.705956757068634,0.5958040356636047,0.7921281456947327,0.7517399191856384,0.2026420533657074,0.14336904883384705,-0.191636860370636,-0.059774816036224365,0.23040705919265747,0.13434529304504395,-0.12603241205215454,-0.02140069007873535,0.06994044780731201,-0.1985718309879303,-0.17212870717048645,0.15375027060508728,0.17924174666404724,0.21783000230789185,0.04129302501678467,-0.2459736466407776,0.08617138862609863,0.1559358835220337,-0.04038822650909424,-0.05927300453186035,-0.3942789137363434,-0.2031438648700714,0.42204391956329346,0.1941201090812683,-0.356439471244812,-0.1557459831237793,0.19597285985946655,-0.17717114090919495,-0.24206915497779846,0.3523221015930176,0.3513704538345337,0.06407973170280457,-0.13794872164726257,-0.46380364894866943,0.044878363609313965,0.4019095301628113,-0.12655961513519287,-0.19632411003112793,0.24953579902648926,0.22693003714084625,0.037759628146886826,-0.03230826556682587,0.15424399077892303,-0.017542406916618347,0.09004022926092148,0.265399694442749,0.14989492297172546,0.21818168461322784,0.3972099721431732,0.20529092848300934,0.16386450827121735,0.08804433047771454,-0.09389854222536087,-0.1286238133907318,-0.23588307201862335,0.03855181485414505,0.35623112320899963,-0.022605761885643005,-0.21177616715431213,-0.2592383027076721,0.11648435890674591,0.01476585865020752,-0.06420376151800156,0.28294211626052856,0.059854693710803986,-0.04721800982952118,0.24731504917144775,-0.012890756130218506,-0.23334546387195587,-0.1172465980052948,-0.2577630579471588,-0.21666814386844635,-0.14198452234268188,0.16717562079429626,0.5921142101287842,0.3176793158054352,-0.18917040526866913,-0.2366325408220291,0.32826054096221924,0.27400416135787964,-0.18068811297416687,0.26817625761032104,0.12405845522880554,-0.33016014099121094,0.18746036291122437,0.03432725369930267,-0.48066049814224243,-0.1043558418750763,-0.024417594075202942,-0.09942154586315155,0.11577853560447693,0.3838437795639038,0.7340987324714661,0.15050369501113892,-0.274434894323349,2.7479357719421387,2.912579298019409,3.085238456726074,2.7592520713806152,2.7344911098480225,2.305790662765503,2.0920283794403076,2.495817184448242,2.454719305038452,2.3135406970977783,2.8007988929748535,2.6526551246643066,2.5060818195343018,2.3200793266296387,2.507068395614624,3.007845878601074,2.94258451461792,2.644559383392334,2.52239990234375,0.1646435260772705,0.33730268478393555,-0.15332722663879395,-0.35074734687805176,-0.4534614086151123,-0.6424627304077148,0.19002652168273926,0.36269092559814453,-0.18227648735046387,0.34607958793640137,0.3391144275665283,-0.29471707344055176,-0.33257579803466797,0.0009865760803222656,0.6877665519714355,0.4355161190032959,-0.36328649520874023,-0.4201846122741699,-0.12215948104858398,0.17265915870666504,-0.31797075271606445,-0.6880500316619873,-0.30013418197631836,-0.2917153835296631,0.6434879302978516,1.0051536560058594,-0.3723030090332031,-0.016611337661743164,0.5213909149169922,-0.6407966613769531,-0.6716902256011963,0.295703649520874,1.0203423500061035,0.43452954292297363,-1.0510530471801758,-0.8557007312774658,0.24112701416015625,0.29802513122558594,13.63271713256836,50.22449493408203,47.33979415893555,-4.583600044250488,30.115550994873047,59.55867004394531,-2.9434642791748047,7.0683112144470215,45.79307174682617,32.6309814453125,14.772369384765625,36.03700256347656,42.37999725341797,12.41377067565918,42.76424789428711,42.40846633911133,20.59952163696289,35.62345504760742,24.44502067565918,36.59177780151367,33.70707702636719,-54.8080940246582,-17.2242431640625,64.14227294921875,-33.05901336669922,-52.490360260009766,48.736534118652344,25.56266975402832,-31.020702362060547,3.4060211181640625,27.607627868652344,-23.623231887817383,0.3842506408691406,29.99469566345215,-22.16472625732422,-6.785011291503906,3.845499038696289,-11.178434371948242,-2.8847007751464844,-91.39987182617188,-50.93132019042969,118.95036315917969,-15.834770202636719,-116.63262939453125,81.79554748535156,78.05303192138672,-79.75723266601562,-22.156648635864258,58.62833023071289,-27.029253005981445,-27.223377227783203,53.61792755126953,-22.54897689819336,-36.77970886230469,26.010225296020508,-4.393423080444336,-15.023933410644531,-0.036588169634342194,-0.014116782695055008,0.09497637301683426,-0.00016718788538128138,0.016722489148378372,0.07040302455425262,-0.05121324211359024,-0.030588097870349884,0.024530978873372078,-0.050423987209796906,-0.010004475712776184,0.08587153255939484,0.07253773510456085,0.025235721841454506,0.11614885181188583,0.1072402149438858,0.08685014396905899,0.059346653521060944,0.0,0.022471386939287186,0.13156454265117645,0.013949594460427761,-0.07825388014316559,0.0705702155828476,-0.06793573498725891,-0.10099112242460251,0.07574421912431717,-0.01983588933944702,-0.03453545272350311,0.13629552721977234,0.08254221081733704,-0.06063581258058548,0.04361111670732498,0.08200449496507645,-0.029298707842826843,-0.04789356142282486,-0.08685014396905899,-0.059346653521060944,0.10909315943717957,-0.008521792478859425,-0.20981842279434204,0.05662062019109726,0.010318145155906677,-0.1715613305568695,0.14367994666099548,0.08115523308515549,-0.11027967184782028,0.15613141655921936,0.11707766354084015,-0.19693133234977722,-0.038931094110012054,0.14264030754566193,-0.07290982455015182,-0.1298980563879013,-0.05755143612623215,-0.011453092098236084,0.027503490447998047
0.07322947680950165,-0.0071082282811403275,0.06104915961623192,0.08925889432430267,-0.0065144132822752,0.06133901700377464,0.1401989609003067,0.018561145290732384,-0.019894761964678764,0.03849460184574127,0.12018975615501404,0.08789913356304169,-0.08007004112005234,0.006436074152588844,0.1971389502286911,0.045205455273389816,-0.12400130927562714,0.14050042629241943,0.07862602919340134,-0.08033770322799683,-0.01218031719326973,0.09636712074279785,-0.06756357103586197,-0.02791987732052803,0.14671337604522705,-0.04277787357568741,-0.16009372472763062,0.019933456555008888,0.14008451998233795,0.049404531717300415,-0.20025980472564697,-0.08146306127309799,0.27720898389816284,0.03876937925815582,-0.32114025950431824,0.09529496729373932,0.20262733101844788,-0.0618743970990181,0.0681573897600174,0.17670482397079468,-0.05538325384259224,-0.12428699433803558,0.21427693963050842,-0.014857996255159378,-0.30680710077285767,0.06271132826805115,0.3001782298088074,0.029471075162291527,-0.34034430980682373,-0.130867600440979,0.4774687886238098,0.12023244053125381,-0.5983492136001587,0.056525588035583496,0.5237675905227661,-0.157169371843338,-0.2645017206668854,0.2646068334579468,0.20875704288482666,0.23405921459197998,0.284531831741333,0.27280232310295105,0.25433921813964844,0.2684219181537628,0.2628372013568878,0.3300592601299286,0.3374806344509125,0.29922834038734436,0.23419591784477234,0.2069139927625656,0.2369154691696167,0.2831304669380188,0.35160061717033386,0.36050519347190857,0.3686692416667938,0.3331793248653412,-0.05584979057312012,-0.030547618865966797,0.07577478885650635,0.03874310851097107,-0.03019261360168457,-0.004380404949188232,0.00849798321723938,0.06163734197616577,0.07464343309402466,-0.03083091974258423,-0.10328471660614014,-0.09231434762477875,0.0027195513248443604,0.07621647417545319,0.11468514800071716,0.07737472653388977,0.01706862449645996,-0.027325868606567383,-0.03548991680145264,0.02530217170715332,0.13162457942962646,0.06929072737693787,-0.10596740245819092,-0.0431235134601593,0.03869059681892395,0.066017746925354,0.06614544987678528,-0.09246826171875,-0.1779281497001648,-0.06148342788219452,0.1060042679309845,0.16853082180023193,0.1119655966758728,0.0011582523584365845,-0.0976165235042572,-0.10470059514045715,-0.0525585412979126,-0.008164048194885254,0.8125161528587341,0.6084699630737305,0.6735044717788696,1.0061110258102417,1.0061110258102417,0.9057344198226929,0.8992283940315247,0.8992283940315247,0.8618009090423584,0.8618009090423584,0.8638864755630493,0.8638864755630493,0.6681121587753296,0.6681121587753296,1.1629070043563843,1.1629070043563843,0.7371576428413391,0.963558554649353,0.963558554649353,-0.20404618978500366,-0.1390116810798645,0.39764106273651123,0.33260655403137207,-0.10037660598754883,-0.10688263177871704,-0.006506025791168213,-0.03742748498916626,-0.03742748498916626,0.002085566520690918,0.002085566520690918,-0.19577431678771973,-0.19577431678771973,0.4947948455810547,0.4947948455810547,-0.42574936151504517,-0.19934844970703125,0.22640091180801392,0.0,0.06503450870513916,0.6016872525215149,0.4716182351112366,-0.49801766872406006,-0.4394891858100891,0.09387058019638062,0.06945514678955078,-0.030921459197998047,0.03951305150985718,0.03951305150985718,-0.19785988330841064,-0.19785988330841064,0.6905691623687744,0.6905691623687744,-0.9205442070960999,-0.6941432952880859,0.6521502733230591,0.19934844970703125,-0.22640091180801392,1.2143009901046753,0.6084699630737305,0.6735044717788696,1.0061110258102417,1.0061110258102417,0.9057344198226929,0.8992283940315247,0.8992283940315247,0.880119800567627,0.880119800567627,0.8638864755630493,0.8638864755630493,0.7739027738571167,0.7739027738571167,1.1629070043563843,1.1629070043563843,1.0902628898620605,1.0902628898620605,1.0457346439361572,-0.6058310270309448,-0.5407965183258057,0.39764106273651123,0.33260655403137207,-0.10037660598754883,-0.10688263177871704,-0.006506025791168213,-0.019108593463897705,-0.019108593463897705,-0.016233325004577637,-0.016233325004577637,-0.08998370170593262,-0.08998370170593262,0.3890042304992676,0.3890042304992676,-0.07264411449432373,-0.07264411449432373,-0.04452824592590332,-0.04452824592590332,0.06503450870513916,1.003472089767456,0.8734030723571777,-0.49801766872406006,-0.4394891858100891,0.09387058019638062,0.08777403831481934,-0.012602567672729492,0.0028752684593200684,0.0028752684593200684,-0.07375037670135498,-0.07375037670135498,0.4789879322052002,0.4789879322052002,-0.4616483449935913,-0.4616483449935913,0.02811586856842041,0.02811586856842041,0.0,-1.2143009901046753,-0.576440691947937,-0.576440691947937,-0.819893479347229,-0.819893479347229,-0.5669787526130676,-0.5669787526130676,-0.7739154696464539,-0.880119800567627,-0.880119800567627,-0.7885873317718506,-0.6665712594985962,-0.7739027738571167,-0.7739027738571167,-0.5941436290740967,-0.7874292135238647,-1.0902628898620605,-1.0902628898620605,-1.0457346439361572,0.6378602981567383,0.6378602981567383,-0.243452787399292,-0.243452787399292,0.2529147267341614,0.2529147267341614,-0.20693671703338623,-0.3131410479545593,-0.1062043309211731,0.09153246879577637,0.21354854106903076,0.014684557914733887,-0.10733151435852051,0.17975914478302002,-0.013526439666748047,-0.49611926078796387,-0.3028336763381958,0.04452824592590332,0.04452824592590332,0.0,-0.8813130855560303,-0.8813130855560303,0.49636751413345337,0.49636751413345337,-0.4598514437675476,-0.5660557746887207,0.10073238611221313,0.4046735167503357,0.31975287199020386,-0.07684791088104248,-0.32088005542755127,0.16507458686828613,0.09380507469177246,-0.6758784055709839,-0.28930723667144775,0.5406475067138672,0.3473619222640991,0.0,0.0008965888991951942,0.00012118369340896606,0.00012118369340896606,0.00037716561928391457,0.001493765041232109,0.0016956990584731102,0.00045347283594310284,0.00045347283594310284,0.004675189033150673,0.0006114672869443893,0.0006114672869443893,0.00014164275489747524,0.00014164275489747524,0.0012449026107788086,0.001292807050049305,0.0025796941481530666,0.0035274121910333633,0.004900048021227121,0.0,-0.0007754052057862282,-0.0007754052057862282,0.0002559819258749485,0.001372581347823143,0.0013185334391891956,-0.0010402922052890062,-0.0012422262225300074,0.004221715964376926,0.0001579944510012865,-0.004063721746206284,-0.0004698245320469141,-0.0004698245320469141,0.0011032598558813334,0.0011511642951518297,0.001334791537374258,0.0022346051409840584,0.0023203538730740547,-0.0035274121910333633,-0.004900048021227121,0.0,0.0010313871316611767,0.002147986553609371,0.0010625515133142471,-0.0024128735531121492,-0.002560759661719203,0.005262007936835289,0.0014002206735312939,-0.00828543771058321,-0.0006278189830482006,0.0035938972141593695,0.0015730843879282475,0.0016209888271987438,0.0002315316814929247,0.0010834408458322287,0.0009855623356997967,-0.005762017332017422,-0.007220401894301176,-0.001372635830193758,-0.40178483724594116,0.03202927112579346,0.09706377983093262,0.1862175464630127,0.1862175464630127,0.33875566720962524,0.33224964141845703,0.1253129243850708,-0.018318891525268555,-0.018318891525268555,0.07529914379119873,0.19731521606445312,-0.10579061508178711,-0.10579061508178711,0.5687633752822876,0.37547779083251953,-0.35310524702072144,-0.12670433521270752,-0.0821760892868042,0.4338141083717346,0.4988486170768738,0.15418827533721924,0.08915376663208008,0.15253812074661255,0.14603209495544434,-0.21344274282455444,-0.3505685329437256,-0.14363181591033936,0.09361803531646729,0.21563410758972168,-0.18108975887298584,-0.30310583114624023,0.6745539903640747,0.48126840591430664,-0.921868622303009,-0.502182126045227,0.27092915773391724,0.04452824592590332,0.06503450870513916,-0.2796258330345154,-0.4096948504447937,-0.0016501545906066895,0.05687832832336426,-0.365980863571167,-0.4966006278991699,0.06981092691421509,0.44418656826019287,0.35926592350006104,-0.2747077941894531,-0.5187399387359619,0.8556437492370605,0.7843742370605469,-1.5964226722717285,-0.9834505319595337,1.1927977800369263,0.5467103719711304,-0.22640091180801392,2.0268170833587646,1.1849106550216675,1.2499451637268066,1.8260045051574707,1.8260045051574707,1.4727132320404053,1.4662071466445923,1.6731438636779785,1.7419207096099854,1.7419207096099854,1.6524738073349,1.5304577350616455,1.4420149326324463,1.4420149326324463,1.757050633430481,1.950336217880249,1.8274204730987549,2.053821563720703,2.0092930793762207,-0.8419064283370972,-0.776871919631958,0.6410938501358032,0.5760593414306641,-0.35329127311706543,-0.3597973585128784,0.20043063163757324,0.27571356296539307,0.06877684593200684,-0.08944690227508545,-0.21146297454833984,-0.2104588747024536,-0.08844280242919922,0.31503570079803467,0.5083212852478027,0.07036983966827393,0.1034853458404541,0.18187260627746582,-0.04452848434448242,0.06503450870513916,1.4830002784729004,1.352931261062622,-0.9943851232528687,-0.9358566999435425,0.5537219047546387,0.6355109214782715,-0.1316537857055664,-0.3651604652404785,-0.2802398204803467,-0.12101197242736816,0.12302017211914062,0.5254945755004883,0.596764087677002,-0.24466586112976074,-0.40483593940734863,0.1115027666091919,-0.14801383018493652,-0.22640109062194824,0.48954594135284424,0.42089569568634033,0.43887507915496826,0.5947662591934204,0.6059125661849976,0.573533296585083,0.5462954640388489,0.5516505837440491,0.4805319309234619,0.4771119952201843,0.5045120120048523,0.5437300205230713,0.4536975026130676,0.4390406012535095,0.6896810531616211,0.6369630098342896,0.39968225359916687,0.51226407289505,0.5345906615257263,-0.0686502456665039,-0.05067086219787598,0.17387056350708008,0.1670374870300293,-0.021232962608337402,-0.05961710214614868,-0.021882712841033936,-0.06576353311538696,-0.07453858852386475,0.02398008108139038,0.06661802530288696,-0.05081450939178467,-0.10468941926956177,0.23598355054855347,0.19792240858078003,-0.2899987995624542,-0.1246989369392395,0.13490840792655945,0.02232658863067627,0.01797938346862793,0.24252080917358398,0.21770834922790527,-0.19510352611541748,-0.22665458917617798,-0.0006497502326965332,-0.006146430969238281,-0.05265587568283081,0.08974361419677734,0.1411566138267517,-0.07479459047317505,-0.17130744457244873,0.28679805994033813,0.3026118278503418,-0.5259823799133301,-0.32262134552001953,0.42490720748901367,0.14702552556991577,-0.11258181929588318,0.5795314311981201,0.33951079845428467,0.20962728559970856,0.34984588623046875,0.6853379011154175,0.10287708789110184,0.014435218647122383,0.17545682191848755,0.2936456501483917,0.041427578777074814,0.7514552474021912,0.22730708122253418,0.08149873465299606,0.18058916926383972,0.18755769729614258,0.17407537996768951,0.26190516352653503,0.39432939887046814,0.276578813791275,-0.24002063274383545,-0.36990416049957275,0.010335087776184082,0.4757106304168701,-0.2469688057899475,-0.670902669429779,0.07257973402738571,0.2792104184627533,-0.13402923941612244,0.45780959725379944,0.18587949872016907,-0.6699565052986145,-0.04671791195869446,0.10605896264314651,-0.0065137892961502075,0.07434746623039246,0.22025401890277863,0.01467365026473999,-0.11775058507919312,-0.1298835277557373,0.25035572052001953,0.8456147909164429,-0.2573038935661316,-1.146613359451294,0.3195485472679138,0.95011305809021,-0.20660898089408875,0.17859917879104614,0.3199087381362915,-1.1277661323547363,-0.23259741067886353,0.7760154604911804,0.04020412266254425,-0.03171149641275406,0.22676780819892883,-0.059673815965652466,-0.33800458908081055,-0.1324242353439331,3.132739305496216,1.8031375408172607,2.2896456718444824,3.380403518676758,3.1384401321411133,2.567669630050659,3.0306785106658936,2.9147002696990967,4.270796298980713,4.394572734832764,3.549038887023926,2.6306533813476562,1.9413425922393799,2.213853597640991,3.3370048999786377,4.586624622344971,4.776966094970703,5.1678147315979,4.357094764709473,-1.329601764678955,-0.8430936336517334,1.577265977859497,0.8487944602966309,-0.8127338886260986,-0.10776162147521973,0.3470306396484375,1.2401177883148193,1.479872465133667,-0.7217574119567871,-1.7639193534851074,-1.607696294784546,-0.41679978370666504,1.3956623077392578,2.3727710247039795,1.4399611949920654,0.5811901092529297,-0.41987133026123047,-0.8107199668884277,0.4865081310272217,2.906867742538452,1.6918880939483643,-2.3899998664855957,-0.9565560817718506,1.1597645282745361,1.347879409790039,1.1328418254852295,-1.9618752002716064,-3.2437918186187744,-0.8859388828277588,1.3471195697784424,3.0033586025238037,2.7895708084106445,0.04429888725280762,-1.7915809154510498,-1.859832525253296,-1.3919100761413574,-0.39084863662719727,-0.000827007635962218,0.0005374912288971245,-0.00080211425665766,-0.0006086081848479807,-0.000438608112744987,-0.0004106156120542437,0.0007543324027210474,-0.0003800651174969971,0.0004195928922854364,0.000601951964199543,-0.00018879736308008432,0.0008164374739862978,-0.00012572939158417284,0.00012998819875065237,-0.0006615156307816505,-0.0007325620390474796,-0.0007350005325861275,-0.00034585531102493405,-0.00039857166120782495,0.0013644988648593426,2.489337930455804e-05,-0.0011460994137451053,0.000363506143912673,0.00019799257279373705,0.0011929405154660344,3.0550494557246566e-05,-0.000334739510435611,0.0009820170234888792,-0.0006083902553655207,0.00021448550978675485,6.306797149591148e-05,-0.0006864492897875607,-0.0005357862683013082,-0.0008625502232462168,-7.348490180447698e-05,0.0003867067280225456,0.0003364288713783026,-5.271635018289089e-05,-0.0013396055437624454,-0.0025105983950197697,0.00033861276460811496,0.0013440919574350119,0.0008294343715533614,-0.0001674420782364905,-0.0015276800841093063,0.0009514664998278022,-0.0002736507449299097,-0.0007675315137021244,0.0006714581977576017,-0.0009009347995743155,-0.0005988542689010501,-0.00017610093345865607,0.0004623013664968312,0.0012492570094764233,0.00040991377318277955,-0.00043942307820543647,-0.00038914522156119347,-24324674.0,-13227872.0,-17170520.0,-27176720.0,-24747060.0,-19928780.0,-23603338.0,-22798628.0,-34340860.0,-36299200.0,-27981182.0,-20347502.0,-14239941.0,-16544678.0,-27344884.0,-38212364.0,-39817524.0,-44501996.0,-36649060.0,11096802.0,7154154.0,-13948848.0,-7576540.0,7247940.0,1143722.0,-2869848.0,-10737522.0,-13500572.0,6359678.0,15951698.0,13741241.0,3802824.0,-13104943.0,-21667686.0,-12472640.0,-6289632.0,3168464.0,7852936.0,-3942648.0,-25045650.0,-14730694.0,21196788.0,8720262.0,-10117788.0,-11881244.0,-10630724.0,17097200.0,29452270.0,7381563.0,-12148874.0,-26846184.0,-25470510.0,632303.0,15378054.0,15641104.0,14142568.0,4684472.0,0.04648447781801224,0.0027353435289114714,0.0054685440845787525,0.023956354707479477,0.02664206176996231,0.011005355045199394,0.018303073942661285,0.018178662285208702,0.032541003078222275,0.033796753734350204,0.021581748500466347,0.017231862992048264,0.0061780717223882675,0.006004812195897102,0.04671461507678032,0.05440352484583855,0.04819251596927643,0.06342824548482895,0.04129054769873619,-0.0437491349875927,-0.04101593419909477,0.021221011877059937,0.021173518151044846,-0.012950999662280083,-0.008338987827301025,0.007173307240009308,0.01423792913556099,0.015618091449141502,-0.010959254577755928,-0.01656489074230194,-0.01540367677807808,-0.011227050796151161,0.0405365452170372,0.048398710787296295,0.001477900892496109,0.009024720638990402,-0.006901968270540237,-0.022137697786092758,0.002733200788497925,0.06497015058994293,0.06218945235013962,-0.03417201340198517,-0.02951250597834587,0.02012430690228939,0.022576916962862015,0.008444784209132195,-0.025197183713316917,-0.03218298405408859,-0.004444422200322151,0.00533783994615078,0.05594022199511528,0.05962575972080231,-0.03905864432454109,-0.03937399014830589,-0.008379869163036346,-0.03116241842508316,-0.01523572951555252,0.03636153042316437,-0.003521059174090624,0.03023480251431465,0.04459032416343689,-0.0036151923704892397,0.0306752547621727,0.07052890211343765,0.009205726906657219,-0.010232442058622837,0.019438259303569794,0.060001932084560394,0.04429759085178375,-0.04024730622768402,0.0032309219241142273,0.09875257313251495,0.02243676781654358,-0.06249329820275307,0.07036478817462921,0.03933200240135193,-0.039882589131593704,-0.006126727908849716,0.048111382871866226,-0.03384999558329582,-0.01391506940126419,0.07414409518241882,-0.02146952785551548,-0.08076134324073792,0.010232532396912575,0.07023437321186066,0.02485933154821396,-0.10024923831224442,-0.041066668927669525,0.13899987936019897,0.019205845892429352,-0.16124586760997772,0.04792802035808563,0.1018252968788147,-0.031032785773277283,0.03375586122274399,0.08799397200345993,-0.027723267674446106,-0.06202645227313042,0.10799409449100494,-0.007554458454251289,-0.15490543842315674,0.031702060252428055,0.15099571645259857,0.014626799151301384,-0.17048361897468567,-0.06592600047588348,0.2392491102218628,0.06027251482009888,-0.3002457618713379,0.02872217446565628,0.2630711793899536,-0.07896080613136292,-0.13285808265209198,0.33679842948913574,0.2614035904407501,0.28826817870140076,0.3467215597629547,0.34493499994277954,0.30595216155052185,0.3086112439632416,0.33195239305496216,0.40195730328559875,0.4064180254936218,0.34658321738243103,0.3033539950847626,0.2592291533946991,0.2896842360496521,0.2959926724433899,0.41460373997688293,0.40713074803352356,0.41976821422576904,0.39880385994911194,-0.07539483904838562,-0.048530250787734985,0.08531796932220459,0.056666821241378784,-0.04076939821243286,-0.036323755979537964,0.026000231504440308,0.09334605932235718,0.07446563243865967,-0.055374085903167725,-0.10306403040885925,-0.08735406398773193,-0.013669759035110474,0.036763519048690796,0.12491950392723083,0.11113807559013367,0.005164474248886108,-0.008326888084411621,-0.020964354276657104,0.026864588260650635,0.1607128083705902,0.10519707202911377,-0.12608736753463745,-0.09299057722091675,0.06676962971687317,0.12966981530189514,0.04846540093421936,-0.1487201452255249,-0.17752966284751892,-0.03197997808456421,0.08939427137374878,0.12411758303642273,0.1385892629623413,0.07437455654144287,-0.11975502967834473,-0.11946496367454529,-0.026128828525543213,-0.012637466192245483,0.11343317478895187,0.06833183020353317,0.08309854567050934,0.12021584063768387,0.11898016184568405,0.09360671788454056,0.09524089097976685,0.11019239574670792,0.16156968474388123,0.16517560184001923,0.12011992186307907,0.09202364832162857,0.06719975173473358,0.08391696214675903,0.08761166036128998,0.17189626395702362,0.16575543582439423,0.1762053519487381,0.1590445190668106,-0.0451013445854187,-0.030334629118442535,0.051884010434150696,0.03588161617517471,-0.02660912275314331,-0.023739270865917206,0.01658567786216736,0.06632879376411438,0.05498320609331131,-0.041449762880802155,-0.07315195351839066,-0.05292017012834549,-0.008106686174869537,0.020411908626556396,0.08797930181026459,0.07814377546310425,0.0043090879917144775,-0.006710916757583618,-0.01716083288192749,0.014766715466976166,0.0969853550195694,0.06621624529361725,-0.078493133187294,-0.05962088704109192,0.04319480061531067,0.09006806463003159,0.03839752823114395,-0.10777855664491653,-0.12813515961170197,-0.011470407247543335,0.06504526734352112,0.07333207875490189,0.09608598798513412,0.05773186683654785,-0.08367021381855011,-0.08485469222068787,-0.021469920873641968,-0.010449916124343872,-0.7330554723739624,-0.04912789911031723,-0.00024210030096583068,-0.005950557999312878,0.4660669267177582,0.24284927546977997,0.21176162362098694,0.2700005769729614,0.25092944502830505,-0.006224603857845068,-0.105606310069561,0.47493261098861694,-0.1320313811302185,-0.3053331971168518,0.29490602016448975,0.11306439340114594,-0.020038044080138206,-0.7682947516441345,-0.24838559329509735,0.683927595615387,0.7328133583068848,0.04317734017968178,0.4663090407848358,0.24879983067512512,-0.25430530309677124,0.027151301503181458,0.039167821407318115,-0.27622517943382263,-0.35653576254844666,0.48115721344947815,-0.0264250710606575,-0.7802658081054688,0.42693740129470825,0.41839760541915894,-0.3149440586566925,-0.8813591599464417,-0.2283475548028946,0.519909143447876,0.0488857626914978,-0.6407502293586731,-0.26650431752204895,0.20562249422073364,-0.7206143140792847,-0.22164852917194366,0.29347312450408936,-0.3033764958381653,-0.39570358395576477,0.7573823928833008,0.33011069893836975,-1.2614229917526245,0.45336246490478516,1.1986634731292725,-0.7418814897537231,-1.2997567653656006,0.08659650385379791,1.4012682437896729,0.7482566833496094,4.6826677322387695,2.5630033016204834,2.519326686859131,2.7552106380462646,3.2286324501037598,2.5368471145629883,2.5366458892822266,2.963797092437744,2.4507408142089844,2.3417611122131348,2.6059279441833496,3.1066601276397705,3.195108652114868,2.6537046432495117,3.868184804916382,2.4571197032928467,2.16159725189209,3.328932285308838,2.647573471069336,-2.119664430618286,-2.1633410453796387,0.19220733642578125,0.7093057632446289,-0.21836352348327637,-0.6919865608215332,0.42694997787475586,-0.08590507507324219,-0.6220359802246094,0.15518712997436523,0.7648990154266357,0.5891807079315186,-0.4529554843902588,0.6730761528015137,-0.19658493995666504,-1.706587553024292,0.8718125820159912,0.4859762191772461,-0.681358814239502,-0.04367661476135254,2.3118717670440674,2.8726468086242676,-0.4105708599090576,-1.401292324066162,0.6453135013580322,0.606081485748291,-1.0489859580993652,0.24109220504760742,1.3869349956512451,0.4339935779571533,-1.2178544998168945,0.08389544486999512,0.25637054443359375,-2.3796637058258057,1.0683975219726562,2.192563772201538,-1.5531713962554932,-1.167335033416748,36.76119613647461,-3.5683305263519287,30.646678924560547,44.80796432495117,-3.270235538482666,30.792186737060547,70.37987518310547,9.317694664001465,-9.987170219421387,19.324289321899414,60.33525848388672,44.1253662109375,-40.195159912109375,3.2309091091156006,98.96375274658203,22.693138122558594,-62.2486572265625,70.53121185302734,39.47026824951172,-40.329524993896484,-6.1145172119140625,48.37629318237305,-33.91691589355469,-14.015777587890625,73.65010833740234,-21.474491119384766,-80.3670425415039,10.00659465789795,70.32242584228516,24.801076889038086,-100.5304183959961,-40.89445877075195,139.15890502929688,19.462228775024414,-161.21240234375,47.83807373046875,101.71892547607422,-31.060943603515625,34.21500778198242,88.70581817626953,-27.802398681640625,-62.39207077026367,107.56702423095703,-7.458713531494141,-154.01715087890625,31.48108673095703,150.68946838378906,14.794482231140137,-170.85284423828125,-65.6955337524414,239.6893310546875,60.356689453125,-300.3713073730469,28.375844955444336,262.93133544921875,-78.89901733398438,-132.77987670898438,0.09791859984397888,0.01333536021411419,0.05989149212837219,0.06690311431884766,-0.026326868683099747,0.05470844358205795,0.12231454253196716,0.017963554710149765,-0.03448433056473732,0.0358990803360939,0.14319688081741333,0.041736140847206116,-0.04630570486187935,0.04014427959918976,0.19470733404159546,0.07662924379110336,-0.12939244508743286,0.22612814605236053,0.09323641657829285,-0.08458323776721954,-0.03802710771560669,0.05356775224208832,-0.08621835708618164,-0.012194670736789703,0.1486414074897766,-0.03674488887190819,-0.15679886937141418,0.017935525625944138,0.17768120765686035,0.005837060511112213,-0.18950258195400238,-0.0015918612480163574,0.2410130351781845,0.036484964191913605,-0.3240997791290283,0.14949890971183777,0.2226288616657257,-0.1328917294740677,0.046556130051612854,0.13815099000930786,-0.04819124937057495,-0.06576242297887802,0.23485976457595825,-0.024550218135118484,-0.3054402768611908,0.054680414497852325,0.33448007702827454,-0.012098465114831924,-0.3671838045120239,-0.0074289217591285706,0.4305156171321869,0.03807682543992996,-0.565112829208374,0.11301394551992416,0.5467286109924316,-0.28239065408706665,-0.3555206060409546
0.0858636349439621,-0.10799747705459595,-0.016656627878546715,0.16265498101711273,-0.004859385080635548,-0.05624654144048691,0.03823946788907051,0.08169343322515488,0.038560304790735245,-0.012769925408065319,-0.011502302251756191,-0.0395236536860466,0.146519735455513,0.07717186957597733,-0.13349519670009613,0.07678655534982681,0.17965243756771088,-0.12281204015016556,-0.055417515337467194,-0.19386111199855804,-0.10252026468515396,0.2706524729728699,0.011797242797911167,-0.21890151500701904,0.043098852038383484,0.13793997466564178,0.0003208369016647339,-0.09446335583925247,-0.05006260797381401,-0.026753727346658707,0.15802203118801117,0.11669552326202393,-0.28001493215560913,-0.0003853142261505127,0.313147634267807,-0.19959859549999237,-0.23506996035575867,0.06739452481269836,0.09134084731340408,0.4645135998725891,0.11431750655174255,-0.4895539879798889,0.03130161017179489,0.356841504573822,-0.04277801513671875,-0.23240333795547485,-0.050383444875478745,0.06770962476730347,0.20808464288711548,0.14344924688339233,-0.4380369782447815,-0.11708083748817444,0.5931625366210938,-0.19921328127384186,-0.5482175946235657,0.26699310541152954,0.30246448516845703,0.2107224315404892,0.22535260021686554,0.2607889771461487,0.24770726263523102,0.24356430768966675,0.25961247086524963,0.2589009702205658,0.24278834462165833,0.26033473014831543,0.2521152198314667,0.24821066856384277,0.35293805599212646,0.41107678413391113,0.315357506275177,0.2769676446914673,0.3576459586620331,0.38038283586502075,0.3711719512939453,0.34928828477859497,0.014630168676376343,0.050066545605659485,0.02235466241836548,-0.017224669456481934,0.011905208230018616,0.015336662530899048,-0.01682412624359131,0.0014337599277496338,0.00932687520980835,-0.012124061584472656,0.10082283616065979,0.16286611557006836,-0.03758054971694946,-0.13410913944244385,0.04228845238685608,0.10341519117355347,0.013525992631912231,-0.03109455108642578,-0.021883666515350342,0.03543637692928314,0.007724493741989136,-0.06729121506214142,-0.010449454188346863,0.03256133198738098,-0.028729334473609924,-0.013902902603149414,0.026151001453399658,-0.01355782151222229,0.09149596095085144,0.17499017715454102,-0.13840338587760925,-0.2969752550125122,0.07986900210380554,0.23752433061599731,-0.028762459754943848,-0.13450974225997925,-0.03540965914726257,0.00921088457107544,0.6835230588912964,0.5056857466697693,0.5883572101593018,0.7744700908660889,0.7744700908660889,0.7409012317657471,0.8269303441047668,0.8269303441047668,0.9933977723121643,0.9933977723121643,0.8005884885787964,1.1218866109848022,1.1218866109848022,0.9497741460800171,0.603634774684906,1.1517572402954102,1.1517572402954102,1.1111586093902588,0.7874423265457153,-0.1778373122215271,-0.09516584873199463,0.2687843441963196,0.1861128807067871,-0.0335688591003418,0.05246025323867798,0.08602911233901978,0.16646742820739746,0.16646742820739746,-0.19280928373336792,0.12848883867263794,0.32129812240600586,-0.17211246490478516,-0.5182518362998962,0.20198309421539307,0.5481224656105042,-0.04059863090515137,-0.3643149137496948,-0.32371628284454346,0.08267146348953247,0.4466216564178467,0.28127872943878174,-0.3023532032966614,-0.13365262746810913,0.11959797143936157,0.11400717496871948,0.08043831586837769,-0.3592767119407654,-0.03797858953475952,0.5141074061393738,-0.3006013035774231,-0.8395499587059021,0.3740955591201782,1.0663743019104004,-0.24258172512054443,-0.912437379360199,-0.2831176519393921,0.04059863090515137,0.6835230588912964,0.6599953770637512,0.6599953770637512,0.7744700908660889,0.7744700908660889,0.7409012317657471,0.8269303441047668,0.8269303441047668,0.9933977723121643,0.9933977723121643,0.8672006726264954,1.1218866109848022,1.1218866109848022,0.9603217244148254,0.9603217244148254,1.1517572402954102,1.1517572402954102,1.1111586093902588,0.9892419576644897,-0.023527681827545166,-0.023527681827545166,0.11447471380233765,0.11447471380233765,-0.0335688591003418,0.05246025323867798,0.08602911233901978,0.16646742820739746,0.16646742820739746,-0.12619709968566895,0.12848883867263794,0.2546859383583069,-0.1615648865699768,-0.1615648865699768,0.19143551588058472,0.19143551588058472,-0.04059863090515137,-0.1625152826309204,-0.12191665172576904,0.0,0.1380023956298828,0.1380023956298828,-0.14804357290267944,-0.06201446056365967,0.11959797143936157,0.11400717496871948,0.08043831586837769,-0.2926645278930664,-0.03797858953475952,0.38088303804397583,-0.29005372524261475,-0.4162508249282837,0.3530004024505615,0.3530004024505615,-0.23203414678573608,-0.3539507985115051,-0.08131802082061768,0.04059863090515137,-0.6184910535812378,-0.6599953770637512,-0.6599953770637512,-0.38799571990966797,-0.638603687286377,-0.638603687286377,-0.5909799337387085,-0.5511926412582397,-0.6136608123779297,-0.6496027112007141,-0.8672006726264954,-1.0628046989440918,-1.0628046989440918,-0.9603217244148254,-0.9603217244148254,-0.8826757073402405,-0.6800425052642822,-0.9892419576644897,-0.9892419576644897,-0.04150432348251343,-0.04150432348251343,0.27199965715408325,0.021391689777374268,-0.250607967376709,0.04762375354766846,0.08741104602813721,-0.02268087863922119,-0.09841006994247437,-0.2535398602485657,-0.4132019877433777,-0.19560402631759644,0.10248297452926636,0.10248297452926636,0.07764601707458496,0.2802792191505432,-0.10656625032424927,-0.3091994524002075,0.0,0.0,0.3135039806365967,0.0628960132598877,-0.5226076245307922,0.02623206377029419,0.3380190134048462,-0.07030463218688965,-0.18582111597061157,-0.23085898160934448,-0.3147919178009033,0.05793583393096924,0.515684962272644,0.2980870008468628,-0.024836957454681396,0.17779624462127686,-0.18421226739883423,-0.5894786715507507,0.10656625032424927,0.3091994524002075,0.002096228301525116,0.0016332464292645454,0.0004175002686679363,0.0004175002686679363,0.0007232408970594406,0.0007232408970594406,0.0007295547984540462,0.0007295547984540462,0.0017071973998099566,0.0017071973998099566,0.0005350038409233093,0.0003775085788220167,0.0003775085788220167,0.000963031779974699,0.000963031779974699,0.00017209514044225216,0.00017209514044225216,0.0006013414240442216,0.0,-0.0004629818722605705,-0.0016787280328571796,-0.0012157461605966091,0.0003057406283915043,0.0003057406283915043,6.313901394605637e-06,6.313901394605637e-06,0.0009776426013559103,0.0009776426013559103,-0.0011721935588866472,-0.0013296888209879398,-0.0001574952621012926,0.0005855232011526823,0.0005855232011526823,-0.0007909366395324469,-0.0007909366395324469,0.0004292462836019695,-0.00017209514044225216,-0.0006013414240442216,-0.0012157461605966091,-0.0007527642883360386,0.001984468661248684,0.0015214867889881134,-0.00029942672699689865,-0.00029942672699689865,0.0009713286999613047,0.0009713286999613047,-0.0021498361602425575,-0.00230733142234385,0.0010146982967853546,0.0019152120221406221,0.0007430184632539749,-0.0013764598406851292,-0.0013764598406851292,0.0012201829813420773,0.0006188414990901947,-0.0010305877076461911,-0.0004292462836019695,0.0650320053100586,-0.15430963039398193,-0.07163816690444946,0.3864743709564209,0.13586640357971191,0.10229754447937012,0.23595041036605835,0.2757377028465271,0.3797369599342346,0.3437950611114502,-0.06661218404769897,0.05908191204071045,0.05908191204071045,-0.01054757833480835,-0.35668694972991943,0.2690815329551697,0.47171473503112793,0.12191665172576904,-0.20179963111877441,-0.21934163570404053,-0.13667017221450806,0.5407840013504028,0.20750457048416138,-0.2841768264770508,0.10008400678634644,0.17344015836715698,0.14378654956817627,0.0680573582649231,-0.4463491439819336,-0.28471314907073975,0.12569409608840942,-0.0696294903755188,-0.4157688617706299,0.279629111289978,0.8284016847610474,-0.14716488122940063,-0.6735143661499023,-0.32371628284454346,0.08267146348953247,0.7601256370544434,0.34417474269866943,-0.8249608278274536,-0.10742056369781494,0.45761698484420776,0.043702542781829834,-0.10538280010223389,-0.5901356935501099,-0.35277050733566284,0.572043240070343,0.21508365869522095,-0.5414629578590393,0.3492586016654968,1.2441705465316772,-0.42679399251937866,-1.5019160509109497,-0.17655140161514282,0.3497980833053589,1.3020141124725342,1.1656811237335205,1.2483525276184082,1.1624658107757568,1.4130737781524658,1.379504919052124,1.4179103374481201,1.3781230449676514,1.6070585250854492,1.6430004835128784,1.6677892208099365,2.1846914291381836,2.1846914291381836,1.9100959300994873,1.5639564990997314,2.034432888031006,1.8317997455596924,2.100400447845459,1.776684284210205,-0.13633298873901367,-0.05366158485412598,-0.003215312957763672,0.16472125053405762,0.2170391082763672,0.004836559295654297,-0.0013818740844726562,0.1891481876373291,0.26487743854522705,0.060730695724487305,0.5416909456253052,0.5169022083282471,-0.2745954990386963,-0.6207349300384521,0.12433695793151855,0.26784324645996094,0.06596755981445312,-0.055115461349487305,-0.3237161636352539,0.0826714038848877,0.13311767578125,0.2183828353881836,0.22025442123413086,-0.15988469123840332,-0.21842098236083984,0.1843116283416748,0.2662593126296997,-0.1284174919128418,0.2768135070800781,0.45617151260375977,-0.8162864446640015,-1.1376371383666992,0.39893245697021484,0.8885781764984131,-0.05836939811706543,-0.32295870780944824,-0.38968372344970703,-0.2686007022857666,0.4694080650806427,0.3391522467136383,0.3754931688308716,0.49676617980003357,0.5016884207725525,0.4709181487560272,0.5220215320587158,0.5409823060035706,0.6265828609466553,0.6283993721008301,0.503882646560669,0.5890114307403564,0.5609083771705627,0.5318949222564697,0.35952329635620117,0.6117225289344788,0.5929906964302063,0.5856710076332092,0.4259689748287201,-0.1302558183670044,-0.09391489624977112,0.15761393308639526,0.1261952519416809,-0.025848031044006348,0.02033311128616333,0.07006415724754333,0.10456132888793945,0.08741706609725952,-0.12270021438598633,-0.03938794136047363,0.0570257306098938,-0.05711650848388672,-0.20138508081436157,0.07982760667800903,0.23346740007400513,-0.02605152130126953,-0.1670217216014862,-0.15970203280448914,0.036340922117233276,0.28786975145339966,0.22011014819145203,-0.1834619641304016,-0.10586214065551758,0.09591218829154968,0.08422821760177612,0.017352908849716187,-0.22726154327392578,-0.12680500745773315,0.17972594499588013,-0.017728567123413086,-0.25841081142425537,0.13694411516189575,0.4348524808883667,-0.10587912797927856,-0.40048912167549133,-0.1336505115032196,0.00731968879699707,0.3490525782108307,0.14214858412742615,0.22863619029521942,0.012651277706027031,0.6006589531898499,0.1716814488172531,0.04843420162796974,0.5511926412582397,0.4087800979614258,0.20848804712295532,0.8005884885787964,0.15911021828651428,0.14438164234161377,0.4683760106563568,0.38019055128097534,0.0663609653711319,0.26436084508895874,0.7293122410774231,0.44867414236068726,-0.20690399408340454,-0.12041638791561127,-0.12949730455875397,0.37202274799346924,0.15903016924858093,-0.5522247552871704,0.37951117753982544,0.36034590005874634,-0.3427045941352844,0.3918083906173706,-0.04937782883644104,-0.6562068462371826,0.30926579236984253,0.23580890893936157,-0.4020150303840637,-0.1158297061920166,0.6629512906074524,0.18431329727172852,-0.28063809871673584,0.08648760616779327,0.07740668952465057,0.4924391508102417,0.2885274887084961,-0.9242475032806396,0.2204810082912445,0.9125706553459167,-0.7222157716751099,0.03146249055862427,0.2933267652988434,-1.0480152368545532,0.35864362120628357,0.8920157551765442,-0.7112808227539062,-0.3516386151313782,1.0649663209915161,0.3001430034637451,-0.9435893893241882,-0.46495139598846436,1.8560113906860352,2.0403952598571777,2.4884345531463623,2.4388251304626465,2.3445119857788086,2.5294716358184814,2.5995137691497803,2.253790855407715,2.608247756958008,2.5782196521759033,2.630812883377075,5.43339204788208,6.606908798217773,4.197088718414307,3.280643939971924,5.187953948974609,5.875195503234863,5.348837375640869,4.820957183837891,0.18438386917114258,0.6324231624603271,0.39842987060546875,-0.1439225673675537,0.09064650535583496,0.2550017833709717,-0.2756807804107666,0.008733987808227539,0.3244287967681885,0.022565126419067383,2.8551723957061768,3.9760959148406982,-1.2363033294677734,-3.3262648582458496,0.9908652305603027,2.5945515632629395,0.16088342666625977,-1.0542383193969727,-0.5278801918029785,0.44803929328918457,0.21404600143432617,-0.7763457298278809,-0.3077833652496338,0.3989243507385254,-0.36632728576660156,-0.24626779556274414,0.6001095771789551,0.013831138610839844,2.5307435989379883,3.953530788421631,-4.091475486755371,-7.302360534667969,2.227168560028076,5.920816421508789,-0.829981803894043,-3.648789882659912,-0.6887636184692383,0.5263581275939941,-0.0007658986723981798,-0.00026724758208729327,-0.0008381686056964099,0.0003486188070382923,-0.0004911689320579171,0.002186144469305873,-0.0005728735122829676,0.001341265975497663,-0.0006971288821659982,-0.0005061074625700712,-0.0005633418913930655,0.001225542975589633,0.0008927753660827875,0.00119682471267879,0.0017004894325509667,-0.0004115211486350745,0.0018485580803826451,-0.00013953221787232906,0.0012947861105203629,0.000498651061207056,-7.226993329823017e-05,0.0006158663891255856,0.0003469996736384928,0.0018375256331637502,-8.170458022505045e-05,-0.0008448784938082099,-0.00012425536988303065,-0.0018473734380677342,0.00013378699077293277,0.0017316504381597042,0.001456117257475853,-2.8718262910842896e-05,0.0008077140664681792,-0.001608345890417695,0.0001480686478316784,0.0002719889162108302,-0.0005537719698622823,0.0014343183720484376,-0.0005709209945052862,0.00011721532791852951,0.000419269606936723,0.0012216592440381646,-0.00042870425386354327,-0.00268240412697196,-4.2550789657980204e-05,-0.0010024949442595243,0.0002580423606559634,0.0035790237598121166,0.0013223302084952593,-0.001760368701070547,-0.0006484031910076737,-0.0015796276275068521,-0.0006596454186365008,0.0018803348066285253,-0.0007018406176939607,0.0011623294558376074,0.00198809034191072,-13841739.0,-15518691.0,-20218092.0,-19503522.0,-18354494.0,-19868204.0,-20243542.0,-16969906.0,-19897968.0,-19842594.0,-20536258.0,-45697788.0,-57026288.0,-35794352.0,-26088714.0,-43698736.0,-50933400.0,-45187664.0,-41953548.0,-1676952.0,-6376353.0,-3984831.0,1863598.0,-364682.0,-1889048.0,2898298.0,345574.0,-2872688.0,-638290.0,-25855194.0,-36490032.0,9903436.0,30937574.0,-7904384.0,-24844686.0,-1488928.0,8979852.0,3234116.0,-4699401.0,-2307879.0,8239951.0,3620149.0,-3752646.0,3262980.0,2234622.0,-5770986.0,-983864.0,-22982506.0,-35851744.0,35758632.0,67427608.0,-17807820.0,-55782260.0,6415456.0,33824536.0,4723044.0,-5745736.0,0.0038680534344166517,0.0035415440797805786,0.004273857455700636,0.007197325583547354,0.007348991930484772,0.006901316810399294,0.009311603382229805,0.006295748986303806,0.014975637197494507,0.016991926357150078,0.014170823618769646,0.10609626024961472,0.12549464404582977,0.04623916745185852,0.025626661255955696,0.07311224937438965,0.09971807152032852,0.0694720521569252,0.04309965670108795,-0.0003265093546360731,0.0004058040212839842,0.003655781503766775,0.003075134474784136,-0.00029600877314805984,0.0019626114517450333,-0.0006055678240954876,0.005664033815264702,0.010696177370846272,-0.0008048135787248611,0.08910433202981949,0.11132381856441498,-0.059857092797756195,-0.09986798465251923,0.026873081922531128,0.07409141212701797,-0.003640197217464447,-0.05661841481924057,-0.02637239545583725,0.0007323133759200573,0.003982290625572205,0.0026693304535001516,-0.003951790276914835,-0.0011125230230391026,-0.00030955905094742775,0.0037014223635196686,0.011301744729280472,-0.006468847393989563,0.0784081518650055,0.11212863028049469,-0.14896142482757568,-0.2111918032169342,0.08673017472028732,0.1739594042301178,-0.030513279139995575,-0.13070982694625854,-0.022732198238372803,0.03024601936340332,0.042831264436244965,-0.0542919896543026,-0.008763393387198448,0.08172719180583954,-0.002743107732385397,-0.027864623814821243,0.018968112766742706,0.04116638004779816,0.018714647740125656,-0.006564152892678976,-0.0062463777139782906,-0.019670668989419937,0.07368399202823639,0.03892642259597778,-0.06669405847787857,0.03810137137770653,0.09052696079015732,-0.061959158629179,-0.027595311403274536,-0.09712325036525726,-0.05159465968608856,0.13601918518543243,0.006020285654813051,-0.10959181189537048,0.02171122096478939,0.0690310001373291,-0.00025346502661705017,-0.04773053154349327,-0.024961024522781372,-0.013106515631079674,0.0799303725361824,0.05859709158539772,-0.14037805795669556,-0.0008250512182712555,0.1572210192680359,-0.10006053000688553,-0.11812227219343185,0.034363847225904465,0.0455285906791687,0.2331424355506897,0.057614944875240326,-0.24561099708080292,0.015690935775637627,0.17862281203269958,-0.02196468599140644,-0.11676153540611267,-0.024707559496164322,0.034624017775058746,0.10489139705896378,0.07170360535383224,-0.22030842304229736,-0.059422142803668976,0.29759907722473145,-0.09923547506332397,-0.27534329891204834,0.1344243735074997,0.15248611569404602,0.2509988248348236,0.25630757212638855,0.30674707889556885,0.2568674683570862,0.29814425110816956,0.3045620918273926,0.31163957715034485,0.2806882858276367,0.3121308982372284,0.3124314546585083,0.3156561255455017,0.45220744609832764,0.4785921573638916,0.39141252636909485,0.32643383741378784,0.43685320019721985,0.436431348323822,0.4332866668701172,0.42397335171699524,0.005308747291564941,0.05574825406074524,0.0005598962306976318,-0.008602827787399292,0.047694623470306396,0.013495326042175293,-0.02387380599975586,0.0004913210868835449,0.03174316883087158,0.0035252273082733154,0.13977599143981934,0.1629360318183899,-0.06079491972923279,-0.15215831995010376,0.045440673828125,0.10999751091003418,-0.003566533327102661,-0.012457996606826782,-0.009313315153121948,0.0504395067691803,-0.00474885106086731,-0.06435108184814453,0.047134727239608765,0.022098153829574585,-0.07156842947006226,-0.013004004955291748,0.05561697483062744,0.0030339062213897705,0.10803282260894775,0.15941080451011658,-0.20057091116905212,-0.31509435176849365,0.10623559355735779,0.26215583086013794,-0.04900720715522766,-0.12245550751686096,-0.005746781826019287,0.003144681453704834,0.06300041079521179,0.06569356471300125,0.09409377723932266,0.06598088890314102,0.08888999372720718,0.09275807440280914,0.09711923450231552,0.07878591865301132,0.09742569178342819,0.09761340916156769,0.09963879734277725,0.20449158549308777,0.22905045747756958,0.15320377051830292,0.10655905306339264,0.1908407062292099,0.1904723197221756,0.1877373307943344,0.1797533929347992,0.0026931539177894592,0.03109336644411087,0.0002873241901397705,-0.0052037835121154785,0.02677718549966812,0.008229240775108337,-0.013972155749797821,0.0003064572811126709,0.018827490508556366,0.00221310555934906,0.10687817633152008,0.12941166758537292,-0.05128781497478485,-0.12249140441417694,0.03763693571090698,0.08391326665878296,-0.0031033754348754883,-0.010718926787376404,-0.007983937859535217,0.02840021252632141,-0.0024058297276496887,-0.03629714995622635,0.02648986130952835,0.013433024287223816,-0.04074934124946594,-0.007922783493995667,0.03279964625835419,0.0019066482782363892,0.08805068582296371,0.12719856202602386,-0.15816599130630493,-0.25190305709838867,0.08892475068569183,0.2064046710729599,-0.04074031114578247,-0.09463219344615936,-0.004880562424659729,0.0027349889278411865,-0.21201470494270325,0.10076075047254562,0.1458820402622223,0.054419536143541336,0.2853073179721832,0.3471275866031647,0.19398464262485504,0.059043318033218384,0.13151627779006958,0.32168182730674744,-0.10291505604982376,0.3041216731071472,-0.2576950490474701,-0.08042067289352417,-0.1072920635342598,0.25458869338035583,0.11670911312103271,0.4872485399246216,0.018588664010167122,0.31277546286582947,0.35789674520492554,-0.04634121432900429,0.13942527770996094,0.29270803928375244,-0.09132267534732819,-0.2880842685699463,-0.06246836483478546,0.26263850927352905,-0.23443132638931274,-0.01756015419960022,-0.15478000044822693,-0.3845423460006714,0.1504029929637909,0.33500936627388,0.22400116920471191,0.23265984654426575,-0.09812045097351074,-0.4686598777770996,0.04512128233909607,-0.35911667346954346,-0.2184714674949646,0.33904924988746643,-0.23074795305728912,-0.5807923078536987,0.028854310512542725,0.5507227778434753,-0.17196296155452728,-0.2801986634731293,0.07965132594108582,-0.36698219180107117,0.3051829934120178,0.719551682472229,0.07359817624092102,-0.10234951972961426,-0.32212162017822266,-0.701319694519043,-0.37053942680358887,3.069369316101074,2.4146039485931396,2.030494451522827,2.3131566047668457,2.721971035003662,2.5623221397399902,2.4337058067321777,2.367100477218628,2.8216755390167236,3.3145973682403564,3.1257009506225586,3.0869202613830566,2.666823625564575,2.914433002471924,2.818991184234619,2.38464093208313,2.241915225982666,2.888840675354004,2.261476993560791,-0.6547653675079346,-1.038874864578247,-0.10144734382629395,0.691476583480835,0.24916553497314453,-0.2882652282714844,-0.1952216625213623,0.3879697322845459,0.9474968910217285,0.30402541160583496,-0.2276771068572998,-0.4588773250579834,-0.1724872589111328,0.15216755867004395,-0.529792070388794,-0.5770759582519531,0.504199743270874,0.019561767578125,-0.6273636817932129,-0.3841094970703125,0.5533180236816406,1.730351448059082,0.3506128787994385,-0.9797418117523193,-0.44438719749450684,0.6762349605560303,1.1427185535430908,-0.08394432067871094,-1.1751739978790283,-0.7629027366638184,0.05518984794616699,0.6110448837280273,-0.35730481147766113,-0.7292435169219971,1.033991813659668,0.5966377258300781,-1.131563425064087,-0.6469254493713379,43.103546142578125,-54.2147331237793,-8.361627578735352,81.65280151367188,-2.4394114017486572,-28.235763549804688,19.196212768554688,41.01010513305664,19.35727310180664,-6.4105024337768555,-5.774155616760254,-19.84087371826172,73.55290985107422,38.74028015136719,-67.01458740234375,38.546852111816406,90.1855239868164,-61.65164566040039,-27.81959342956543,-97.31828308105469,-51.465171813964844,135.86753845214844,5.922216415405273,-109.88856506347656,21.635623931884766,69.24586486816406,0.16106033325195312,-47.42060852050781,-25.131427764892578,-13.430371284484863,79.32706451416016,58.581153869628906,-140.5675048828125,-0.19342803955078125,157.20010375976562,-100.19850158691406,-118.00511932373047,33.832054138183594,45.853111267089844,233.18582153320312,57.38739013671875,-245.756103515625,15.713407516479492,179.13442993164062,-21.474563598632812,-116.66647338867188,-25.29248809814453,33.990238189697266,104.45849609375,72.01152801513672,-219.89456176757812,-58.77458190917969,297.7676086425781,-100.00507354736328,-275.2052307128906,134.03054809570312,151.83717346191406,0.0845145434141159,-0.10646078735589981,-0.05775686353445053,0.15694072842597961,-0.002936843317002058,-0.07984870672225952,0.030281871557235718,0.08477669954299927,0.07138527184724808,-0.025900956243276596,-0.008973547257483006,-0.038846973329782486,0.18397638201713562,0.07876633107662201,-0.0945105254650116,0.017486270517110825,0.18234573304653168,-0.15052089095115662,-0.05534938722848892,-0.1909753382205963,-0.14227139949798584,0.26340150833129883,0.054820019751787186,-0.23678943514823914,0.03321871533989906,0.1646254062652588,0.04110340029001236,-0.11067765951156616,-0.08035881817340851,-0.01294601708650589,0.19294993579387665,0.1176133006811142,-0.2784869074821472,-0.061280060559511185,0.2768562436103821,-0.16800716519355774,-0.2376951277256012,0.0951715037226677,0.048703938722610474,0.45437684655189514,0.19709141552448273,-0.5001909732818604,-0.021601304411888123,0.4014148414134979,0.007884684950113297,-0.27530306577682495,-0.12146221846342087,0.09773164242506027,0.27330875396728516,0.13055932521820068,-0.47143685817718506,-0.17889335751533508,0.5553431510925293,-0.10672710835933685,-0.5145514011383057,0.26317867636680603,0.3328666388988495
-0.02161950059235096,0.07564451545476913,-0.04922625049948692,-0.08726449310779572,0.006429105065762997,0.052592918276786804,-0.061104197055101395,-0.0510350801050663,0.03431963548064232,-0.01178998127579689,-0.04445334151387215,-0.03275761008262634,-0.019175605848431587,-0.051816925406455994,0.021474717184901237,0.02537127397954464,-0.02222023904323578,-0.06374401599168777,-0.05514603108167648,0.09726401418447495,-0.027606749907135963,-0.16290900111198425,0.055655356496572495,0.13985741138458252,-0.06753329932689667,-0.1036279946565628,0.09542383253574371,0.03924509882926941,-0.07877297699451447,-0.020967628806829453,0.02527773566544056,-0.01905931532382965,0.040650323033332825,0.07718820124864578,-0.043694958090782166,-0.08911529183387756,-0.032925792038440704,0.008597984910011292,-0.12487076222896576,-0.2601730227470398,0.08326210826635361,0.3027664124965668,-0.12318865954875946,-0.24348540604114532,0.16295713186264038,0.14287309348583221,-0.17419680953025818,-0.06021272763609886,0.10405071079730988,0.0019083134829998016,0.015372587367892265,0.09624751657247543,-0.08434528112411499,-0.16630348563194275,0.010769166052341461,0.09771327674388885,0.041523776948451996,0.24787931144237518,0.2862603962421417,0.2800236642360687,0.24820250272750854,0.23973019421100616,0.21854962408542633,0.29156237840652466,0.2985169589519501,0.23485836386680603,0.25632721185684204,0.2050345093011856,0.18964771926403046,0.203748419880867,0.1959250569343567,0.2342645674943924,0.3520563542842865,0.3465779721736908,0.2592504918575287,0.30432265996932983,0.03838108479976654,0.03214435279369354,-0.03805789351463318,-0.04029347002506256,-0.029652878642082214,0.051832184195518494,0.07996733486652374,-0.05670401453971863,-0.04218974709510803,-0.029823854565620422,-0.06667949259281158,-0.0012860894203186035,0.006277337670326233,0.03051614761352539,0.1561312973499298,0.1123134046792984,-0.09280586242675781,-0.04225531220436096,0.04507216811180115,-0.006236732006072998,-0.07643897831439972,-0.0724378228187561,0.008405014872550964,0.09212565422058105,0.10962021350860596,-0.10853619873523712,-0.12215708196163177,0.026880159974098206,-0.024489745497703552,0.02853776514530182,0.07295683026313782,0.031802237033843994,0.14985395967960358,0.08179725706577301,-0.24893715977668762,-0.15456871688365936,0.13787803053855896,0.08732748031616211,0.7451377511024475,0.7451377511024475,0.7289239168167114,0.6926814913749695,0.9443538784980774,0.9443538784980774,0.6533929109573364,0.6533929109573364,0.6246261596679688,0.9548345804214478,0.9548345804214478,0.5037976503372192,0.5037976503372192,0.482450008392334,0.6310310363769531,0.8232195377349854,0.8232195377349854,0.5219542384147644,0.9391298890113831,0.0,-0.016213834285736084,-0.05245625972747803,0.21542996168136597,0.2516723871231079,-0.29096096754074097,-0.29096096754074097,-0.028766751289367676,0.30144166946411133,0.330208420753479,-0.4510369300842285,-0.4510369300842285,-0.021347641944885254,0.1272333860397339,0.34076952934265137,0.19218850135803223,-0.30126529932022095,0.1159103512763977,0.41717565059661865,-0.016213834285736084,-0.05245625972747803,0.23164379596710205,0.30412864685058594,-0.5063909292221069,-0.5426333546638489,0.2621942162513733,0.5924026370048523,0.3589751720428467,-0.7524785995483398,-0.7812453508377075,0.42968928813934326,0.5782703161239624,0.3621171712875366,0.06495511531829834,-0.6420348286628723,-0.07627815008163452,0.7184409499168396,0.30126529932022095,1.0441958904266357,0.970748782157898,0.970748782157898,0.7817434668540955,0.9443538784980774,0.9443538784980774,1.0157911777496338,1.0157911777496338,0.6246261596679688,0.9548345804214478,0.9548345804214478,0.857128381729126,0.6266043782234192,0.7607306838035583,0.9060173034667969,0.9734903573989868,0.9734903573989868,0.7557823657989502,0.9436129927635193,-0.07344710826873779,-0.07344710826873779,-0.1890053153038025,-0.026394903659820557,0.16261041164398193,0.0714372992515564,0.0714372992515564,-0.39116501808166504,-0.060956597328186035,0.330208420753479,-0.09770619869232178,-0.32823020219802856,-0.09639769792556763,0.2794129252433777,0.21275967359542847,0.06747305393218994,-0.21770799160003662,-0.02987736463546753,0.1878306269645691,0.0,-0.1155582070350647,0.047052204608917236,0.3516157269477844,0.09783220291137695,-0.09117311239242554,-0.46260231733322144,-0.13239389657974243,0.721373438835144,-0.03674960136413574,-0.6584386229515076,0.0013085007667541504,0.6076431274414062,0.3091573715209961,-0.21193987131118774,-0.4304676651954651,-0.09735041856765747,0.4055386185646057,0.21770799160003662,-1.0441958904266357,-0.970748782157898,-0.970748782157898,-0.7817434668540955,-0.7817434668540955,-0.7609304785728455,-1.0157911777496338,-1.0157911777496338,-0.6065308451652527,-0.6546790599822998,-0.857128381729126,-0.857128381729126,-0.6266043782234192,-0.7607306838035583,-0.9060173034667969,-0.9734903573989868,-0.9734903573989868,-0.7557823657989502,-0.9436129927635193,0.07344710826873779,0.07344710826873779,0.1890053153038025,0.1890053153038025,0.02081298828125,-0.23404771089553833,-0.25486069917678833,0.4092603325843811,0.361112117767334,-0.2505975365638733,-0.20244932174682617,0.2305240035057068,0.09639769792556763,-0.2794129252433777,-0.21275967359542847,-0.06747305393218994,0.21770799160003662,0.02987736463546753,-0.1878306269645691,0.0,0.1155582070350647,0.1155582070350647,-0.1681923270225525,-0.4230530261993408,-0.27567368745803833,0.6433080434799194,0.6159728169441223,-0.6598578691482544,-0.5635614395141602,0.4811215400695801,0.2988470196723938,-0.5099369287490845,-0.3091573715209961,0.21193987131118774,0.4304676651954651,0.09735041856765747,-0.4055386185646057,-0.21770799160003662,0.0005734314909204841,0.0008364819223061204,0.0004293851088732481,0.0004293851088732481,0.0005115243839100003,0.0004987682332284749,0.0004987682332284749,0.0004237840184941888,2.720096381381154e-05,2.720096381381154e-05,0.001594074536114931,0.0006155202281661332,0.0006155202281661332,0.00048351247096434236,0.00048351247096434236,0.0025481744669377804,3.14779463224113e-05,3.14779463224113e-05,0.0,0.00026305043138563633,-0.00014404638204723597,-0.0004070968134328723,8.213927503675222e-05,6.938312435522676e-05,-1.2756150681525469e-05,-7.498421473428607e-05,-0.0004715672694146633,-0.00039658305468037724,0.0015668736305087805,0.0005883192643523216,-0.0009785543661564589,-0.0001320077572017908,-0.0001320077572017908,0.002064662054181099,-0.00045203452464193106,-0.002516696462407708,-3.14779463224113e-05,-3.14779463224113e-05,-0.0004070968134328723,-0.0006701472448185086,0.0002261856570839882,0.00047647993778809905,-9.489542571827769e-05,-0.00014436733908951283,-0.00045881111873313785,-0.0003215988399460912,0.002038440899923444,0.000984902260825038,-0.0025454279966652393,-0.0007203270215541124,0.000846546608954668,0.0021966698113828897,-0.00032002676744014025,-0.0045813582837581635,0.00042055657831951976,0.002485218457877636,0.0,-0.29905813932418823,-0.22561103105545044,-0.24182486534118652,-0.08906197547912598,0.16261041164398193,0.18342339992523193,-0.36239826679229736,-0.36239826679229736,0.018095314502716064,0.30015552043914795,0.09770619869232178,-0.35333073139190674,-0.12280672788619995,-0.27828067541122437,-0.27498626708984375,-0.15027081966400146,-0.15027081966400146,-0.2338281273841858,-0.0044831037521362305,0.07344710826873779,0.05723327398300171,0.13654905557632446,0.40443527698516846,0.2724853754043579,-0.5250086784362793,-0.5458216667175293,0.3804935812950134,0.6625537872314453,0.07961088418960571,-0.6534862518310547,-0.22051292657852173,0.07505005598068237,-0.1521795392036438,0.1280098557472229,0.12471544742584229,-0.08355730772018433,0.14578771591186523,0.22934502363204956,-0.016213834285736084,0.06310194730758667,0.34720200300216675,0.13593631982803345,-0.9294439554214478,-0.8183070421218872,0.9055022597312927,1.2083754539489746,-0.3008826971054077,-1.3160400390625,-0.30012381076812744,0.7285363078117371,0.06833338737487793,0.05295979976654053,0.2768949866294861,-0.21156716346740723,0.02107226848602295,0.3129023313522339,0.08355730772018433,1.7893335819244385,1.7158865928649902,1.6996726989746094,1.474424958229065,1.7260973453521729,1.7052843570709229,1.6691840887069702,1.6691840887069702,1.2311570644378662,1.6095136404037476,1.8119629621505737,1.3609260320663452,1.1304020881652832,1.243180751800537,1.53704833984375,1.7967098951339722,1.7967098951339722,1.2777366638183594,1.8827428817749023,-0.07344698905944824,-0.0896608829498291,-0.2414616346359253,0.026424646377563477,0.2308593988418579,-0.05691325664520264,-0.03610026836395264,-0.438027024269104,-0.059670448303222656,0.5808058977127075,-0.24858760833740234,-0.6815608739852905,-0.1177452802658081,0.4066462516784668,0.5535291433334351,0.25966155529022217,-0.5189732313156128,0.08603298664093018,0.605006217956543,-0.01621389389038086,-0.16801464557647705,0.11608552932739258,0.4723210334777832,-0.08333790302276611,-0.26695966720581055,-0.38111376762390137,-0.02357017993927002,1.0188329219818115,-0.1889171600341797,-1.262366771697998,0.13084232807159424,1.0882071256637573,0.6712744235992432,-0.14698469638824463,-1.0725023746490479,-0.173628568649292,1.1239794492721558,0.5189732313156128,0.45918598771095276,0.43539631366729736,0.4318477511405945,0.4440339505672455,0.609442949295044,0.6234995126724243,0.37836378812789917,0.3793215751647949,0.41873788833618164,0.6033902764320374,0.6359438896179199,0.3548339903354645,0.3540514409542084,0.34365981817245483,0.41270095109939575,0.44213464856147766,0.44446858763694763,0.3264070451259613,0.5370382070541382,-0.023789674043655396,-0.027338236570358276,0.00863763689994812,0.17759519815444946,0.17946556210517883,-0.23107916116714478,-0.2441779375076294,0.04037410020828247,0.22406870126724243,0.21720600128173828,-0.24855628609657288,-0.28189244866371155,-0.011174172163009644,0.05864951014518738,0.09847483038902283,0.03176763653755188,-0.11572760343551636,0.09256961941719055,0.21063116192817688,-0.003548562526702881,0.032427310943603516,0.20493343472480774,0.1708279252052307,-0.40867435932159424,-0.4236434996128082,0.27145326137542725,0.4682466387748718,0.1768319010734558,-0.4726249873638153,-0.49909844994544983,0.23738211393356323,0.3405419588088989,0.10964900255203247,-0.026881873607635498,-0.21420243382453918,0.06080198287963867,0.32635876536369324,0.11806154251098633,0.35755765438079834,0.01800026185810566,0.6858659386634827,0.5658414363861084,0.32510119676589966,0.0345521979033947,0.14662982523441315,0.7470631003379822,0.4212966561317444,0.2572365403175354,0.3401137590408325,0.6345874667167664,0.22996602952480316,0.07761384546756744,0.07500356435775757,0.3056792914867401,0.9257692098617554,0.5864403247833252,0.3264177739620209,-0.33955737948417664,0.3283082842826843,0.5478411912918091,-0.360764741897583,-0.5312892198562622,-0.1784713715314865,0.712510883808136,0.27466684579849243,-0.4898265600204468,-0.08118289709091187,0.37735092639923096,-0.11014772951602936,-0.5569736361503601,-0.1549624651670456,0.22806544601917267,0.8507656455039978,0.2807610332965851,-0.5993514060974121,-0.2600225508213043,0.6678656339645386,0.8873986005783081,-0.6890730261802673,-1.0791304111480713,0.1822933703660965,1.243800163269043,0.45313823223114014,-1.2023375034332275,-0.3558497428894043,0.8671774864196777,-0.028964832425117493,-0.9343245625495911,-0.044814735651016235,0.7850390672683716,1.0057281255722046,0.052695587277412415,-1.4501171112060547,-0.5407835841178894,0.3393288552761078,2.862607479095459,3.541419506072998,3.3510148525238037,2.4447803497314453,2.380000114440918,2.1725244522094727,3.6713809967041016,3.6344404220581055,2.04400372505188,2.5887458324432373,2.0980095863342285,1.6776208877563477,1.6925020217895508,1.6034832000732422,2.2564778327941895,4.96151876449585,4.858124256134033,2.6993656158447266,3.860574722290039,0.6788120269775391,0.4884073734283447,-1.0966391563415527,-0.9710147380828857,-0.27225589752197266,1.2913808822631836,1.4619159698486328,-1.6273772716522217,-1.0456945896148682,0.05400586128234863,-0.9111249446868896,-0.40550756454467773,-0.07413768768310547,0.5639758110046387,3.3580355644226074,2.6016464233398438,-2.262153148651123,-0.9975495338439941,1.1612091064453125,-0.19040465354919434,-1.7754511833190918,-1.4594221115112305,0.8243832588195801,2.2623956203460693,1.7341718673706055,-2.9187581539154053,-2.507610559463501,1.6813831329345703,0.13456964492797852,-0.45951342582702637,0.8369872570037842,0.9694833755493164,3.432173252105713,2.037670612335205,-5.6201887130737305,-3.599195957183838,3.4233622550964355,2.1587586402893066,0.0005135740502737463,0.0020654057152569294,0.00022084417287260294,0.0018032478401437402,0.001182136358693242,0.0021450533531606197,-0.00014738809841219336,0.0022359539289027452,-0.0009200985077768564,0.0017773262225091457,6.923064938746393e-05,0.0019544283859431744,0.0005833198083564639,0.0007238322286866605,0.003600624855607748,0.002502215327695012,0.004302961751818657,0.001938026980496943,0.0008624827605672181,0.0015518316067755222,-0.0002927298774011433,-0.0002621578751131892,0.0009612921858206391,0.00034180551301687956,-0.0013295244425535202,9.090057574212551e-05,-0.0007727104239165783,-0.0004586277063935995,0.0009893291862681508,0.00017710216343402863,0.0005140891298651695,-0.001230596099048853,0.0030173049308359623,0.0017783830408006907,0.0007023368962109089,-0.0005641883471980691,-0.0034404790494590998,-0.001075544161722064,-0.0018445614259690046,-0.0018139894818887115,0.0012540221214294434,0.0006039633881300688,-0.0022908165119588375,-0.00025090493727475405,0.0005568140186369419,-0.000549528282135725,0.001762039610184729,0.0006357298698276281,-0.0004752400564029813,-0.0014076982624828815,0.0025032158009707928,0.0030089791398495436,-0.0023149680346250534,-0.0023425715044140816,-0.004142816178500652,-0.0005113558145239949,0.0023649348877370358,-22373168.0,-29526076.0,-27689040.0,-19260100.0,-18528010.0,-16388902.0,-30546798.0,-29989762.0,-15822130.0,-20472162.0,-15606920.0,-12304961.0,-12372775.0,-11589622.0,-17297304.0,-43073344.0,-41188072.0,-20855856.0,-31395244.0,-7152908.0,-5315872.0,10265976.0,9161030.0,2871198.0,-12018788.0,-13600860.0,14724668.0,9517600.0,215210.0,8167201.0,3234145.0,715339.0,-4924529.0,-31483722.0,-23890768.0,22217488.0,9792828.0,-10539388.0,1837036.0,17418884.0,14476902.0,-7394778.0,-21179818.0,-16472058.0,26743456.0,23118460.0,-14509458.0,-1350399.0,3018935.0,-7451862.0,-8158674.0,-32199060.0,-18966240.0,53701208.0,33683596.0,-32756876.0,-20332216.0,0.027704700827598572,0.029471097514033318,0.02636212483048439,0.007528131827712059,0.015127983875572681,0.014297683723270893,0.028829915449023247,0.02705530822277069,0.003087552497163415,0.012853370048105717,0.016386834904551506,0.006935740355402231,0.002290792064741254,0.003574059111997485,0.008376584388315678,0.053361475467681885,0.051595430821180344,0.00835347454994917,0.030853383243083954,0.0017663966864347458,-0.0013425759971141815,-0.02194296568632126,-0.011234140954911709,0.006769551895558834,0.013701931573450565,0.012757624499499798,-0.025742363184690475,-0.014201938174664974,0.013299282640218735,-0.0059176296927034855,-0.014096043072640896,-0.003361681243404746,0.0060857925564050674,0.04978741705417633,0.04321884736418724,-0.04500799998641014,-0.02074204757809639,0.02249990776181221,-0.0031089726835489273,-0.023709362372756004,-0.009891564957797527,0.028712518513202667,0.024936072528362274,0.005988072603940964,-0.039444293826818466,-0.026959562674164772,0.03904164582490921,0.008284308016300201,-0.027395326644182205,0.0025559484492987394,0.02018183469772339,0.05314909666776657,0.037133052945137024,-0.09479542076587677,-0.06396089494228363,0.06750790774822235,0.0432419553399086,-0.010999086312949657,0.038295675069093704,-0.02492493949830532,-0.0435144267976284,0.003461133688688278,0.026737060397863388,-0.030806593596935272,-0.025366375222802162,0.016857128590345383,-0.005719848442822695,-0.02237885072827339,-0.01615690439939499,-0.009506231173872948,-0.02588709443807602,0.011270822957158089,0.013165278360247612,-0.010545652359724045,-0.03168584406375885,-0.02752014994621277,0.049294762313365936,-0.013925853185355663,-0.0818101018667221,0.0283860731869936,0.07025148719549179,-0.03426772728562355,-0.0521034374833107,0.047663722187280655,0.019646527245640755,-0.039235979318618774,-0.010437056422233582,0.012872619554400444,-0.00973019003868103,0.020777054131031036,0.03905237466096878,-0.021816475316882133,-0.04485112428665161,-0.016974497586488724,0.0041656941175460815,-0.06322061270475388,-0.13110485672950745,0.04231192544102669,0.1520615816116333,-0.0626538023352623,-0.12235492467880249,0.0819314494729042,0.0717499628663063,-0.08689969778060913,-0.030083583667874336,0.05210860073566437,0.0007068663835525513,0.007904434576630592,0.04878256469964981,-0.04259353131055832,-0.08390349894762039,0.00484197773039341,0.04901681840419769,0.021140191704034805,0.3287760317325592,0.35856908559799194,0.3530671000480652,0.29169490933418274,0.30036330223083496,0.28216949105262756,0.3680936396121979,0.3677271604537964,0.2762913107872009,0.3131082057952881,0.2785411477088928,0.25009429454803467,0.2526228427886963,0.24108166992664337,0.29174116253852844,0.4330316185951233,0.4286554455757141,0.31352776288986206,0.3786316215991974,0.02979305386543274,0.02429106831550598,-0.0668741762638092,-0.052703797817230225,-0.009525418281555176,0.06773033738136292,0.08555766940116882,-0.09180232882499695,-0.0546189546585083,0.0022498369216918945,-0.06301391124725342,-0.025918304920196533,-0.009012624621391296,0.03911831974983215,0.19194994866847992,0.13691428303718567,-0.11950385570526123,-0.050023823976516724,0.06510385870933533,-0.005501985549926758,-0.09666723012924194,-0.0769948661327362,0.05734875798225403,0.12043413519859314,0.095083087682724,-0.15953266620635986,-0.14017662405967712,0.09405216574668884,-0.008394956588745117,-0.028168141841888428,0.05400128662586212,0.06503662467002869,0.20096257328987122,0.09779596328735352,-0.31145381927490234,-0.1869381070137024,0.18460771441459656,0.11512768268585205,0.10809367150068283,0.1285717934370041,0.12465638667345047,0.0850859209895134,0.09021811932325363,0.07961961627006531,0.13549292087554932,0.13522325456142426,0.07633689045906067,0.0980367511510849,0.07758517563343048,0.06254715472459793,0.0638183057308197,0.058120373636484146,0.08511291444301605,0.18751637637615204,0.18374550342559814,0.09829966723918915,0.143361896276474,0.02047812193632126,0.01656271517276764,-0.04348587244749069,-0.03443826735019684,-0.00546630471944809,0.045274801552295685,0.05560363829135895,-0.05915603041648865,-0.037186503410339355,0.001248285174369812,-0.03548959642648697,-0.013766869902610779,-0.004426781088113785,0.02129460871219635,0.1293960064649582,0.09863258898258209,-0.08921670913696289,-0.040383607149124146,0.04506222903728485,-0.003915406763553619,-0.06396399438381195,-0.05100098252296448,0.0380195677280426,0.07971306890249252,0.06106994301080704,-0.10443083196878433,-0.0927901417016983,0.06040431559085846,0.0016969069838523865,-0.01501515507698059,0.031062815338373184,0.03506147861480713,0.13382278382778168,0.07733798027038574,-0.21861271560192108,-0.13901619613170624,0.13427893817424774,0.085445836186409,-0.08968598395586014,-0.64067143201828,-0.2486717700958252,0.05861224979162216,0.12046244740486145,0.09832235425710678,-0.358733594417572,-0.4246102571487427,-0.4023995101451874,0.2781449556350708,0.11567329615354538,-0.6115590929985046,-0.15394537150859833,-0.33448928594589233,-0.25203004479408264,-0.5623196959495544,-0.4016394019126892,-0.176438108086586,0.1230279803276062,-0.5509854555130005,-0.15898579359054565,0.6992836594581604,0.36913421750068665,0.03971010446548462,-0.47919604182243347,-0.5229325890541077,-0.043665915727615356,0.7027552127838135,0.518072783946991,-0.8897040486335754,-0.2696186602115631,0.2770698070526123,-0.09808467328548431,-0.2278304100036621,-0.14960935711860657,0.38588160276412964,0.5246673822402954,0.299466073513031,0.39199966192245483,1.2502691745758057,0.5281200408935547,-0.6595735549926758,-0.8483302593231201,-0.5626426935195923,0.4355301260948181,1.2256877422332764,0.5617387294769287,-1.5924592018127441,-0.7876914739608765,1.166773796081543,0.1715339869260788,-0.5049002170562744,-0.05152468383312225,0.6137120127677917,0.6742767095565796,-0.08641552925109863,-0.2252013087272644,3.6634023189544678,3.486717462539673,2.8127174377441406,2.600085973739624,3.451629638671875,3.888871908187866,2.5160675048828125,2.4179739952087402,2.3847897052764893,2.836804151535034,4.690061569213867,3.7281458377838135,2.4874963760375977,2.821298837661743,2.985605239868164,2.6049680709838867,2.4256176948547363,2.248136520385742,2.7036478519439697,-0.17668485641479492,-0.8506848812103271,-0.8866314888000488,0.6389122009277344,1.2887859344482422,-0.9355621337890625,-1.470897912979126,-0.13127779960632324,0.41883015632629395,2.305271863937378,0.8913416862487793,-2.2025651931762695,-0.9068470001220703,0.4981088638305664,-0.21633076667785645,-0.5599875450134277,-0.35683155059814453,0.2780301570892334,0.45551133155822754,-0.6740000247955322,-0.7099466323852539,1.4895970821380615,2.175417423248291,-1.5744743347167969,-2.759683847427368,0.8042843341827393,1.88972806930542,2.436549663543701,0.47251152992248535,-4.507837295532227,-1.7981886863708496,2.700674057006836,0.6905162334442139,-1.0580964088439941,-0.14050078392028809,0.8380177021026611,0.8123428821563721,0.17748117446899414,-10.852989196777344,37.97354507446289,-24.711578369140625,-43.8067741394043,3.2274107933044434,26.40164566040039,-30.674306869506836,-25.619609832763672,17.228456497192383,-5.918570518493652,-22.315576553344727,-16.444320678710938,-9.626153945922852,-26.012096405029297,10.78030776977539,12.736379623413086,-11.154560089111328,-31.999494552612305,-27.683307647705078,48.826534271240234,-13.858589172363281,-81.78031921386719,27.938989639282227,70.20841979980469,-33.90171813964844,-52.02125549316406,47.90276336669922,19.701038360595703,-39.54403305053711,-10.525750160217285,12.689422607421875,-9.56777572631836,20.406461715698242,38.74847412109375,-21.93486785888672,-44.73587417602539,-16.52874755859375,4.316186904907227,-62.685123443603516,-130.6068572998047,41.797576904296875,151.98873901367188,-61.84070587158203,-122.22967529296875,81.80448150634766,71.7222900390625,-87.44679260253906,-30.226787567138672,52.233455657958984,0.9579744338989258,7.717039108276367,48.31624984741211,-42.341331481933594,-83.48434448242188,5.406120300292969,49.05206298828125,20.844934463500977,-0.03347911313176155,0.1042131781578064,-0.016278181225061417,-0.0944790318608284,0.03156919777393341,0.06489976495504379,-0.009445984847843647,0.017596110701560974,0.08288225531578064,0.007192706223577261,-0.012475435622036457,-0.01086936704814434,-0.0026501473039388657,-0.03177527338266373,0.01719752885401249,0.10544303059577942,0.031192004680633545,-0.04916533827781677,-0.0056243762373924255,0.13769228756427765,0.017200931906700134,-0.1986922025680542,0.04784737899899483,0.1593787968158722,-0.04101518169045448,-0.04730365425348282,0.09232824295759201,-0.010403404012322426,-0.09535769373178482,-0.01806207373738289,0.009825288318097591,-0.020905906334519386,0.019847676157951355,0.13721829652786255,0.013994475826621056,-0.1546083688735962,-0.03681638091802597,0.04354096204042435,-0.12049135565757751,-0.33638447523117065,0.030646447092294693,0.3580709993839264,-0.08886256068944931,-0.20668244361877441,0.1333434283733368,0.03690025210380554,-0.18768593668937683,-0.007658669725060463,0.10518298298120499,-0.0028438325971364975,0.010022387839853764,0.15812420845031738,-0.005853200331330299,-0.29182666540145874,-0.050810858607292175,0.19814932346343994,0.08035734295845032
-0.05676068738102913,-0.10330092161893845,0.08368776738643646,-0.04058882221579552,-0.12881578505039215,0.04365986958146095,0.030680563300848007,-0.16432787477970123,0.017368579283356667,0.07763708382844925,-0.11523881554603577,-0.07318788766860962,-0.00024315858900081366,-0.01958717778325081,-0.07036805897951126,-0.033542558550834656,0.023925933986902237,-0.032919906079769135,-0.08588819950819016,-0.04654023423790932,0.1404484510421753,0.06271210312843323,-0.2125035524368286,0.08424869179725647,0.15949635207653046,-0.2079877406358719,-0.01331198401749134,0.24196496605873108,-0.13260740041732788,-0.15082496404647827,0.11499565839767456,0.05360070988535881,-0.07012490183115005,-0.013955380767583847,0.0942939966917038,0.0006226524710655212,-0.10981413722038269,-0.05296829342842102,0.1869886815547943,0.10925233364105225,-0.3529520034790039,0.021536588668823242,0.37199991941452026,-0.29223644733428955,-0.17280833423137665,0.44995272159576416,-0.11929541826248169,-0.39278993010520935,0.24760305881500244,0.20442567765712738,-0.18512055277824402,-0.06755609065294266,0.16441890597343445,0.014578033238649368,-0.2041081339120865,-0.05359094589948654,0.05684584379196167,0.3023781180381775,0.27681195735931396,0.2179170399904251,0.22492016851902008,0.23844657838344574,0.2672271728515625,0.2707315683364868,0.23015360534191132,0.27070897817611694,0.2896563410758972,0.2699584662914276,0.24513868987560272,0.1806332916021347,0.16805924475193024,0.22023390233516693,0.2675188183784485,0.2536514103412628,0.24131229519844055,0.2658176124095917,-0.025566160678863525,-0.08446107804775238,-0.051891788840293884,0.02052953839302063,0.04230700433254242,0.03228498995304108,-0.037073567509651184,-2.2590160369873047e-05,0.0595027357339859,-0.0007505118846893311,-0.044517651200294495,-0.08932517468929291,-0.07707944512367249,0.03960061073303223,0.09945957362651825,0.033417508006095886,-0.026206523180007935,0.012166202068328857,0.024505317211151123,-0.058894917368888855,-0.02632562816143036,0.10499061644077301,0.0941987931728363,0.011755451560020447,-0.0793805718421936,-0.03230758011341095,0.09657630324363708,-0.000727921724319458,-0.1040203869342804,-0.08857466280460358,-0.03256179392337799,0.12892578542232513,0.17653901875019073,-0.00618310272693634,-0.12566609680652618,-0.02125130593776703,0.05071184039115906,0.012339115142822266,0.7423581480979919,0.6696634888648987,0.7177204489707947,0.7177204489707947,0.48661401867866516,0.7020703554153442,0.7020703554153442,0.3726792335510254,0.9310986399650574,0.9310986399650574,0.6000237464904785,0.5352846384048462,0.5716952085494995,0.5716952085494995,0.6654844284057617,0.6654844284057617,0.7816095352172852,0.7816095352172852,0.6908859610557556,-0.07269465923309326,-0.024637699127197266,0.048056960105895996,-0.23110643029212952,-0.01565009355545044,0.21545633673667908,-0.32939112186431885,0.22902828454971313,0.558419406414032,-0.33107489347457886,-0.3958140015602112,-0.028328537940979004,0.03641057014465332,0.09378921985626221,0.09378921985626221,0.11612510681152344,0.11612510681152344,-0.09072357416152954,-0.09072357416152954,0.048056960105895996,0.12075161933898926,-0.20646873116493225,-0.06370705366134644,0.4465627670288086,-0.3137410283088684,0.013571947813034058,0.8878105282783508,-0.560103178024292,-0.9542334079742432,0.30274635553359985,0.4322245717048645,0.12211775779724121,0.05737864971160889,0.02233588695526123,0.02233588695526123,-0.20684868097305298,-0.20684868097305298,0.0,1.2984610795974731,1.2984610795974731,0.726007878780365,0.7268937826156616,0.7980586886405945,0.7980586886405945,0.8529205322265625,0.8529205322265625,0.9310986399650574,0.9310986399650574,0.7720730304718018,0.7720730304718018,0.5912775993347168,0.5716952085494995,0.7831119894981384,0.7831119894981384,0.7816095352172852,0.7816095352172852,0.8139742016792297,0.0,-0.5724532008171082,-0.5715672969818115,0.07205080986022949,0.07116490602493286,0.05486184358596802,0.05486184358596802,0.07817810773849487,0.07817810773849487,-0.15902560949325562,-0.15902560949325562,-0.18079543113708496,-0.20037782192230225,0.19183439016342163,0.21141678094863892,-0.0015024542808532715,-0.0015024542808532715,0.03236466646194458,0.03236466646194458,-0.5724532008171082,-0.5715672969818115,0.6445040106773376,0.6427322030067444,-0.017188966274261475,-0.016303062438964844,0.023316264152526855,0.023316264152526855,-0.2372037172317505,-0.2372037172317505,-0.021769821643829346,-0.04135221242904663,0.3726298213005066,0.41179460287094116,-0.1933368444442749,-0.2129192352294922,0.03386712074279785,0.03386712074279785,0.0,-1.2984610795974731,-1.2984610795974731,-0.726007878780365,-0.7268937826156616,-0.7980586886405945,-0.7980586886405945,-0.8529205322265625,-0.8529205322265625,-0.7153992056846619,-0.6557628512382507,-0.7720730304718018,-0.7720730304718018,-0.5912775993347168,-0.5643292665481567,-0.7831119894981384,-0.7831119894981384,-0.6275513768196106,-0.6983655691146851,-0.8139742016792297,0.0,0.5724532008171082,0.5715672969818115,-0.07205080986022949,-0.07116490602493286,-0.05486184358596802,-0.05486184358596802,0.13752132654190063,0.19715768098831177,-0.05667382478713989,-0.11631017923355103,0.18079543113708496,0.20774376392364502,-0.19183439016342163,-0.2187827229499817,0.15556061267852783,0.08474642038345337,-0.18642282485961914,-0.11560863256454468,0.5724532008171082,0.5715672969818115,-0.6445040106773376,-0.6427322030067444,0.017188966274261475,0.016303062438964844,0.19238317012786865,0.2520195245742798,-0.19419515132904053,-0.3134678602218628,0.23746925592422485,0.32405394315719604,-0.3726298213005066,-0.4265264868736267,0.34739500284194946,0.30352914333343506,-0.341983437538147,-0.20035505294799805,0.07081419229507446,0.0013345107436180115,0.000807431060820818,0.000807431060820818,0.0010470119304955006,0.0010470119304955006,0.0016367146745324135,1.863116631284356e-05,1.863116631284356e-05,0.0013666385784745216,0.00019823480397462845,0.00019823480397462845,0.0005299791228026152,0.0005895755020901561,0.0006498735747300088,0.0006498735747300088,0.0006065540947020054,0.000564090849366039,0.0003583502257242799,0.0,-0.0005270796827971935,-0.0005270796827971935,0.00023958086967468262,0.00023958086967468262,0.0005897027440369129,-0.001028380822390318,-0.0016180835664272308,0.001348007470369339,0.0001796036376617849,-0.0011684037744998932,0.0003317443188279867,0.00039134069811552763,0.00011989445192739367,6.029807263985276e-05,-4.3319480028003454e-05,-8.57827253639698e-05,-0.0002482038689777255,-0.000564090849366039,-0.0003583502257242799,0.0,0.0007666605524718761,0.0007666605524718761,0.0003501218743622303,-0.0012679616920650005,-0.0022077863104641438,0.002376388292759657,0.0017976872622966766,-0.002516411244869232,0.00015214068116620183,0.0015597444726154208,-0.00021184986690059304,-0.00033104262547567487,-0.00016321393195539713,-0.00014608079800382257,-0.00020488438894972205,-0.00047830812400206923,-0.00011014635674655437,0.00020574062364175916,-0.5561029314994812,-0.6287975907325745,-0.008287429809570312,-0.009173333644866943,-0.3114446699619293,-0.09598833322525024,-0.15085017681121826,-0.4802412986755371,0.2156994342803955,0.27533578872680664,-0.17204928398132324,-0.23678839206695557,-0.019582390785217285,0.0073659420013427734,-0.11762756109237671,-0.11762756109237671,0.15405815839767456,0.0832439661026001,-0.12308824062347412,-0.07269465923309326,0.5478155016899109,0.6196242570877075,-0.303157240152359,-0.0868149995803833,0.16059449315071106,-0.38425296545028687,0.36654961109161377,0.7555770874023438,-0.38774871826171875,-0.5121241807937622,0.15246689319610596,0.24415433406829834,-0.09804517030715942,-0.12499350309371948,0.27168571949005127,0.2008715271949768,-0.2771463990211487,-0.20633220672607422,0.6205101609230042,0.6923189163208008,-0.8509727716445923,-0.7064392566680908,0.46375173330307007,-0.29743796586990356,0.2059551179409027,1.1398301124572754,-0.7542983293533325,-1.267701268196106,0.5402156114578247,0.7562785148620605,-0.2505120635032654,-0.3691478371620178,0.3697308897972107,0.3258650302886963,-0.5488321185112,-0.407203733921051,0.07081419229507446,2.0408191680908203,1.9681246280670166,1.4437283277511597,1.4446141719818115,1.284672737121582,1.500128984451294,1.5549908876419067,1.225599765777588,1.6464978456497192,1.586861491203308,1.3720967769622803,1.307357668876648,1.1629728078842163,1.1360244750976562,1.448596477508545,1.448596477508545,1.409160852432251,1.4799751043319702,1.5048601627349854,-0.07269454002380371,-0.5970908403396606,-0.5235104560852051,-0.15905559062957764,0.05551481246948242,0.2703181505203247,-0.27452921867370605,0.0915069580078125,0.3612617254257202,-0.27440106868743896,-0.27950382232666016,-0.20912396907806396,-0.1713331937789917,0.2856236696243286,0.31257200241088867,-0.039435625076293945,0.03137862682342529,0.09569931030273438,0.024885058403015137,-0.5243963003158569,-0.45081591606140137,0.438035249710083,0.5790252685546875,0.42937374114990234,-0.3300440311431885,-0.1788111925125122,0.6357909440994263,-0.36590802669525146,-0.6407655477523804,0.065277099609375,0.10817062854766846,0.4947476387023926,0.48390519618988037,-0.32505929470062256,-0.2811933755874634,0.13513493537902832,-0.006493568420410156,-0.07081425189971924,0.413112998008728,0.38810834288597107,0.4793941080570221,0.47440198063850403,0.31283190846443176,0.431617796421051,0.43133506178855896,0.24284911155700684,0.5612881183624268,0.5507600903511047,0.3743710517883301,0.3465176224708557,0.4204206168651581,0.4367450773715973,0.4430159330368042,0.41143685579299927,0.49356281757354736,0.5005802512168884,0.42677757143974304,-0.025004655122756958,0.06628111004829407,0.08629363775253296,-0.16656219959259033,-0.042784184217453,0.1185031533241272,-0.1887686848640442,0.1299530565738678,0.3079109787940979,-0.18691706657409668,-0.20424246788024902,0.046049565076828,0.09022745490074158,0.022595316171646118,-0.025308221578598022,0.050546884536743164,0.08914339542388916,-0.06678524613380432,-0.07380267977714539,0.09128576517105103,0.11129829287528992,-0.2328433096408844,-0.12907782196998596,0.28506535291671753,-0.1459845006465912,0.0114499032497406,0.4966796636581421,-0.3168701231479645,-0.5121534466743469,0.23296663165092468,0.2944699227809906,-0.023454248905181885,-0.1155356764793396,0.027951568365097046,0.11445161700248718,-0.11733213067054749,-0.16294607520103455,-0.0070174336433410645,0.04451543092727661,0.015113336965441704,0.3967515826225281,0.27619943022727966,0.2191370129585266,0.2623865306377411,0.31380242109298706,0.2866624891757965,0.06151533126831055,0.3957909643650055,0.36401331424713135,0.07042586803436279,0.49844440817832947,0.26420867443084717,0.05933176353573799,0.04436834156513214,0.11194563657045364,0.2555480897426605,0.3265652656555176,-0.029402093961834908,0.35223615169525146,0.261086106300354,-0.17761456966400146,-0.013812899589538574,0.09466540813446045,0.02427595853805542,-0.2522870898246765,0.10912847518920898,0.3024979829788208,-0.3253650963306427,0.13443109393119812,0.19378280639648438,-0.4391126334667206,-0.21984033286571503,0.05261387303471565,0.21117974817752838,0.21461963653564453,0.07101717591285706,0.3816382586956024,0.29048821330070496,-0.5298507213592529,-0.2748990058898926,0.2722799777984619,0.038088858127593994,-0.34695249795913696,0.08485251665115356,0.5547850728034973,-0.4344935715198517,-0.16806688904762268,0.5191478729248047,-0.5735437273979187,-0.4136231541633606,0.49172651767730713,0.4310200810432434,0.16200576722621918,-0.14016257226467133,-0.14360246062278748,4.304758071899414,3.6591885089874268,2.074057102203369,2.162745714187622,2.4169323444366455,2.8899834156036377,2.8975679874420166,2.2896273136138916,3.1261470317840576,3.3721206188201904,2.7241742610931396,2.3507585525512695,1.4115374088287354,1.2120380401611328,2.1020560264587402,2.8255884647369385,2.5963294506073,2.4537742137908936,2.8352367877960205,-0.6455695629119873,-2.230700969696045,-1.4964427947998047,0.34287524223327637,0.7272377014160156,0.4806356430053711,-0.6003561019897461,0.22857904434204102,1.0824933052062988,-0.40197277069091797,-1.021362066268921,-1.3126368522644043,-1.1387205123901367,0.6905186176300049,1.6135504245758057,0.49427342414855957,-0.3718142509460449,0.2389073371887207,0.38146257400512695,-1.5851314067840576,-0.8508732318878174,2.5735762119293213,2.2236804962158203,0.13776040077209473,-1.3275938034057617,-0.2520565986633301,1.682849407196045,-0.630551815032959,-2.1038553714752197,-0.9106640815734863,-0.11735844612121582,2.003155469894409,2.7522709369659424,-0.1962451934814453,-1.9853646755218506,-0.25536608695983887,0.7532768249511719,0.14255523681640625,0.0012875973479822278,-0.0003266689018346369,0.0015481876907870173,0.0003994577855337411,0.00012732454342767596,0.00026397212059237063,-0.0006420197896659374,0.000560336688067764,0.0008748275577090681,0.0009367010206915438,0.0004941252991557121,-0.0005408734432421625,-0.0005825003609061241,-0.00028933666180819273,6.496439164038748e-05,0.0007900610216893256,-0.0001815047871787101,0.002847437048330903,-0.0004380884347483516,-0.0016142663080245256,0.00026059034280478954,0.0007261267164722085,-0.0014208632055670023,-0.0001354856649413705,-0.0007693443330936134,0.0002963645674753934,0.0015168474055826664,0.0003763643326237798,-0.00038070225855335593,-0.0014775744639337063,-0.0010766256600618362,0.00025153678143396974,0.0006474647670984268,0.0010793977417051792,-0.00024646916426718235,0.0020573760848492384,-0.00025658364756964147,-0.003285525366663933,0.0018748566508293152,0.002340393140912056,-0.0016814535483717918,-0.000861612381413579,0.0006515188724733889,0.0004318502324167639,0.0022861917968839407,7.999976514838636e-05,-0.0018975497223436832,-0.001853938796557486,-0.0006959234015084803,0.001729111187160015,0.001724090427160263,0.0008278609602712095,-0.0008939339313656092,0.0009779783431440592,-1.011448330245912e-05,-0.005342901684343815,-0.0030289418064057827,-37653600.0,-31438326.0,-15489145.0,-16270865.0,-18568312.0,-22978114.0,-23440224.0,-18006128.0,-25294926.0,-26934366.0,-20960380.0,-17942578.0,-10193889.0,-8604162.0,-16084596.0,-22062184.0,-19856738.0,-19102456.0,-22983616.0,6215274.0,22164456.0,15167461.0,-3079167.0,-6707249.0,-4871912.0,4971986.0,-1854702.0,-8928238.0,4334546.0,8991788.0,10766491.0,9338416.0,-5890707.0,-13458022.0,-3772142.0,2959728.0,-3126878.0,-3881160.0,15949182.0,8952187.0,-25243624.0,-21874710.0,-1792745.0,11679235.0,3017210.0,-13900224.0,6189248.0,17920026.0,6431945.0,346628.0,-16657198.0,-22796438.0,2118565.0,16417750.0,645264.0,-6840888.0,-754282.0,0.09260136634111404,0.08731354027986526,0.006305981893092394,0.007002841681241989,0.009410335682332516,0.011349955573678017,0.011649972759187222,0.009001865983009338,0.02111782319843769,0.021211128681898117,0.007949568331241608,0.006748190615326166,0.002038137288764119,0.0014058636734262109,0.006357177626341581,0.008409572765231133,0.00806298665702343,0.008594708517193794,0.010536241345107555,-0.005287826061248779,-0.08629538118839264,-0.08031070232391357,0.003104353789240122,0.0043471138924360275,0.002239637076854706,-0.0023480895906686783,0.00946785043925047,0.012209262698888779,-0.013168254867196083,-0.014462938532233238,-0.005911431275308132,-0.005342327058315277,0.0043190401047468185,0.0070037092082202435,0.0017058090306818485,0.00018513575196266174,0.0024732546880841255,0.0019415328279137611,-0.08100755512714386,-0.0750228762626648,0.08939973264932632,0.08465781807899475,-0.000864716712385416,-0.006695203483104706,0.007228213362395763,0.014557352289557457,-0.022636104375123978,-0.026672201231122017,0.007256823591887951,0.009120611473917961,0.01023047138005495,0.012346036732196808,-0.00261323107406497,-0.006818573456257582,0.000767445657402277,0.0017563970759510994,-0.0005317218601703644,-0.02826067805290222,-0.05196656286716461,0.04230351746082306,-0.020360447466373444,-0.06469783186912537,0.02191169373691082,0.015183861367404461,-0.08245700597763062,0.008870384655892849,0.03912651538848877,-0.05789830535650253,-0.03692071884870529,-0.0003934808191843331,-0.00994139164686203,-0.03531355410814285,-0.01667878031730652,0.011909544467926025,-0.01606522873044014,-0.043279144912958145,-0.02370588481426239,0.07056419551372528,0.03160611540079117,-0.10700134932994843,0.04227214306592941,0.0798816904425621,-0.10436870157718658,-0.006313476711511612,0.12158352136611938,-0.06676869094371796,-0.07604723423719406,0.05750482529401779,0.02697932720184326,-0.03492007404565811,-0.0067373886704444885,0.04722309857606888,0.0006135515868663788,-0.05518868938088417,-0.027213916182518005,0.09427008032798767,0.05531200021505356,-0.1775655448436737,0.010666027665138245,0.18688303232192993,-0.1466408371925354,-0.08619517087936401,0.22595222294330597,-0.060455214232206345,-0.19763076305389404,0.12427351623773575,0.10302656143903732,-0.0924248993396759,-0.03371671587228775,0.08214317262172699,0.007350940257310867,-0.10241179168224335,-0.027827467769384384,0.027974773198366165,0.400032639503479,0.3578817844390869,0.26765501499176025,0.2834952175617218,0.273922324180603,0.3281618058681488,0.3300676643848419,0.24448847770690918,0.34388110041618347,0.3490634262561798,0.3000091314315796,0.2894536554813385,0.23136839270591736,0.2134973406791687,0.2734176218509674,0.32562363147735596,0.31287387013435364,0.3032679259777069,0.31643715500831604,-0.04215085506439209,-0.13237762451171875,-0.07438656687736511,0.0062673091888427734,0.044666588306427,0.05614534020423889,-0.08367332816123962,0.013813436031341553,0.10457494854927063,-0.04387196898460388,-0.05960977077484131,-0.06864073872566223,-0.0759563148021698,0.04204922914505005,0.11212629079818726,0.03945624828338623,-0.022355705499649048,0.0035632848739624023,0.01316922903060913,-0.09022676944732666,-0.03223571181297302,0.13864493370056152,0.11905315518379211,0.04987803101539612,-0.12833991646766663,-0.04233190417289734,0.18824827671051025,-0.057685405015945435,-0.16418471932411194,-0.02476876974105835,-0.01634654402732849,0.11068996787071228,0.18808260560035706,-0.0025929808616638184,-0.1344819962978363,-0.03589296340942383,0.03552493453025818,0.009605944156646729,0.16002611815929413,0.1280793696641922,0.07163920998573303,0.08036953955888748,0.07503343373537064,0.10769016295671463,0.10894466191530228,0.05977461487054825,0.11825420707464218,0.12184528261423111,0.09000547230243683,0.08378342539072037,0.053531330078840256,0.045581113547086716,0.07475718855857849,0.10603074729442596,0.09789005666971207,0.09197143465280533,0.10013247281312943,-0.03194674849510193,-0.0883869081735611,-0.04770983010530472,0.0033942237496376038,0.02732062339782715,0.03391122817993164,-0.04791554808616638,0.009309545159339905,0.06207066774368286,-0.028248734772205353,-0.03806185722351074,-0.03647414222359657,-0.03820231184363365,0.021225858479738235,0.06044963374733925,0.023132868111133575,-0.014059312641620636,0.0022424161434173584,0.008161038160324097,-0.05644015967845917,-0.01576308161020279,0.0917811319231987,0.07503045350313187,0.030517004430294037,-0.07523617148399353,-0.024601683020591736,0.10998621582984924,-0.03755827993154526,-0.1001325249671936,-0.00822540745139122,-0.00014045462012290955,0.05770000070333481,0.0986519455909729,0.00190700963139534,-0.07450895011425018,-0.020890451967716217,0.022220350801944733,0.005918622016906738,-0.3376252353191376,-0.5687248110771179,0.07630980014801025,0.011655375361442566,-0.2977057695388794,-0.38322317600250244,-0.3408879339694977,-0.29657354950904846,0.5942384004592896,0.31204453110694885,0.3108651340007782,-0.020151566714048386,0.24216432869434357,0.1768675297498703,-0.09440866857767105,0.03925181180238724,0.10639025270938873,0.14081251621246338,0.11996785551309586,-0.23109957575798035,0.4139350354671478,0.5803802013397217,-0.37401556968688965,-0.3948785662651062,-0.043182164430618286,0.08664962649345398,0.9351263046264648,0.6086180806159973,-0.28337326645851135,-0.33219608664512634,-0.06870080530643463,0.19701910018920898,-0.3365730047225952,-0.13761571049690247,0.20079892873764038,0.10156070441007614,0.013577602803707123,-0.020844660699367523,0.6450346112251282,0.8114798069000244,-0.7879506349563599,-0.9752587676048279,0.33083340525627136,0.4815281927585602,0.9783084392547607,0.5219684839248657,-1.2184995412826538,-0.9408141374588013,0.21467246115207672,0.5292152166366577,-0.2678722143173218,-0.33463481068611145,0.5373719334602356,0.2391764223575592,-0.18722131848335266,-0.12240536510944366,-0.034422263503074646,3.4061830043792725,3.92332124710083,2.961796760559082,2.9864065647125244,2.4469542503356934,2.734220027923584,2.621145486831665,2.6174256801605225,2.8329217433929443,2.329090118408203,2.563164710998535,2.4927432537078857,3.100698471069336,3.2070863246917725,2.8799328804016113,2.292990207672119,2.453702211380005,2.8302319049835205,2.5300848484039307,0.5171382427215576,-0.44438624382019043,-0.9369146823883057,-0.5148425102233887,-0.25218653678894043,0.17419123649597168,-0.11679434776306152,0.2117762565612793,-0.28833556175231934,-0.2697570323944092,0.16365313529968262,0.5375337600708008,0.7143430709838867,-0.2207655906677246,-0.9140961170196533,-0.42623066902160645,0.5372416973114014,0.07638263702392578,-0.30014705657958984,-0.961524486541748,-1.4540529251098633,-0.07045626640319824,0.6847281455993652,0.6890337467193604,0.1353921890258789,0.03758502006530762,-0.1715412139892578,-0.4815332889556885,0.45198869705200195,0.80729079246521,0.5506899356842041,-0.7582993507385254,-1.62843918800354,-0.20546507835388184,1.4513378143310547,0.5026133060455322,-0.8373887538909912,-0.3765296936035156,-28.493865966796875,-51.85706329345703,42.011260986328125,-20.37558937072754,-64.66552734375,21.917255401611328,15.401642799377441,-82.49259185791016,8.719026565551758,38.97381591796875,-57.849884033203125,-36.740318298339844,-0.12206561118364334,-9.832763671875,-35.324764251708984,-16.838363647460938,12.010818481445312,-16.525793075561523,-43.115875244140625,-23.363197326660156,70.505126953125,31.481473922729492,-106.67678833007812,42.2928466796875,80.06716918945312,-104.40985107421875,-6.682616233825684,121.4664077758789,-66.56890869140625,-75.7141342163086,57.72781753540039,26.907554626464844,-35.20269775390625,-7.0055999755859375,47.3355827331543,0.31257057189941406,-55.12669372558594,-26.5900821685791,93.86832427978516,54.84467315673828,-177.18191528320312,10.811372756958008,186.74395751953125,-146.70269775390625,-86.74978637695312,225.87625122070312,-59.88629150390625,-197.1805419921875,124.29672241210938,102.62168884277344,-92.93051147460938,-33.91315460205078,82.53828430175781,7.318170547485352,-102.4622802734375,-26.902652740478516,28.536611557006836,-0.02912845090031624,-0.06488555669784546,0.05055200308561325,-0.03883614391088486,-0.08252666890621185,0.080373615026474,0.08783495426177979,-0.13628369569778442,-0.04214659333229065,0.04650693014264107,-0.1670534610748291,-0.09099723398685455,-0.02277548611164093,-0.034788381308317184,-0.04328080639243126,-0.021467067301273346,0.02561623975634575,-0.013904119841754436,-0.09646330028772354,-0.03575710579752922,0.07968045771121979,0.026049412786960602,-0.1330786645412445,0.11920975893735886,0.17036162316799164,-0.21665731072425842,-0.12998154759407043,0.1827906221151352,-0.12490686774253845,-0.13750416040420532,0.14427797496318817,0.05620885267853737,-0.02050532028079033,0.013321314007043839,0.06889704614877701,0.0075629474595189095,-0.12207953631877899,-0.08255918323993683,0.1154375672340393,0.06180651858448982,-0.2127591222524643,0.09316034615039825,0.30344027280807495,-0.3358670771121979,-0.3003431558609009,0.3994479179382324,0.005074679851531982,-0.3202947974205017,0.26918482780456543,0.1937130093574524,-0.1647832989692688,-0.04288753867149353,0.08940236270427704,-0.005758366547524929,-0.1909765899181366,-0.09012213349342346,0.03952035307884216
0.0493239089846611,-0.012747477740049362,-0.028007423505187035,0.019154619425535202,0.0007249301415868104,0.0029998277314007282,-0.00450888043269515,0.03959306702017784,0.00884033739566803,-0.06616063416004181,0.027297869324684143,0.07029496878385544,-0.04723469167947769,-0.05446896329522133,0.05533648654818535,0.01785125955939293,-0.03477669507265091,0.0288203414529562,0.015025373548269272,-0.062071386724710464,-0.07733133435249329,0.031902097165584564,0.028732353821396828,-0.01615479215979576,-0.0052338107489049435,0.0365932397544384,0.013349218294024467,-0.10575370490550995,0.018457531929016113,0.13645559549331665,-0.07453256100416183,-0.12476393580436707,0.10257117450237274,0.07232022285461426,-0.09011317789554596,0.01096908189356327,0.04980206862092018,-0.013794967904686928,-0.015259947627782822,0.09397348761558533,0.10606368631124496,-0.048056889325380325,-0.03396616503596306,0.05274803191423416,0.018583029508590698,-0.14234694838523865,0.005108313634991646,0.2422093003988266,-0.09299009293317795,-0.2612195312976837,0.17710372805595398,0.19708415865898132,-0.1926843523979187,-0.061351142823696136,0.13991524279117584,-0.0247640497982502,-0.06359703838825226,0.1950412094593048,0.16650144755840302,0.1959400326013565,0.18870194256305695,0.17294004559516907,0.19766518473625183,0.19093842804431915,0.1867922842502594,0.21964772045612335,0.19967591762542725,0.17642058432102203,0.1774439960718155,0.18866629898548126,0.18305887281894684,0.18742667138576508,0.1714877337217331,0.1209859624505043,0.12991651892662048,0.15809032320976257,-0.028539761900901794,0.0008988231420516968,0.02220049500465393,-0.02299998700618744,0.008963242173194885,0.017998382449150085,-0.010872900485992432,0.0287092924118042,0.012883633375167847,-0.04322713613510132,-0.022231921553611755,0.012245714664459229,0.005614876747131348,-0.0012396275997161865,-0.011571139097213745,-0.06644070893526077,-0.04157121479511261,0.03710436075925827,0.02817380428314209,0.02943858504295349,0.050740256905555725,-0.023898810148239136,-0.013237252831459045,0.040998369455337524,-0.019836142659187317,0.010710909962654114,0.02375653386116028,-0.07193642854690552,-0.0351155549287796,0.05547285079956055,0.027846798300743103,-0.013485342264175415,-0.017186015844345093,-0.06520108133554459,-0.030000075697898865,0.10354506969451904,0.0697450190782547,-0.00893055647611618,0.624275267124176,0.4498564600944519,0.7313613891601562,0.7313613891601562,0.4194873869419098,0.43760308623313904,0.48854368925094604,0.48854368925094604,0.569740891456604,0.569740891456604,0.47086650133132935,0.47086650133132935,0.4094794988632202,0.6224992275238037,0.6224992275238037,0.5796419978141785,0.331520140171051,0.39390870928764343,0.39390870928764343,-0.17441880702972412,0.10708612203598022,0.28150492906570435,-0.31187400221824646,-0.2937583029270172,0.06905630230903625,0.05094060301780701,0.08119720220565796,0.08119720220565796,-0.09887439012527466,-0.09887439012527466,-0.06138700246810913,0.15163272619247437,0.2130197286605835,-0.042857229709625244,-0.2909790873527527,-0.18573328852653503,0.06238856911659241,0.0,0.28150492906570435,0.45592373609542847,-0.4189601242542267,-0.575263261795044,0.3809303045272827,0.3446989059448242,0.012140899896621704,0.030256599187850952,-0.18007159233093262,-0.18007159233093262,0.03748738765716553,0.250507116317749,0.2744067311286926,-0.1944899559020996,-0.5039988160133362,-0.1428760588169098,0.3533676564693451,0.18573328852653503,-0.06238856911659241,0.624275267124176,0.5992704629898071,0.7313613891601562,0.7313613891601562,0.45915988087654114,0.6221572756767273,0.6221572756767273,0.48854368925094604,0.569740891456604,0.569740891456604,0.47086650133132935,0.47086650133132935,0.7125431299209595,0.7125431299209595,0.6224992275238037,0.5796419978141785,0.47536614537239075,0.40441712737083435,0.40441712737083435,-0.025004804134368896,0.10708612203598022,0.13209092617034912,-0.2722015082836151,-0.10920411348342896,0.16299739480018616,-0.13361358642578125,-0.05241638422012329,0.08119720220565796,-0.09887439012527466,-0.09887439012527466,0.24167662858963013,0.24167662858963013,-0.09004390239715576,-0.132901132106781,-0.14713308215141296,-0.17522487044334412,-0.0709490180015564,0.0,0.13209092617034912,0.15709573030471802,-0.37928763031959534,-0.24129503965377808,0.43519890308380127,-0.024409472942352295,-0.21541377902030945,0.2148107886314392,-0.04645800590515137,-0.18007159233093262,0.3405510187149048,0.3405510187149048,-0.3317205309867859,-0.37457776069641113,-0.0570891797542572,-0.04232373833656311,0.07618406414985657,0.17522487044334412,0.0709490180015564,-0.5520336031913757,-0.5992704629898071,-0.5992704629898071,-0.4116135239601135,-0.45915988087654114,-0.6221572756767273,-0.6221572756767273,-0.476976215839386,-0.5004350543022156,-0.5004350543022156,-0.4037795960903168,-0.39601632952690125,-0.7125431299209595,-0.7125431299209595,-0.39652013778686523,-0.47536614537239075,-0.47536614537239075,-0.40441712737083435,-0.40441712737083435,-0.047236859798431396,-0.047236859798431396,0.1876569390296936,0.140110582113266,-0.21054375171661377,-0.16299739480018616,0.1451810598373413,0.12172222137451172,-0.02345883846282959,0.0966554582118988,0.10441872477531433,-0.3087635338306427,-0.3165268003940582,0.31602299213409424,0.23717698454856873,-0.07884600758552551,0.0709490180015564,0.0709490180015564,0.0,0.0,0.234893798828125,0.1873474419116974,-0.3982006907463074,-0.30310797691345215,0.3557248115539551,0.2847196161746979,-0.1686398983001709,-0.025066763162612915,0.12787756323814392,-0.4054189920425415,-0.42094552516937256,0.6247864961624146,0.553703784942627,-0.39486899971961975,-0.16622796654701233,0.1497950255870819,-0.0709490180015564,-0.0709490180015564,4.969432484358549e-05,4.969432484358549e-05,0.0007237972458824515,0.0007763772737234831,0.00028430111706256866,6.167963147163391e-05,6.167963147163391e-05,0.0007847361266613007,0.0022248434834182262,0.002172881970182061,0.001240770099684596,0.00022799242287874222,0.00022799242287874222,0.00029492098838090897,0.0008498074021190405,0.0010804350022226572,0.0004128391155973077,9.096472058445215e-05,0.0,0.0,0.000674102921038866,0.0007266829488798976,-0.00043949612881988287,-0.0007146976422518492,-0.00022262148559093475,0.0007230564951896667,0.0021631638519465923,0.0013881458435207605,-0.0009840733837336302,-0.001944889547303319,-0.0010127776768058538,6.692856550216675e-05,0.0006218149792402983,0.0007855140138417482,-0.0004369682865217328,-0.000989470281638205,-0.0004128391155973077,-9.096472058445215e-05,0.000674102921038866,0.0007266829488798976,-0.001113599049858749,-0.0014413805911317468,0.00021687464322894812,0.001437754137441516,0.002385785337537527,0.0006650893483310938,-0.0031472372356802225,-0.0033330353908240795,-2.8704293072223663e-05,0.0020118181128054857,0.0016345926560461521,0.0007185854483395815,-0.001058783265762031,-0.0017749842954799533,2.4129170924425125e-05,0.0008985055610537529,0.00032187439501285553,0.07224166393280029,-0.14941400289535522,0.13209092617034912,0.3197478652000427,-0.03967249393463135,-0.18455418944358826,-0.13361358642578125,0.011567473411560059,0.06930583715438843,0.06930583715438843,0.06708690524101257,0.0748501718044281,-0.30306363105773926,-0.09004390239715576,0.22597908973693848,0.10427585244178772,-0.14384600520133972,-0.010508418083190918,-0.010508418083190918,-0.22165566682815552,0.05984926223754883,0.46916186809539795,-0.17176342010498047,-0.5043020248413086,-0.0939410924911499,0.19612166285514832,0.20291942358016968,0.05773836374282837,-0.0022189319133758545,0.005544334650039673,-0.37015053629875183,-0.16489407420158386,0.5290427207946777,0.19431975483894348,-0.3698250949382782,-0.11478427052497864,0.1333375871181488,0.0,0.28150492906570435,0.6908175349235535,-0.2316126823425293,-0.9734638929367065,0.07782232761383057,0.7004237174987793,0.2968605160713196,-0.13838329911231995,-0.20513835549354553,-0.052194029092788696,-0.367931604385376,-0.17043840885162354,0.899193286895752,0.35921382904052734,-0.8988678455352783,-0.3091040253639221,0.503162682056427,0.11478427052497864,-0.1333375871181488,1.1763088703155518,1.0491268634796143,1.3306318521499634,1.142974853515625,0.8786472678184509,1.059760332107544,1.1107009649276733,0.965519905090332,1.0701758861541748,1.0701758861541748,0.8746460676193237,0.8668828010559082,1.1220226287841797,1.3350423574447632,1.019019365310669,1.0550081729888916,0.8068863153457642,0.7983258366584778,0.7983258366584778,-0.1271820068359375,0.15432298183441162,0.09384799003601074,-0.45198458433151245,-0.08321452140808105,0.2320536971092224,-0.09424042701721191,-0.040525078773498535,0.10465598106384277,-0.19552981853485107,-0.2032930850982666,0.24737656116485596,0.468159556388855,-0.10300326347351074,-0.2800341844558716,-0.21213304996490479,-0.2566823363304138,-0.008560478687286377,0.0,0.2815049886703491,0.22102999687194824,-0.6063075661659241,-0.1770625114440918,0.6840382814407349,-0.01102590560913086,-0.27257877588272095,0.1988964080810547,-0.15500473976135254,-0.3079490661621094,0.44290637969970703,0.6714526414871216,-0.3503798246383667,-0.7481937408447266,-0.10912978649139404,0.023351848125457764,0.2035725712776184,0.2566823363304138,0.008560478687286377,0.44969311356544495,0.35176190733909607,0.5215736627578735,0.535926342010498,0.33130085468292236,0.3170340657234192,0.35473009943962097,0.3652966618537903,0.40026265382766724,0.41416290402412415,0.3632655739784241,0.36249876022338867,0.294060617685318,0.44735679030418396,0.45609214901924133,0.43959224224090576,0.2973099648952484,0.34204065799713135,0.3131617605686188,-0.09793120622634888,0.07188054919242859,0.18416443467140198,-0.19027280807495117,-0.21889227628707886,0.02342924475669861,0.048262596130371094,0.045532554388046265,0.04886624217033386,-0.036997079849243164,-0.051664143800735474,-0.06920495629310608,0.08485803008079529,0.16203153133392334,-0.007764548063278198,-0.15878218412399292,-0.09755158424377441,0.01585179567337036,-0.028878897428512573,0.16981175541877747,0.28209564089775085,-0.26215335726737976,-0.40305671095848083,0.21370205283164978,0.26715487241744995,0.022103309631347656,0.0006036460399627686,-0.08252963423728943,-0.10053038597106934,-0.032207876443862915,0.13652217388153076,0.23123648762702942,-0.09262257814407349,-0.32081371545791626,-0.08978703618049622,0.17463397979736328,0.06867268681526184,-0.044730693101882935,0.014862358570098877,0.09589812159538269,0.082432322204113,0.005173065699636936,0.13753582537174225,0.18638136982917786,0.4966018795967102,0.24062001705169678,0.05983877182006836,0.30979299545288086,0.31710129976272583,0.23933762311935425,0.3726547956466675,0.16732333600521088,0.014013433828949928,0.036531075835227966,0.04459487274289131,0.04002811014652252,0.08355983346700668,0.08103576302528381,0.06756996363401413,-0.09072505682706833,0.05510350316762924,0.1812082976102829,0.35906606912612915,0.05423864722251892,-0.43676310777664185,0.06917297840118408,0.25726252794265747,-0.07045537233352661,0.05555349588394165,-0.07201428711414337,-0.3586413562297821,-0.1307922601699829,0.030581438913941383,0.0034970343112945557,0.03896496072411537,0.04353172332048416,-0.013465799391269684,-0.17176082730293274,-0.012466460466384888,0.27193334698677063,0.3039625585079193,-0.12696965038776398,-0.795829176902771,0.014934331178665161,0.6940256357192993,-0.1396283507347107,-0.20170903205871582,-0.0015589147806167603,-0.41419485211372375,-0.05877797305583954,0.38922280073165894,0.13428929448127747,0.008383521810173988,0.040034689009189606,0.00456676259636879,1.5332386493682861,1.1042585372924805,1.5960100889205933,1.431785225868225,1.061098337173462,1.4985387325286865,1.4852226972579956,1.3206901550292969,1.6947258710861206,1.478410243988037,1.165371298789978,1.1752632856369019,1.5522128343582153,1.54777991771698,1.4325672388076782,1.2479853630065918,0.6382222175598145,0.7261754274368286,1.0334217548370361,-0.42898011207580566,0.06277143955230713,0.32752668857574463,-0.5349117517471313,0.06675350666046143,0.4241243600845337,-0.17784857749938965,0.209503173828125,0.15772008895874023,-0.5293545722961426,-0.30314695835113525,0.3868415355682373,0.3725166320800781,-0.11964559555053711,-0.2997945547103882,-0.7943450212478638,-0.5218099355697632,0.3951995372772217,0.3072463274002075,0.4917515516281128,0.7565068006515503,-0.5976831912994385,-0.2607731819152832,0.959036111831665,-0.24460208415985107,-0.2146211862564087,0.3355686664581299,-0.7388577461242676,-0.4608670473098755,0.9161961078643799,0.6756635904312134,-0.5064871311187744,-0.6723111867904663,-0.6746994256973267,-0.222015380859375,1.1895445585250854,0.8290562629699707,-0.08795320987701416,-0.0002183013566536829,-0.0002972555812448263,-0.0003734541533049196,-0.0003308226296212524,0.0010983424726873636,-0.0006442457088269293,0.0016005744691938162,0.0002887548180297017,0.0008569391211494803,0.00047917565098032355,0.0017706647049635649,-0.0006365148001350462,0.0010431581176817417,-0.00037538923788815737,0.00022784681641496718,-1.6800169078123872e-06,-3.8128102460177615e-05,-0.0002351738658035174,-0.00015254499157890677,-7.895422459114343e-05,-0.0001551527966512367,-3.35670483764261e-05,0.0014717966550961137,-0.0003134230792056769,0.0005022319965064526,0.000933000526856631,-0.0007436353480443358,0.00019042083295062184,0.0009137255838140845,-0.0011156904511153698,-0.0007275065872818232,0.0002611255622468889,-0.000815311330370605,0.0003737092192750424,-0.0002659749297890812,-0.00023349384719040245,-0.00011441689275670797,8.262887422461063e-05,-7.619857206009328e-05,4.538717621471733e-05,0.0016269494080916047,-0.0002798560308292508,-0.0009695646585896611,0.0012464235769584775,-0.0012458673445507884,-0.0007425796939060092,0.0016573609318584204,-0.0013061112258583307,-0.0016412321710959077,0.0013768160715699196,-8.780474308878183e-05,0.00011258365702815354,0.0005493364296853542,-0.0006072030519135296,0.00015155803703237325,0.0003161227214150131,0.0001970457669813186,-11123907.0,-7977698.0,-11937148.0,-10657728.0,-7523691.0,-11748859.0,-10929351.0,-9461185.0,-13274036.0,-10797741.0,-8326443.0,-8371909.5,-11277109.0,-11264244.0,-10482634.0,-9221280.0,-4148987.0,-4797889.5,-7353966.5,3146209.0,-813241.0,-2680030.0,4413457.0,-1091131.0,-3405660.0,2287674.0,-2344685.0,-1336556.0,4947593.0,2425831.5,-2950666.0,-2892334.5,794475.0,2042964.0,6333647.0,4423390.5,-3204979.5,-2556077.0,-3959450.0,-5826239.0,5226698.0,1588899.0,-7819117.0,3378805.0,1060975.0,-3624230.0,7292278.0,3762387.5,-7898259.0,-5318166.0,3745141.0,4935298.5,5539172.0,2380426.5,-9538626.0,-6979467.5,648902.5,0.002003074623644352,0.0010027132229879498,0.003772537689656019,0.00307490979321301,0.00032110937172546983,0.0019410094246268272,0.0020662788301706314,0.0008054131176322699,0.0014632601523771882,0.0012244854588061571,0.0005318821058608592,0.0005266528460197151,0.003687577322125435,0.004188015125691891,0.0016883945791050792,0.0011290197726339102,0.0002305785019416362,0.00022458437888417393,0.0003780884144362062,-0.0010003614006564021,0.0017694630660116673,0.002072196453809738,-0.0034514283761382103,-0.0011339003685861826,0.0017451695166528225,-0.0011355963069945574,-0.0006030186777934432,0.00041907234117388725,-0.000931378046516329,-0.000697832612786442,0.0031556952744722366,0.0036613622214645147,-0.001999182626605034,-0.0030589953530579805,-0.0014578161062672734,-0.0009044354083016515,0.00014750991249457002,0.0001535040355520323,0.002769824583083391,0.003072557970881462,-0.0052208914421498775,-0.0032060968223959208,0.005196597892791033,-1.6959384083747864e-06,-0.0023481883108615875,0.0015546686481684446,-0.00032835936872288585,-0.0011169048957526684,0.004087073262780905,0.0043591950088739395,-0.0051548779010772705,-0.006720357574522495,0.0005413665203377604,0.0021545598283410072,0.0016053260769695044,0.0010579394875094295,5.994123057462275e-06,0.024700064212083817,-0.006480693817138672,-0.014165113680064678,0.0095122791826725,0.0005247319350019097,0.001302569406107068,-0.001986646093428135,0.01988542638719082,0.0046104369685053825,-0.03316216170787811,0.014036709442734718,0.03508612886071205,-0.023519497364759445,-0.027453001588582993,0.02783178724348545,0.008959688246250153,-0.01747097447514534,0.01438808348029852,0.007500964216887951,-0.03118075802922249,-0.03886517882347107,0.015992972999811172,0.014689845964312553,-0.008209710009396076,-0.002511377912014723,0.01858285628259182,0.0065970830619335175,-0.05304758995771408,0.009426272474229336,0.06824828684329987,-0.03755620867013931,-0.06253913044929504,0.051351286470890045,0.036412689834833145,-0.04530276358127594,0.0054283952340483665,0.024971939623355865,-0.006887119263410568,-0.007684420794248581,0.04717373102903366,0.05355502665042877,-0.024202682077884674,-0.017201224341988564,0.02679256722331047,0.009108461439609528,-0.07163044810295105,0.0028291894122958183,0.12129587680101395,-0.04698248207569122,-0.1307874172925949,0.08890749514102936,0.09895181655883789,-0.09665405005216599,-0.030984293669462204,0.0702747032046318,-0.012315514497458935,-0.031859058886766434,0.23602765798568726,0.20424313843250275,0.24442042410373688,0.23223179578781128,0.20060087740421295,0.238373264670372,0.23728768527507782,0.22026191651821136,0.25336289405822754,0.22733566164970398,0.20844444632530212,0.19904673099517822,0.23797227442264557,0.2360624074935913,0.2264081984758377,0.2168167382478714,0.15163186192512512,0.16342364251613617,0.19739656150341034,-0.03178451955318451,0.008392766118049622,0.027988657355308533,-0.043819546699523926,0.00614146888256073,0.03668680787086487,-0.018111348152160645,0.01607520878314972,0.007073745131492615,-0.044918447732925415,-0.028288930654525757,0.029527828097343445,0.037015676498413086,-0.011564075946807861,-0.01924566924571991,-0.07477633655071259,-0.05339309573173523,0.04576469957828522,0.03397291898727417,0.04017728567123413,0.05977317690849304,-0.05221231281757355,-0.021847188472747803,0.0805063545703888,-0.024252817034721375,-0.02061159908771515,0.02518509328365326,-0.060993656516075134,-0.03536267578601837,0.07444627583026886,0.06530460715293884,-0.041091904044151306,-0.056261345744132996,-0.06321226060390472,-0.03414742648601532,0.1205410361289978,0.0873660147190094,-0.011791780591011047,0.05570905655622482,0.04171526059508324,0.059741340577602386,0.05393160879611969,0.04024071246385574,0.05682181194424629,0.05630544573068619,0.04851531237363815,0.0641927495598793,0.05168149992823601,0.04344908520579338,0.03961959853768349,0.056630801409482956,0.05572545900940895,0.05126067250967026,0.04700949788093567,0.022992221638560295,0.02670728787779808,0.03896540030837059,-0.013993795961141586,0.0040322840213775635,0.012216348201036453,-0.019500628113746643,0.002890203148126602,0.016064733266830444,-0.008306499570608139,0.007887303829193115,0.0031661875545978546,-0.020743664354085922,-0.01206190139055252,0.013181716203689575,0.016105860471725464,-0.005370128899812698,-0.008715961128473282,-0.028268450871109962,-0.02030221000313759,0.015973178669810295,0.01225811243057251,0.01802607998251915,0.02621014416217804,-0.023532912135124207,-0.009326145052909851,0.03556536138057709,-0.011196702718734741,-0.008177429437637329,0.011472687125205994,-0.028630968183279037,-0.015228088945150375,0.0339253805577755,0.028167761862277985,-0.018551845103502274,-0.024821821600198746,-0.022898321971297264,-0.011586248874664307,0.04424162954092026,0.0325603224337101,-0.0037150662392377853,-0.22149133682250977,-0.17128604650497437,0.48036158084869385,0.44541189074516296,0.021521974354982376,-0.5148159265518188,-0.4762522578239441,-0.3059309124946594,-0.15225262939929962,0.2510555684566498,-0.2605959177017212,-0.23194055259227753,-0.4552234709262848,-0.2831616699695587,0.23918530344963074,0.30296269059181213,-0.2612724304199219,-0.20752237737178802,-0.299319863319397,0.0502052903175354,0.7018529176712036,0.6166979074478149,-0.4588395953178406,-0.9602278470993042,-0.49777424335479736,0.20888501405715942,0.32399964332580566,0.5569864511489868,-0.10834328830242157,-0.4829961061477661,-0.1946275532245636,-0.05122111737728119,0.6944087743759155,0.5861243605613708,-0.500457763671875,-0.510485053062439,-0.0380474328994751,-0.09179748594760895,0.6516476273536682,0.5664926171302795,-1.1606924533843994,-1.5769257545471191,-0.03893464803695679,1.1691129207611084,0.821773886680603,0.3481014370918274,-0.4323429465293884,-1.039982557296753,-0.08628426492214203,0.43177497386932373,0.8890362977981567,0.6373454928398132,-1.1948665380477905,-1.096609354019165,0.4624103307723999,0.4186875820159912,-0.05375005304813385,2.8192338943481445,2.807786226272583,3.4421865940093994,3.0950026512145996,1.9403947591781616,2.6521995067596436,2.7721030712127686,2.392137050628662,2.0487802028656006,2.4295709133148193,2.298708915710449,2.279208183288574,3.0994653701782227,3.578275680541992,2.4021518230438232,2.621708869934082,3.0078604221343994,2.98028564453125,2.351745843887329,-0.011447668075561523,0.6229526996612549,0.2872164249420166,-1.5017918348312378,-0.44280314445495605,0.8317083120346069,-0.26006245613098145,-0.723322868347168,0.03743386268615723,0.24992871284484863,-0.15036273002624512,0.8007564544677734,1.299067497253418,-0.6973135471343994,-0.9565668106079102,0.6057085990905762,0.35857677459716797,-0.6561145782470703,-0.6285398006439209,0.6344003677368164,0.2986640930175781,-2.124744415283203,-0.7300195693969727,2.3335001468658447,0.1827406883239746,-1.555031180381775,0.29749631881713867,0.9732515811920166,-0.18779659271240234,0.5508277416229248,1.449430227279663,-1.4980700016021729,-2.255634307861328,1.3030221462249756,1.3151435852050781,-1.2618231773376465,-0.9871165752410889,0.027574777603149414,24.760602951049805,-6.399233818054199,-14.05972671508789,9.615618705749512,0.36391493678092957,1.505913496017456,-2.263458013534546,19.87571907043457,4.437849521636963,-33.21263885498047,13.703530311584473,35.2880744934082,-23.711814880371094,-27.343420028686523,27.778915405273438,8.961332321166992,-17.457901000976562,14.467811584472656,7.5427374839782715,-31.159835815429688,-38.82032775878906,16.01485252380371,14.423641204833984,-8.109704971313477,-2.627372980117798,18.36980628967285,6.70130729675293,-53.088356018066406,9.265680313110352,68.50071716308594,-37.41534423828125,-62.631492614746094,51.49073028564453,36.304752349853516,-45.23681640625,5.506479263305664,25.000638961791992,-6.925074100494385,-7.660491943359375,47.17469024658203,53.24396896362305,-24.124557495117188,-17.051013946533203,26.479511260986328,9.328680038452148,-71.45816040039062,2.564373016357422,121.58907318115234,-46.68102264404297,-131.1322021484375,88.90607452392578,98.93624877929688,-96.72754669189453,-30.79827308654785,70.23745727539062,-12.43155288696289,-31.92571258544922,0.047534555196762085,-0.009929032996296883,-0.030873294919729233,0.005933118984103203,-0.021222682669758797,0.055809762328863144,0.03708416223526001,0.0635330080986023,0.05071738362312317,-0.09154656529426575,0.06210244819521904,0.08591429889202118,-0.03885388374328613,-0.044171273708343506,0.03276188671588898,0.002003344241529703,-0.024501647800207138,0.0190669447183609,0.009758884087204933,-0.05746358633041382,-0.07840785384178162,0.015862151980400085,0.009650612249970436,0.04987664520740509,0.05830684304237366,0.007723245769739151,0.01363322138786316,-0.15507957339286804,0.011385064572095871,0.17746086418628693,-0.10095633566379547,-0.13008557260036469,0.07161577045917511,0.04617461934685707,-0.057263534516096115,0.017063600942492485,0.03426053375005722,-0.009308060631155968,-0.020944267511367798,0.0733257383108139,0.0880584642291069,0.034014493227005005,0.04865623265504837,-0.04215339943766594,-0.0446736216545105,-0.1628028154373169,-0.002248156815767288,0.33254045248031616,-0.11234140396118164,-0.3075464367866516,0.17257210612297058,0.17626018822193146,-0.12887930870056152,-0.029111018404364586,0.09152406454086304,-0.026371661573648453,-0.04356859624385834
0.21033886075019836,0.05546288564801216,0.32456210255622864,0.2958669066429138,0.06294026970863342,0.27115872502326965,0.31531354784965515,0.13822704553604126,0.2058119922876358,0.28944435715675354,0.1144549623131752,0.19619223475456238,0.2517387270927429,0.17582844197750092,0.28679078817367554,0.12609338760375977,0.20009692013263702,0.37847015261650085,0.07331612706184387,-0.1548759788274765,0.11422324180603027,0.24040402472019196,-0.2616218328475952,-0.024708181619644165,0.25237327814102173,-0.1329316794872284,-0.10950155556201935,0.15121731162071228,-0.0913570299744606,-0.09325212240219116,0.13728377223014832,-0.020363792777061462,0.03505206108093262,-0.04973505437374115,-0.08669386804103851,0.2523767650127411,-0.12678079307079315,-0.305154025554657,0.26909923553466797,0.39528000354766846,-0.3758450746536255,-0.2651122212409973,0.5139951109886169,-0.10822349786758423,-0.3618748188018799,0.2841489911079407,0.018144525587558746,-0.24446943402290344,0.22864079475402832,0.0728883296251297,-0.1022317111492157,-0.029371261596679688,-0.12174592912197113,0.30211180448532104,-0.04008692502975464,-0.5575307607650757,-0.17837323248386383,0.27711987495422363,0.20352590084075928,0.40688759088516235,0.32961973547935486,0.16956020891666412,0.3453054130077362,0.38396403193473816,0.25923147797584534,0.2605881989002228,0.36179593205451965,0.3011324107646942,0.31270459294319153,0.323986679315567,0.2726650834083557,0.31744593381881714,0.21758848428726196,0.30262574553489685,0.4170764684677124,0.3735707998275757,-0.07359397411346436,0.12976771593093872,0.12609383463859558,-0.23732738196849823,0.015685677528381348,0.21440382301807404,-0.08607393503189087,-0.12337583303451538,0.10256445407867432,0.040544211864471436,-0.049091339111328125,0.022854268550872803,-0.040039509534835815,-0.006540745496749878,-0.05507659912109375,-0.014820188283920288,0.19948798418045044,0.07094505429267883,-0.04350566864013672,0.20336169004440308,0.19968780875205994,-0.36709511280059814,-0.11040815711021423,0.45173120498657227,-0.10175961256027222,-0.3377796411514282,0.18863838911056519,0.16392004489898682,-0.15165579319000244,-0.017689943313598633,0.00905182957649231,-0.02939501404762268,-0.015037089586257935,-0.00827944278717041,0.2545645833015442,0.08576524257659912,-0.24299365282058716,-0.11445072293281555,0.6992653608322144,0.5829504132270813,1.0983887910842896,1.0983887910842896,0.6229581236839294,0.84115070104599,0.84115070104599,0.7603851556777954,0.6743243336677551,0.8080955147743225,0.8080955147743225,0.8079431653022766,0.8079431653022766,0.9295526146888733,0.9295526146888733,0.8098300099372864,0.9786942601203918,0.9786942601203918,0.8159052133560181,-0.11631494760513306,0.3991234302520752,0.5154383778572083,-0.4754306674003601,-0.25723809003829956,0.21819257736206055,-0.08076554536819458,-0.16682636737823486,0.0477103590965271,0.13377118110656738,-0.00015234947204589844,-0.00015234947204589844,0.12160944938659668,0.12160944938659668,-0.11972260475158691,0.049141645431518555,0.16886425018310547,-0.16278904676437378,-0.16278904676437378,0.5154383778572083,0.6317533254623413,-0.8745540976524353,-0.7726764678955078,0.6936232447624207,0.17647254467010498,-0.3850189447402954,0.12847590446472168,0.30059754848480225,-0.047862708568573,-0.13392353057861328,0.12176179885864258,0.12176179885864258,-0.2413320541381836,-0.07246780395507812,0.2885868549346924,-0.21193069219589233,-0.33165329694747925,0.0,0.6992653608322144,0.5829504132270813,1.0983887910842896,1.0983887910842896,0.6229581236839294,0.84115070104599,0.84115070104599,0.7603851556777954,0.6743243336677551,0.8080955147743225,0.8080955147743225,0.8079431653022766,0.8079431653022766,0.9295526146888733,0.9295526146888733,0.8098300099372864,0.9786942601203918,0.9786942601203918,0.8159052133560181,-0.11631494760513306,0.3991234302520752,0.5154383778572083,-0.4754306674003601,-0.25723809003829956,0.21819257736206055,-0.08076554536819458,-0.16682636737823486,0.0477103590965271,0.13377118110656738,-0.00015234947204589844,-0.00015234947204589844,0.12160944938659668,0.12160944938659668,-0.11972260475158691,0.049141645431518555,0.16886425018310547,-0.16278904676437378,-0.16278904676437378,0.5154383778572083,0.6317533254623413,-0.8745540976524353,-0.7726764678955078,0.6936232447624207,0.17647254467010498,-0.3850189447402954,0.12847590446472168,0.30059754848480225,-0.047862708568573,-0.13392353057861328,0.12176179885864258,0.12176179885864258,-0.2413320541381836,-0.07246780395507812,0.2885868549346924,-0.21193069219589233,-0.33165329694747925,0.0,-0.3516722321510315,-0.5821427702903748,-0.5821427702903748,-0.33395621180534363,-0.3620396554470062,-0.3620396554470062,-0.4067559242248535,-0.4067559242248535,-0.3630451560020447,-0.5053002834320068,-0.5053002834320068,-0.4838835597038269,-0.3512279987335205,-0.3512279987335205,-0.23832587897777557,-0.4771471321582794,-0.4771471321582794,-0.3479936420917511,-0.7806935906410217,-0.23047053813934326,-0.23047053813934326,0.24818655848503113,0.22010311484336853,-0.028083443641662598,-0.04471626877784729,-0.04471626877784729,0.04371076822280884,-0.09854435920715332,-0.14225512742996216,0.02141672372817993,0.15407228469848633,0.1326555609703064,0.11290211975574493,-0.1259191334247589,-0.23882125318050385,0.12915349006652832,-0.3035464584827423,-0.43269994854927063,0.0,0.4786570966243744,0.4505736529827118,-0.2762700021266937,-0.2648193836212158,-0.016632825136184692,0.08842703700065613,-0.05382809042930603,-0.185965895652771,0.11996108293533325,0.2963274121284485,0.11123883724212646,-0.041170164942741394,-0.2585746943950653,-0.3517233729362488,0.25507262349128723,-0.06472520530223846,-0.5618534088134766,-0.12915349006652832,0.002753217238932848,0.0014073783531785011,0.0014073783531785011,0.0002863844856619835,0.0002863844856619835,0.0022500455379486084,0.00039435457438230515,0.00039435457438230515,0.0007093516178429127,0.0039024734869599342,0.0015206336975097656,0.0015206336975097656,0.0012385649606585503,0.0012385649606585503,0.000132647342979908,2.7632340788841248e-06,2.7632340788841248e-06,0.007851498201489449,0.0,-0.0013458388857543468,-0.0013458388857543468,-0.0011209938675165176,-0.0011209938675165176,0.001963661052286625,0.00010797008872032166,-0.0018556909635663033,0.00031499704346060753,0.003508118912577629,0.000811282079666853,-0.0023818397894501686,-0.00028206873685121536,-0.00028206873685121536,-0.0011059176176786423,-0.0012358017265796661,-0.00012988410890102386,0.007848734967410564,-2.7632340788841248e-06,-0.007851498201489449,0.0,0.0002248450182378292,0.0002248450182378292,0.0030846549198031425,0.0012289639562368393,-0.003819352015852928,0.00020702695474028587,0.005363809876143932,0.0004962850362062454,-0.005889958702027798,-0.0010933508165180683,0.0020997710525989532,-0.0008238488808274269,-0.0009537329897284508,0.0009760335087776184,0.00908453669399023,0.00012712087482213974,-0.01570023223757744,-0.007848734967410564,0.34759312868118286,0.000807642936706543,0.5162460207939148,0.7644325494766235,0.2609184682369232,0.47911104559898376,0.4343947768211365,0.3536292314529419,0.31127917766571045,0.3027952313423157,0.3027952313423157,0.3240596055984497,0.4567151665687561,0.5783246159553528,0.6912267208099365,0.33268287777900696,0.50154709815979,0.6307005882263184,0.03521162271499634,-0.3467854857444763,0.16865289211273193,0.763624906539917,-0.2553275525569916,-0.28532150387763977,0.17347630858421326,-0.12548181414604187,-0.12311559915542603,-0.05083400011062622,-0.008483946323394775,0.021264374256134033,0.15391993522644043,0.2542650103569031,0.23451155424118042,-0.24564173817634583,-0.18967962265014648,0.2980177104473114,-0.4663354754447937,-0.595488965511322,0.5154383778572083,1.110410451889038,-0.4239804446697235,-1.0489463806152344,0.42880386114120483,0.1598396897315979,-0.2965919077396393,0.07464781403541565,0.11463165283203125,0.07209837436676025,0.1624038815498352,0.23300063610076904,0.08059161901473999,-0.4999067485332489,-0.4241911768913269,0.5436594486236572,-0.2766558527946472,-0.893506646156311,-0.12915349006652832,1.0509376525878906,1.165093183517456,1.6805315017700195,1.4323450326919556,0.9849977493286133,1.2031903266906738,1.2479066848754883,1.167141079902649,1.0373694896697998,1.3133957386016846,1.3133957386016846,1.2918267250061035,1.1591711044311523,1.280780553817749,1.16787850856781,1.2869771718978882,1.4558414220809937,1.3266879320144653,1.5965988636016846,0.11415553092956543,0.6295938491821289,0.2672518491744995,-0.6955337524414062,-0.22915470600128174,0.262908935546875,-0.0360492467880249,-0.21053719520568848,0.14625465869903564,0.27602624893188477,-0.021569013595581055,-0.15422463417053223,-0.011046171188354492,0.008707404136657715,0.00619661808013916,0.2879629135131836,0.03971076011657715,0.14075744152069092,0.26991093158721924,0.5154383182525635,0.15309631824493408,-1.3251276016235352,-0.49640655517578125,0.9584426879882812,0.19310545921325684,-0.4734461307525635,0.18230390548706055,0.48656344413757324,-0.1678236722946167,-0.430250883102417,0.010522842407226562,0.16293203830718994,0.017242789268493652,0.2792555093765259,0.03351414203643799,-0.14720547199249268,0.2302001714706421,0.12915349006652832,0.4236101508140564,0.40993088483810425,0.5606066584587097,0.5874823927879333,0.4719294309616089,0.4708718955516815,0.45079514384269714,0.47168779373168945,0.4293975234031677,0.44826850295066833,0.47148415446281433,0.4689452350139618,0.46567192673683167,0.5625088810920715,0.528420627117157,0.5411643385887146,0.5494557023048401,0.5001322627067566,0.43727895617485046,-0.013679265975952148,0.13699650764465332,0.1775515079498291,-0.08867722749710083,-0.11661049723625183,-0.021134287118911743,0.0008158981800079346,-0.02139762043952942,-0.023419290781021118,0.042086631059646606,0.020676732063293457,-0.005812227725982666,0.09356364607810974,0.06274870038032532,-0.021344542503356934,0.021035075187683105,-0.04103207588195801,-0.11217674612998962,-0.06285330653190613,0.15067577362060547,0.19123077392578125,-0.22567373514175415,-0.29416200518608093,0.06754294037818909,0.11742639541625977,-0.0002633333206176758,-0.024235188961029053,0.06348425149917603,0.044096022844314575,-0.04789885878562927,0.07288691401481628,0.06856092810630798,-0.11490818858146667,-0.04171362519264221,-0.019687533378601074,-0.13321182131767273,-0.02182123064994812,0.049323439598083496,0.09353695809841156,0.02024621143937111,0.02063024416565895,0.44669705629348755,0.05912870168685913,0.18278810381889343,0.5951108336448669,0.040829699486494064,0.46220332384109497,0.18448716402053833,0.15124540030956268,0.2788124978542328,0.2581890821456909,0.5580554604530334,0.04231572151184082,0.23968543112277985,0.23655883967876434,0.18864195048809052,0.5198291540145874,-0.07329075038433075,-0.07290671765804291,0.42645084857940674,0.03849845752120018,-0.2639089524745941,0.5359821319580078,-0.14195840060710907,-0.13290750980377197,0.14365746080875397,-0.3109579086303711,0.09432533383369446,0.10694368183612823,0.27924296259880066,-0.2158733606338501,-0.3183700442314148,0.19424311816692352,-0.05104348063468933,0.28327029943466187,0.3311871886253357,0.0003840327262878418,0.4997416138648987,0.11140517890453339,-0.6903598308563232,0.49748367071151733,0.12195055186748505,-0.6688896417617798,0.28561586141586304,-0.17805039882659912,-0.04933212697505951,0.41790157556533813,0.1849176287651062,-0.32281702756881714,-0.5976129770278931,0.4101164937019348,0.26732656359672546,0.08902718126773834,0.382230669260025,0.04791688919067383,3.0652992725372314,1.6883175373077393,6.083611965179443,5.044464111328125,1.2534217834472656,4.203919410705566,5.004359245300293,2.787957191467285,2.5107719898223877,4.359814643859863,3.5624799728393555,3.637516736984253,3.740874767303467,3.0785670280456543,3.953183174133301,2.0702786445617676,4.155540943145752,6.053668975830078,5.003738880157471,-1.3769817352294922,3.018312692642212,3.3561465740203857,-4.830190181732178,-0.8405447006225586,3.7509374618530273,-1.4159622192382812,-2.4935872554779053,1.5718574523925781,1.0517079830169678,-0.7222979068756104,0.17839479446411133,-0.5589497089385986,0.21230840682983398,-1.0082883834838867,0.20235776901245117,3.9833903312683105,0.8481979370117188,-1.0499300956726074,4.395294189453125,4.733128547668457,-7.848503112792969,-4.196691513061523,8.581127166748047,-0.5754175186157227,-6.244524955749512,2.9878196716308594,3.545295238494873,-2.2941553592681885,-0.8733131885528564,0.16334819793701172,0.033913612365722656,-0.4493386745452881,-0.009950637817382812,4.991678714752197,0.6458401679992676,-5.033320426940918,-1.8981280326843262,-0.00022194732446223497,-0.0004510238068178296,-8.895606879377738e-05,-0.0007916170870885253,-0.0005971328355371952,-0.00022556004114449024,-0.0009751481702551246,-0.00019892826094292104,-0.00017040582315530628,-0.0007122814422473311,-3.769103204831481e-05,-0.0008950585615821183,-0.00032756064319983125,-0.0008366656256839633,0.0006516237044706941,3.5987875889986753e-05,8.471885666949674e-05,0.0013811173848807812,-0.0004972247406840324,-0.00022907648235559464,0.0001329912629444152,-0.0003405932802706957,-0.000508176744915545,0.000566057045944035,-0.00037801533471792936,2.66317802015692e-05,0.0008047423325479031,-0.0005133531522005796,0.00013271479110699147,-0.00018277711933478713,-0.00028986961115151644,5.8392935898154974e-05,0.0009791844058781862,0.00087265350157395,-0.0005669048405252397,0.0013451294507831335,-0.0005819436046294868,-0.0018783421255648136,0.00036206774530000985,-0.00011151679791510105,-0.0006411679787561297,0.0009066503262147307,0.00013016141019761562,-0.0005394252948462963,0.0011827576672658324,-0.0005399849032983184,-0.0006720275268889964,0.0003305760328657925,-0.00042258441681042314,0.0002411700552329421,0.0012690540170297027,0.0008142605656757951,-0.0015460893046110868,0.00047247594920918345,-1.5038764104247093e-05,-0.003223471576347947,-0.001296398462727666,-27304722.0,-13305239.0,-57443928.0,-47648312.0,-9512998.0,-38433936.0,-46361300.0,-23374696.0,-21258196.0,-40112708.0,-31065504.0,-33256844.0,-33648928.0,-26236588.0,-35496468.0,-16379648.0,-36883488.0,-58815768.0,-46708848.0,13999483.0,-30139206.0,-34343072.0,47930928.0,9214376.0,-36848304.0,15059240.0,25103104.0,-16738012.0,-9807308.0,6855864.0,-2583424.0,7020256.0,-1847540.0,9856940.0,-1387020.0,-42436120.0,-9825360.0,12106920.0,-44138688.0,-48342556.0,78070136.0,43557448.0,-84779232.0,5844864.0,61951408.0,-31797252.0,-34910412.0,23593876.0,7223884.0,164392.0,735884.0,2836684.0,460520.0,-52293060.0,-8438340.0,54543040.0,21932280.0,0.01026358176022768,0.0025004867929965258,0.08302268385887146,0.08067536354064941,0.0016096768667921424,0.019012954086065292,0.025423839688301086,0.010123083367943764,0.004942834842950106,0.019731277599930763,0.017553163692355156,0.01456137653440237,0.01476835086941719,0.019185815006494522,0.027491966262459755,0.009307621978223324,0.05255488306283951,0.06228302791714668,0.02898242138326168,-0.007763095200061798,0.07275909930467606,0.07817487418651581,-0.08141300827264786,-0.06166240945458412,0.023814162239432335,-0.008889870718121529,-0.020481005311012268,0.009608194231987,0.012610329315066338,-0.005169901065528393,-0.0027848128229379654,0.004624438472092152,0.012723615393042564,-0.009878193028271198,0.025062916800379753,0.052975405007600784,-0.023572461679577827,-0.03330060839653015,0.08052219450473785,0.0859379693865776,-0.1541721075773239,-0.13983727991580963,0.10522717237472534,0.052772536873817444,-0.04429516941308975,0.018498064950108528,0.033091336488723755,-0.014778095297515392,-0.015395142138004303,0.009794339537620544,0.01550842821598053,-0.01450263150036335,0.012339301407337189,0.06285359710454941,-0.04863537847995758,-0.08627600967884064,-0.009728146716952324,0.10552965849637985,0.027629557996988297,0.16290730237960815,0.14820994436740875,0.031278133392333984,0.13604775071144104,0.1577587127685547,0.06932439655065536,0.1031578853726387,0.1450623869895935,0.057401373982429504,0.09807810932397842,0.12625686824321747,0.08787532150745392,0.1441051959991455,0.06326451897621155,0.1003153920173645,0.19026035070419312,0.03654473274946213,-0.07790009677410126,0.0573776438832283,0.12058039009571075,-0.13162916898727417,-0.012162193655967712,0.1264805793762207,-0.06672335416078568,-0.054600827395915985,0.07573799043893814,-0.0457565113902092,-0.04698427766561508,0.06885549426078796,-0.010202787816524506,0.01784832775592804,-0.02461080253124237,-0.043789803981781006,0.12699583172798157,-0.06377065926790237,-0.1537156105041504,0.13527774810791016,0.198480486869812,-0.18900680541992188,-0.13274258375167847,0.2581097483634949,-0.05456116050481796,-0.18108141422271729,0.14246134459972382,0.008844316005706787,-0.12272226810455322,0.11461200565099716,0.036781489849090576,-0.051007166504859924,-0.014408014714717865,-0.061638131737709045,0.15160663425922394,-0.01998085528612137,-0.28071144223213196,-0.08994495123624802,0.2681754231452942,0.24687190353870392,0.35378652811050415,0.32186150550842285,0.20872367918491364,0.2928415536880493,0.3002750873565674,0.2942550480365753,0.22972972691059113,0.28530153632164,0.349253386259079,0.3152482807636261,0.2799476385116577,0.29287320375442505,0.2598230242729187,0.2501645088195801,0.34274861216545105,0.2933506369590759,0.42939138412475586,-0.02130351960659027,0.08561110496520996,0.07498960196971893,-0.14506284892559052,-0.029019951820373535,0.09155140817165375,0.001413494348526001,-0.07054536044597626,-0.008953511714935303,0.11952365934848785,0.029946744441986084,-0.06930574774742126,-0.02237507700920105,-0.020124614238739014,-0.04270869493484497,0.08292558789253235,0.04318612813949585,0.08664277195930481,0.13604074716567993,0.10691462457180023,0.0962931215763092,-0.23067395389080048,-0.10400955379009247,0.23661425709724426,0.030433446168899536,-0.16209676861763,-0.010367006063461304,0.1900690197944641,0.03890025615692139,-0.18882940709590912,-0.052321821451187134,0.04918113350868225,-0.02033361792564392,0.10305020213127136,0.08589482307434082,0.003717184066772461,0.09285461902618408,0.04939797520637512,0.0719180554151535,0.06094573810696602,0.1251649111509323,0.1035948321223259,0.043565575033426285,0.08575616776943207,0.09016513079404831,0.08658603578805923,0.05277574434876442,0.08139695972204208,0.12197793275117874,0.0993814766407013,0.07837068289518356,0.08577471971511841,0.06750800460577011,0.06258227676153183,0.11747661978006363,0.08605459332466125,0.18437695503234863,-0.010972317308187485,0.05324685573577881,0.04264909401535988,-0.08159933984279633,-0.01783866435289383,0.046599555760622025,0.0008298680186271667,-0.03738938644528389,-0.005189076066017151,0.06920218467712402,0.01798451691865921,-0.04360724985599518,-0.013606756925582886,-0.010862678289413452,-0.02319244295358658,0.04996861517429352,0.023472316563129425,0.066900335252285,0.09832236170768738,0.06421917676925659,0.05362141132354736,-0.13484619557857513,-0.06048775836825371,0.12819889187812805,0.018668532371520996,-0.08398894220590591,-0.006018944084644318,0.10659156739711761,0.02317359298467636,-0.1128094345331192,-0.031591273844242096,0.032744571566581726,-0.009585686028003693,0.06083129346370697,0.046664759516716,0.016931720077991486,0.07485004514455795,0.031422026455402374,0.03224935382604599,-0.09366259723901749,-0.3198392391204834,0.5185977816581726,0.2062329202890396,-0.4391879737377167,-0.6463889479637146,0.17720632255077362,-0.3581043779850006,-0.7086994051933289,0.12570680677890778,-0.35221993923187256,-0.3417423665523529,0.29945871233940125,0.2039233297109604,0.42191627621650696,0.4958971440792084,-0.2760847210884094,-0.1764705777168274,-0.12591195106506348,-0.35208860039711,0.6122604012489319,0.5260721445083618,-0.9577857255935669,-0.852621853351593,0.6163942813873291,0.288284569978714,-0.8859057426452637,0.4838111996650696,0.3564794659614563,-0.4674491882324219,0.6516786813735962,0.5456656813621521,0.12245756387710571,0.2919738292694092,-0.6980010271072388,-0.6723676919937134,0.09961414337158203,-0.2261766493320465,0.7381723523139954,0.8781607151031494,-1.5700461864471436,-1.3786940574645996,1.574180006980896,1.1409064531326294,-1.5023000240325928,0.1955266296863556,1.2423851490020752,-0.9512603878974915,0.2951992154121399,1.0131149291992188,-0.5292211174964905,-0.2536918520927429,-0.8204585909843445,-0.9643415212631226,0.7976151704788208,0.7719818353652954,1.8636912107467651,2.70231032371521,2.9309473037719727,2.424030065536499,2.9371612071990967,2.297882080078125,2.5151748657226562,2.0693917274475098,2.6050732135772705,3.1408727169036865,2.027700662612915,2.382922887802124,2.2152252197265625,2.2943458557128906,2.442596673965454,3.1542205810546875,2.3711001873016357,2.679112672805786,1.9219282865524292,0.8386191129684448,1.0672560930252075,-0.27828025817871094,0.0062139034271240234,-0.12614798545837402,-0.42198634147644043,-0.22849035263061523,0.08989834785461426,1.0714809894561768,-0.5773725509643555,-0.7579498291015625,0.18752455711364746,-0.0885770320892334,0.2273714542388916,0.8598747253417969,-0.07149648666381836,-0.47510790824890137,-0.44917190074920654,-0.7571843862533569,0.2286369800567627,-1.1168993711471558,-1.0610421895980835,0.15213227272033691,-0.42820024490356445,-0.10234236717224121,0.5118846893310547,1.299971342086792,-0.6672708988189697,-1.8294308185577393,0.7648971080780029,0.6693727970123291,0.03984689712524414,0.9484517574310303,-0.29886794090270996,-1.3349826335906982,-0.3776754140853882,-0.28207647800445557,-0.3080124855041504,105.5901107788086,27.842369079589844,162.93017578125,148.5251922607422,31.59601593017578,136.12167358398438,158.2873992919922,69.38997650146484,103.31761932373047,145.3010711669922,57.456390380859375,98.4885025024414,126.37284088134766,88.26587677001953,143.96897888183594,63.29888153076172,100.44865417480469,189.9920196533203,36.80469512939453,-77.74774169921875,57.340065002441406,120.68282318115234,-131.33416748046875,-12.403518676757812,126.6913833618164,-66.73169708251953,-54.96977996826172,75.91109466552734,-45.861228942871094,-46.81256866455078,68.91645050048828,-10.222625732421875,17.59613800048828,-24.966995239257812,-43.52032470703125,126.6931381225586,-63.643959045410156,-153.18731689453125,135.08779907226562,198.43057250976562,-188.67422485351562,-133.08633422851562,258.0255432128906,-54.32817840576172,-181.66116333007812,142.64279174804688,9.108551025390625,-122.72366333007812,114.77767944335938,36.589942932128906,-51.3203125,-14.744369506835938,-61.11646270751953,151.66012573242188,-20.123634338378906,-279.8804626464844,-89.5433578491211,0.22035840153694153,0.04685351625084877,0.3290911912918091,0.24363665282726288,0.05832759290933609,0.33805885910987854,0.39938926696777344,0.08774878084659576,0.20863747596740723,0.34894442558288574,0.0784754529595375,0.23379507660865784,0.2902623414993286,0.15555274486541748,0.25269824266433716,0.12342853844165802,0.15207895636558533,0.37984105944633484,0.12390588223934174,-0.17350488901138306,0.10873278975486755,0.1967831403017044,-0.2707636058330536,0.09442220628261566,0.34106168150901794,-0.2503100633621216,-0.1907517910003662,0.26119565963745117,-0.13016203045845032,-0.1151493489742279,0.2117868959903717,-0.07824233174324036,-0.037564098834991455,-0.03212420642375946,-0.10061928629875183,0.2564125061035156,-0.02817307412624359,-0.2559351921081543,0.2822376787662506,0.37028801441192627,-0.37949639558792114,-0.10236093401908875,0.6118252873420715,-0.34473228454589844,-0.5318135023117065,0.5115057229995728,0.060589760541915894,-0.3763450086116791,0.341948926448822,0.03690701723098755,-0.24935099482536316,0.046118125319480896,-0.06305518746376038,0.2885367274284363,0.07244621217250824,-0.5123476982116699,-0.2277621179819107
0.012483440339565277,0.0865793377161026,-0.017724759876728058,0.004098087549209595,0.047112613916397095,0.027069734409451485,0.011718587018549442,-0.04181841015815735,0.042372703552246094,0.07070689648389816,-0.008203894831240177,-0.02532390132546425,0.03547155484557152,0.05995016545057297,-0.015076955780386925,-0.022066494449973106,0.031743522733449936,0.04300813004374504,0.029614385217428207,0.07409589737653732,-0.030208200216293335,-0.082481250166893,0.06483737379312515,0.02297164686024189,-0.03539402782917023,-0.06888814270496368,0.030654117465019226,0.11252530664205551,-0.050576597452163696,-0.09603080153465271,0.04367544874548912,0.08527407050132751,-0.05054850876331329,-0.08201666176319122,0.04682047665119171,0.065074622631073,-0.0021291375160217285,-0.013393744826316833,-0.10430409759283066,-0.15657714009284973,0.09504557400941849,0.10545289516448975,-0.10023140162229538,-0.09185978770256042,0.06604814529418945,0.1814134418964386,-0.08123071491718292,-0.20855611562728882,0.09425204992294312,0.18130487203598022,-0.09422396123409271,-0.16729073226451874,0.097368985414505,0.14709128439426422,-0.04894961416721344,-0.07846836745738983,-0.011264607310295105,0.27244192361831665,0.26569661498069763,0.2672950327396393,0.31201398372650146,0.2953551709651947,0.22515949606895447,0.2745632529258728,0.2992968261241913,0.2808396816253662,0.23693490028381348,0.23076052963733673,0.24571040272712708,0.2221544086933136,0.2671456038951874,0.3017835021018982,0.3745614290237427,0.34152963757514954,0.2921701967716217,0.31602942943573,-0.0067453086376190186,-0.005146890878677368,0.04631736874580383,0.02806013822555542,-0.086854487657547,-0.0207919180393219,0.07413733005523682,0.006276428699493408,-0.06236192584037781,-0.05007915198802948,0.008775502443313599,-0.008606120944023132,0.021435201168060303,0.0796290934085846,0.1074158251285553,0.03974613547325134,-0.08239123225212097,-0.025500208139419556,0.023859232664108276,0.0015984177589416504,0.05306267738342285,0.03320702910423279,-0.13317185640335083,-0.04885205626487732,0.1609918177127838,0.027068346738815308,-0.13649925589561462,-0.05635558068752289,0.0711374282836914,0.04147303104400635,0.012659698724746704,0.08823521435260773,0.085980623960495,-0.03988295793533325,-0.18980705738067627,-0.0652463436126709,0.10625046491622925,0.04935944080352783,0.7260639667510986,0.7260639667510986,0.6392027735710144,0.985831618309021,0.985831618309021,0.7212937474250793,0.8078662157058716,0.8078662157058716,0.8242999911308289,0.8242999911308289,0.7250054478645325,0.7250054478645325,0.672716498374939,0.6925959587097168,0.8145605325698853,0.9938838481903076,0.9938838481903076,0.8641761541366577,0.8183472156524658,0.0,-0.08686119318008423,0.25976765155792236,0.3466288447380066,-0.26453787088394165,-0.17796540260314941,0.08657246828079224,0.016433775424957275,0.016433775424957275,-0.09929454326629639,-0.09929454326629639,-0.052288949489593506,-0.032409489154815674,0.1418440341949463,0.3012878894805908,0.17932331562042236,-0.1297076940536499,-0.1755366325378418,-0.045828938484191895,-0.08686119318008423,0.25976765155792236,0.4334900379180908,-0.524305522441864,-0.524594247341156,0.3511103391647339,0.1943991780281067,-0.07013869285583496,-0.11572831869125366,-0.11572831869125366,0.04700559377670288,0.06688505411148071,0.1941329836845398,0.3336973786354065,0.037479281425476074,-0.4309955835342407,-0.35485994815826416,0.08387875556945801,0.1297076940536499,1.1868513822555542,0.7260639667510986,0.7966172695159912,0.985831618309021,0.985831618309021,0.7212937474250793,1.0371298789978027,1.0371298789978027,0.8242999911308289,0.8242999911308289,0.7547494173049927,0.7547494173049927,0.672716498374939,0.6925959587097168,0.8857067227363586,1.328920602798462,1.328920602798462,0.8641761541366577,0.8183472156524658,-0.46078741550445557,-0.390234112739563,0.25976765155792236,0.18921434879302979,-0.26453787088394165,0.05129826068878174,0.3158361315727234,-0.21282988786697388,-0.21282988786697388,-0.06955057382583618,-0.06955057382583618,-0.08203291893005371,-0.06215345859527588,0.21299022436141968,0.6363246440887451,0.44321388006210327,-0.4647444486618042,-0.5105733871459961,-0.045828938484191895,0.07055330276489258,0.7205550670623779,0.5794484615325928,-0.524305522441864,-0.13791608810424805,0.580374002456665,-0.2641281485557556,-0.5286660194396973,0.1432793140411377,0.1432793140411377,-0.01248234510421753,0.007397115230560303,0.2950231432914734,0.698478102684021,0.2302236557006836,-1.1010690927505493,-0.9537872672080994,0.4189155101776123,0.4647444486618042,-1.1868513822555542,-0.6883268356323242,-0.7966172695159912,-0.8849367499351501,-0.8849367499351501,-0.6692299246788025,-1.0371298789978027,-1.0371298789978027,-0.6728888750076294,-0.6728888750076294,-0.7547494173049927,-0.7547494173049927,-0.6403793096542358,-0.575983464717865,-0.8857067227363586,-1.328920602798462,-1.328920602798462,-0.7012048363685608,-0.6964965462684631,0.49852454662323,0.390234112739563,-0.19660991430282593,-0.08831948041915894,0.21570682525634766,-0.1521931290626526,-0.36789995431900024,0.36424100399017334,0.36424100399017334,-0.08186054229736328,-0.08186054229736328,0.11437010765075684,0.17876595258712769,-0.2453274130821228,-0.7529371380805969,-0.44321388006210327,0.6277157664299011,0.6324240565299988,0.004708290100097656,-0.10829043388366699,-0.6951344609260559,-0.4785535931587219,0.4123167395591736,-0.06387364864349365,-0.5836067795753479,0.5164341330528259,0.7321409583091736,-0.4461015462875366,-0.4461015462875366,0.19623064994812012,0.26062649488449097,-0.35969752073287964,-0.9317030906677246,-0.19788646697998047,1.380652904510498,1.075637936592102,-0.6230074763298035,-0.6277157664299011,0.001957864500582218,0.0012876265682280064,0.0012857825495302677,0.0012857825495302677,0.0001828218810260296,0.0001828218810260296,0.0016828440129756927,0.001635606400668621,0.00021798396483063698,0.00021798396483063698,0.0008745379745960236,0.001372496597468853,0.000871921656653285,0.000871921656653285,0.0014450442977249622,0.002745959907770157,0.0007022339850664139,0.000553397461771965,0.0,-0.0006702379323542118,-0.0006720819510519505,-1.8440186977386475e-06,-0.0011029606685042381,-0.0011029606685042381,0.0015000221319496632,0.0014527845196425915,-0.0014648600481450558,-0.001417622435837984,0.0006565540097653866,0.001154512632638216,-2.616317942738533e-06,-0.000500574940815568,0.0005731226410716772,0.0018740382511168718,-0.0007428103126585484,-0.002192562445998192,-0.0007022339850664139,-0.000553397461771965,-1.8440186977386475e-06,0.0006683939136564732,-0.0004308787174522877,-0.0011011166498064995,0.0026029828004539013,0.0025557451881468296,-0.002964882180094719,-0.0028704069554805756,0.0021214140579104424,0.0025721350684762,-0.0006591703277081251,-0.001655087573453784,0.0005757389590144157,0.00237461319193244,-0.0013159329537302256,-0.00406660046428442,4.0576327592134476e-05,0.0016391649842262268,0.00014883652329444885,-0.46078741550445557,0.037737131118774414,-0.1574144959449768,0.10089486837387085,0.10089486837387085,0.052063822746276855,-0.22926366329193115,-0.22926366329193115,0.15141111612319946,0.15141111612319946,-0.029743969440460205,-0.029743969440460205,0.032337188720703125,0.1166124939918518,-0.07114619016647339,-0.3350367546081543,-0.3350367546081543,0.16297131776809692,0.12185066938400269,0.49852454662323,0.30337291955947876,0.06315773725509644,0.25830936431884766,-0.048831045627593994,-0.330158531665802,-0.281327486038208,0.3806747794151306,0.3806747794151306,-0.18115508556365967,-0.18115508556365967,0.06208115816116333,0.146356463432312,-0.10348337888717651,-0.4516492486000061,-0.2638905644416809,0.4980080723762512,0.456887423992157,-0.04112064838409424,-0.19515162706375122,-0.43536680936813354,-0.045063555240631104,-0.11198878288269043,-0.5884678959846497,-0.232496440410614,0.7108333110809326,0.6620022654533386,-0.5618298649787903,-0.5618298649787903,0.243236243724823,0.3275115489959717,-0.16556453704833984,-0.5980057120323181,-0.1604071855545044,0.9496573209762573,0.7207779884338379,-0.5391287207603455,-0.4980080723762512,1.9129153490066528,1.4143908023834229,1.4358201026916504,1.8707683086395264,1.8707683086395264,1.3905236721038818,1.8449960947036743,1.8449960947036743,1.4971888065338135,1.4971888065338135,1.47975492477417,1.47975492477417,1.3130958080291748,1.2685794830322266,1.7002673149108887,2.3228044509887695,2.3228044509887695,1.5653810501098633,1.5148437023162842,-0.49852454662323,-0.47709524631500244,0.4563775062561035,0.434948205947876,-0.48024463653564453,-0.02577221393585205,0.4544724225997925,-0.34780728816986084,-0.34780728816986084,-0.017433881759643555,-0.017433881759643555,-0.16665911674499512,-0.21117544174194336,0.38717150688171387,1.054224967956543,0.6225371360778809,-0.7574234008789062,-0.8079607486724854,-0.0505373477935791,0.02142930030822754,0.9549020528793335,0.9120434522628784,-0.936622142791748,-0.460720419883728,0.934717059135437,-0.3220350742340088,-0.8022797107696533,0.3303734064102173,0.3303734064102173,-0.14922523498535156,-0.1937415599822998,0.553830623626709,1.2654004096984863,0.235365629196167,-1.8116483688354492,-1.4304978847503662,0.7068860530853271,0.7574234008789062,0.4412972927093506,0.4524866044521332,0.39425817131996155,0.5638275146484375,0.5807642936706543,0.482702374458313,0.4880688488483429,0.4736526310443878,0.49568405747413635,0.5315142869949341,0.475111722946167,0.4660448431968689,0.46000581979751587,0.434816837310791,0.48191502690315247,0.5175571441650391,0.5289120674133301,0.5072726011276245,0.47031259536743164,0.011189311742782593,-0.04703912138938904,0.11134091019630432,0.18650612235069275,-0.08112514019012451,-0.0926954448223114,-0.009049743413925171,0.007615208625793457,0.057861655950546265,-0.02057233452796936,-0.06546944379806519,-0.015105903148651123,-0.03122800588607788,0.021909207105636597,0.08274030685424805,0.04699704051017761,-0.01028454303741455,-0.05859947204589844,-0.03696000576019287,-0.05822843313217163,0.10015159845352173,0.2335452437400818,-0.19246605038642883,-0.27920156717300415,0.07207539677619934,0.10031065344810486,0.06691139936447144,-0.028187543153762817,-0.12333109974861145,0.005466431379318237,0.034241437911987305,0.03701511025428772,0.11396831274032593,0.025087833404541016,-0.0930248498916626,-0.10559651255607605,-0.02667546272277832,0.021639466285705566,0.15814751386642456,0.5690174102783203,0.36849498748779297,0.36587223410606384,0.31104981899261475,0.09346376359462738,0.4110625088214874,0.38862359523773193,0.22288773953914642,0.2904099225997925,0.27824872732162476,0.2289026826620102,0.09505562484264374,0.12494096159934998,0.11095988750457764,0.14514422416687012,0.8371552228927612,0.4100632667541504,0.5153741836547852,0.41086989641189575,0.2103474736213684,-0.20314517617225647,-0.05744516849517822,-0.27240848541259766,0.10001268982887268,0.29515981674194336,-0.188174769282341,-0.09821367263793945,0.05536098778247833,-0.06150723993778229,-0.18319310247898102,-0.10396172106266022,0.0159042626619339,0.02020326256752014,0.7261953353881836,0.2649190425872803,-0.3217810392379761,0.10531091690063477,-0.20052242279052734,-0.6140151023864746,-0.26779264211654663,-0.06926330924034119,0.1574578583240509,0.567568302154541,-0.2881874442100525,-0.3933734893798828,0.24353575706481934,0.036706432700157166,-0.23855409026145935,-0.04245448112487793,0.19909736514091492,0.12416498363018036,0.7102910876274109,0.24471578001976013,-1.0479763746261597,-0.1596081256866455,0.42709195613861084,3.0251336097717285,2.736823558807373,2.852344512939453,3.858299970626831,3.4275314807891846,2.0582642555236816,3.0988714694976807,3.493720531463623,3.157123327255249,2.388094425201416,2.2384746074676514,2.4178221225738525,1.8881880044937134,2.6574463844299316,3.3696258068084717,5.614089488983154,5.147290229797363,3.47707200050354,3.78420090675354,-0.28831005096435547,-0.1727890968322754,1.121476411819458,0.5751869678497314,-1.8000357151031494,-0.3286600112915039,1.4354562759399414,0.05825185775756836,-1.105626106262207,-0.9186487197875977,0.029727697372436523,-0.350286602973938,0.2396242618560791,1.4814378023147583,2.9566431045532227,1.7776644229888916,-2.1370174884796143,-1.3630893230438232,0.30712890625,0.11552095413208008,1.4097864627838135,0.7479760646820068,-2.9215121269226074,-0.9038469791412354,3.235491991043091,0.38691186904907227,-2.5410823822021484,-0.976900577545166,1.1353538036346436,0.5683621168136597,0.20989656448364258,1.8317244052886963,2.7170188426971436,0.2962266206741333,-5.093660354614258,-3.140753746032715,2.4441463947296143,1.6702182292938232,-6.758735980838537e-05,-0.0009134719148278236,0.00013122591190040112,-0.00047011906281113625,0.00032833151635713875,0.001400465378537774,-0.0006832678336650133,0.0006473760004155338,-0.0008010570891201496,7.019646000117064e-05,-0.0006137301097624004,0.00042351119918748736,-6.432487862184644e-05,-0.00012045093899359927,-5.533807416213676e-05,0.0017248046351596713,0.0014801225624978542,0.002072296803817153,0.0015557465376332402,-0.0008458845550194383,0.0001988132717087865,0.0004433528520166874,0.00019710560445673764,0.0018705844413489103,-0.0010115993209183216,-0.0007530893781222403,-0.0001177892554551363,-0.0005771795404143631,0.00018732697935774922,0.00035331473918631673,0.000549405231140554,-0.0005439621163532138,8.986804459709674e-06,0.0018452556105330586,0.0015354605857282877,0.00034749216865748167,7.562397513538599e-05,-0.0005165502661839128,0.0010446978267282248,0.0012892374070361257,-1.70766725204885e-06,0.001427231589332223,-0.0012087048962712288,-0.0026236737612634897,0.0008938100654631853,0.00017590983770787716,0.0003051162348128855,0.0009304942796006799,0.00036207825178280473,-0.0008972768555395305,-0.0005404184339568019,0.0023892177268862724,0.0015264737885445356,-0.001497763441875577,-0.0014598366105929017,-0.0008640424348413944,-0.0005921742413192987,-23766044.0,-20963638.0,-21738072.0,-30957806.0,-26845030.0,-15619000.0,-24600088.0,-27618332.0,-25250814.0,-18858590.0,-17378838.0,-18836232.0,-14205800.0,-20484834.0,-26594672.0,-46098336.0,-41175988.0,-28449630.0,-30522556.0,2802406.0,2027972.0,-9994168.0,-5106958.0,15338806.0,2244942.0,-11999332.0,-650726.0,8759742.0,7871976.0,22358.0,3173038.0,-1648602.0,-12388872.0,-25613502.0,-14581316.0,17648706.0,10653432.0,-2072926.0,-774434.0,-12796574.0,-7134930.0,25332974.0,7351900.0,-27338138.0,-2895668.0,20759074.0,8522702.0,-8737384.0,-4698938.0,-1670960.0,-15561910.0,-23964900.0,-2192444.0,43262208.0,25234748.0,-19721632.0,-12726358.0,0.03701140731573105,0.0075301374308764935,0.01042582280933857,0.027834534645080566,0.023071492090821266,0.004996278323233128,0.021209822967648506,0.023772774264216423,0.014712181873619556,0.010273026302456856,0.006605498027056456,0.00696473428979516,0.0031313844956457615,0.006262254901230335,0.013881896622478962,0.13654977083206177,0.13494710624217987,0.018891194835305214,0.016958734020590782,-0.029481269419193268,-0.02658558450639248,0.020304396748542786,0.012645669281482697,-0.022838257253170013,-0.00186166912317276,0.01877649500966072,-0.00649764109402895,-0.013499747961759567,-0.008106684312224388,-0.0033082920126616955,-0.003474113531410694,-0.0007024793885648251,0.010750511661171913,0.1302875131368637,0.12106520682573318,-0.1176585778594017,-0.11798837035894394,-0.0019324608147144318,0.002895684912800789,0.04978566616773605,0.039231255650520325,-0.0431426540017128,-0.014507338404655457,0.041614752262830734,-0.00463597197085619,-0.03227624297142029,-0.0016090432181954384,0.010191455483436584,0.004632570780813694,0.0026058126240968704,0.014224625192582607,0.13098999857902527,0.11031469702720642,-0.24794608354568481,-0.23905357718467712,0.11572611331939697,0.11605590581893921,0.006186473183333874,0.04302410036325455,-0.00896173994988203,0.0018723064567893744,0.0235979612916708,0.013846943154931068,0.00562025373801589,-0.020954545587301254,0.02098224312067032,0.03545013442635536,-0.0043185800313949585,-0.012635252438485622,0.01778475008904934,0.030055861920118332,-0.007920430973172188,-0.010767561383545399,0.015798024833202362,0.021967042237520218,0.015124114230275154,0.0368376262485981,-0.015148213133215904,-0.04115179553627968,0.032559700310230255,0.01197463646531105,-0.017977707087993622,-0.03480149060487747,0.015361988916993141,0.056404680013656616,-0.025300823152065277,-0.04808538779616356,0.022103330120444298,0.04269111528992653,-0.025705181062221527,-0.040823422372341156,0.02371845580637455,0.03273460268974304,-0.000673910602927208,-0.006842928007245064,-0.051985837519168854,-0.07798942178487778,0.04770791530609131,0.05312643200159073,-0.05053740739822388,-0.04677612707018852,0.033339694142341614,0.09120617061853409,-0.04066281020641327,-0.10449007153511047,0.047404155135154724,0.09077650308609009,-0.047808513045310974,-0.08351454138755798,0.04942363500595093,0.0735580250620842,-0.024392366409301758,-0.03957752883434296,-0.006169017404317856,0.338481068611145,0.3102914094924927,0.3284173607826233,0.38249942660331726,0.35743841528892517,0.27807140350341797,0.3426142632961273,0.3615855276584625,0.3434125781059265,0.29250141978263855,0.29124701023101807,0.30174705386161804,0.2652304470539093,0.3117373585700989,0.3571587800979614,0.4608922302722931,0.4406778812408447,0.3605712056159973,0.37766921520233154,-0.028189659118652344,-0.010063707828521729,0.07220801711082458,0.02902105450630188,-0.10442802309989929,-0.014824151992797852,0.08351412415504456,0.0007983148097991943,-0.06908410787582397,-0.05216556787490845,0.009245634078979492,-0.026016563177108765,0.009990304708480835,0.09192833304405212,0.1491548717021942,0.0835191011428833,-0.10032102465629578,-0.06300866603851318,0.01709800958633423,0.018125951290130615,0.10039767622947693,0.03908476233482361,-0.17663604021072388,-0.04384520649909973,0.18794214725494385,0.015622466802597046,-0.15259823203086853,-0.05296388268470764,0.07832974195480347,0.026149004697799683,0.0007446706295013428,0.11794489622116089,0.13916456699371338,-0.008409231901168823,-0.24947589635849,-0.14652776718139648,0.11741903424263,0.08010667562484741,0.11456944048404694,0.09628076106309891,0.10785795748233795,0.14630581438541412,0.12776222825050354,0.07732370495796204,0.11738453060388565,0.1307440847158432,0.11793220788240433,0.08555708080530167,0.0848248153924942,0.09105128049850464,0.07034718990325928,0.09718017280101776,0.12756238877773285,0.21242165565490723,0.19419699907302856,0.13001160323619843,0.14263403415679932,-0.01828867942094803,-0.006711483001708984,0.050025053322315216,0.01990427076816559,-0.06898210942745209,-0.01037769764661789,0.053420379757881165,0.0005476772785186768,-0.045187003910541534,-0.033107392489910126,0.005494199693202972,-0.014477625489234924,0.0061288923025131226,0.05721519887447357,0.11524148285388947,0.06663461029529572,-0.0824100524187088,-0.05156296491622925,0.012622430920600891,0.011577196419239044,0.06831373274326324,0.026615753769874573,-0.1190071627497673,-0.030281968414783478,0.12240248918533325,0.010925374925136566,-0.0986073836684227,-0.0336550697684288,0.05068120360374451,0.0186297670006752,0.0006346926093101501,0.0716928243637085,0.10911259055137634,0.009419411420822144,-0.19765153527259827,-0.11819757521152496,0.09503248333930969,0.06418539583683014,-0.4415418803691864,-0.26780274510383606,-0.2544991672039032,0.055043771862983704,0.12148856371641159,0.17878250777721405,-0.32428592443466187,-0.1453304886817932,0.10368114709854126,0.2439292073249817,-0.041499022394418716,-0.10521616786718369,-0.07543925195932388,0.04355968162417412,0.1305844783782959,-0.21471154689788818,-0.42717474699020386,0.08185241371393204,0.06400973349809647,0.17373913526535034,0.1870427131652832,0.32284653186798096,0.3759877383708954,0.12373873591423035,-0.44577449560165405,-0.32411301136016846,0.4279670715332031,0.3892596960067749,-0.14518016576766968,-0.34914538264274597,-0.03394022956490517,0.1487758457660675,0.20602372288703918,-0.2582712173461914,-0.5577592253684998,0.2965639531612396,0.4911844730377197,-0.01784268021583557,0.013303577899932861,0.14910739660263062,0.18894502520561218,-0.1991077959537506,-0.821762204170227,-0.4478517472743988,0.8737415671348572,0.7133727073669434,-0.5731472373008728,-0.7384051084518433,0.11123993992805481,0.4979212284088135,0.23996394872665405,-0.4070470631122589,-0.7637829780578613,0.5548352003097534,1.0489437580108643,-0.3144066333770752,-0.5090271234512329,3.567213535308838,2.458580493927002,2.4024267196655273,2.5222055912017822,2.581796884536743,2.631826162338257,2.899088144302368,2.493176221847534,2.467716932296753,2.881110668182373,2.784996271133423,2.5131819248199463,2.4713737964630127,2.0803139209747314,2.2069602012634277,2.8851161003112793,3.4898123741149902,2.4373226165771484,2.0876123905181885,-1.108633041381836,-1.1647868156433105,0.06362509727478027,0.17937016487121582,0.10962057113647461,0.317291259765625,-0.13864994049072266,-0.43137121200561523,0.38793444633483887,0.3172793388366699,-0.36792874336242676,-0.31362247467041016,-0.43286800384521484,-0.26441359519958496,0.8048021793365479,1.2828521728515625,-0.44779348373413086,-1.4021999835968018,-0.34971022605895996,-0.05615377426147461,1.1722581386566162,1.3441569805145264,0.045995473861694336,0.13792109489440918,-0.24827051162719727,-0.7486624717712402,0.5265843868255615,0.7486505508422852,-0.7558631896972656,-0.6309018135070801,-0.06493926048278809,0.049208879470825195,1.2376701831817627,1.5472657680511475,-1.2525956630706787,-2.6850521564483643,0.0980832576751709,1.0524897575378418,6.266686916351318,43.462825775146484,-8.897829055786133,2.0572400093078613,23.650531768798828,13.589006423950195,5.882730484008789,-20.992841720581055,21.27109718322754,35.4948616027832,-4.1183552742004395,-12.71259880065918,17.806720733642578,30.094982147216797,-7.568631649017334,-11.077380180358887,15.935249328613281,21.5900821685791,14.866421699523926,37.19614028930664,-15.16451644897461,-41.40558624267578,32.548362731933594,11.531766891479492,-17.76780128479004,-34.58184814453125,15.38836669921875,56.487701416015625,-25.38945198059082,-48.20745849609375,21.92507553100586,42.807579040527344,-25.37535285949707,-41.17236328125,23.503881454467773,32.66746139526367,-1.0688276290893555,-6.723660469055176,-52.36065673828125,-78.60173034667969,47.7128791809082,52.937355041503906,-50.316162109375,-46.113616943359375,33.156166076660156,91.06954956054688,-40.77781677246094,-104.69515991210938,47.31452941894531,91.0150375366211,-47.30043029785156,-83.97994232177734,48.879234313964844,73.83982849121094,-24.572708129882812,-39.39112091064453,-5.65483283996582,0.035988982766866684,0.09901106357574463,0.01786746457219124,0.014629538170993328,0.04500466585159302,0.021493706852197647,0.041809000074863434,-0.00953509472310543,0.038908421993255615,0.06570476293563843,0.008758125826716423,-0.006822098977863789,0.04567846655845642,0.05773192644119263,-0.040989942848682404,-0.01750038005411625,0.04508398845791817,0.03383846580982208,0.0,0.06302207708358765,-0.018121518194675446,-0.08438152819871902,0.02713720127940178,0.006864168681204319,-0.0031956657767295837,-0.031028801575303078,-0.0029005780816078186,0.07523985952138901,-0.030150296166539192,-0.07252686470746994,0.03692033886909485,0.06455402821302414,-0.08666840940713882,-0.07523230463266373,0.08607393503189087,0.05133884400129318,-0.04508398845791817,-0.03383846580982208,-0.08114359527826309,-0.14740359783172607,0.045258719474077225,0.09124569594860077,-0.030332867056131363,-0.03789297118782997,0.00029508769512176514,0.10626865923404694,-0.027249718084931374,-0.14776672422885895,0.06707063317298889,0.13708089292049408,-0.12358874827623367,-0.13978633284568787,0.1727423369884491,0.1265711486339569,-0.13115791976451874,-0.08517730981111526,0.011245522648096085
-0.05869507044553757,0.01662619784474373,0.020664844661951065,0.013105694204568863,-0.010655106045305729,-0.08624525368213654,0.031562648713588715,0.0323190838098526,-0.06936667114496231,0.020049847662448883,0.007354810833930969,-0.0459248423576355,0.014047295786440372,-0.02731531672179699,0.012685910798609257,-0.007800845894962549,-0.09213168919086456,0.020244043320417404,0.06568563729524612,0.0753212720155716,0.07935991883277893,-0.0035205036401748657,-0.03131994977593422,-0.0993509441614151,0.04221775382757187,0.11856433749198914,-0.10092931985855103,-0.012269236147403717,0.07672148197889328,-0.06597469002008438,0.006692484952509403,0.01860952563583851,-0.0013613849878311157,0.019514471292495728,-0.10481759905815125,0.028044888749718666,0.15781733393669128,0.04544159397482872,0.004038646817207336,-0.07884177565574646,-0.11067986488342285,-0.09583044052124023,0.07353770732879639,0.21791528165340424,-0.1431470811367035,-0.13083356618881226,0.1776508092880249,-0.053705453872680664,-0.07002899795770645,0.08458421379327774,-0.008053869940340519,0.0009049456566572189,-0.10345621407032013,0.008530417457222939,0.26263493299484253,0.017396705225110054,-0.11237573623657227,0.2023974359035492,0.20586515963077545,0.2588173449039459,0.24302421510219574,0.15549318492412567,0.19297687709331512,0.2442251592874527,0.2751331925392151,0.23635251820087433,0.18459303677082062,0.21642611920833588,0.25416120886802673,0.23426403105258942,0.22937773168087006,0.2265566736459732,0.2455993890762329,0.288530558347702,0.25203266739845276,0.26487037539482117,0.0034677237272262573,0.05641990900039673,0.03715905547142029,-0.10332415997982025,-0.050047338008880615,0.08873197436332703,0.08215631544589996,-0.00787264108657837,-0.09054015576839447,-0.019926398992538452,0.06956817209720612,0.01783791184425354,-0.024783477187156677,-0.007707357406616211,0.016221657395362854,0.06197388470172882,0.006433278322219849,-0.02366018295288086,0.012837707996368408,0.05295218527317047,0.03369133174419403,-0.15974406898021698,-0.0872063934803009,0.19205613434314728,0.13220365345478058,-0.0966046154499054,-0.17269647121429443,-0.012053757905960083,0.16010832786560059,0.03776431083679199,-0.09435164928436279,-0.02554526925086975,0.04100513458251953,0.06968124210834503,-0.009788379073143005,-0.08563406765460968,0.00640442967414856,0.03649789094924927,0.5523505806922913,0.569922924041748,0.7677342891693115,0.7677342891693115,0.42082759737968445,0.3333956301212311,0.9127728343009949,0.9127728343009949,0.6333796381950378,0.6922286152839661,0.6922286152839661,0.645476758480072,0.6886929869651794,0.6886929869651794,0.7608529329299927,0.7608529329299927,0.7264768481254578,0.8339205980300903,0.8461854457855225,0.017572343349456787,0.21538370847702026,0.19781136512756348,-0.3469066917896271,-0.43433865904808044,0.4919452369213104,0.5793771743774414,-0.27939319610595703,-0.2205442190170288,0.05884897708892822,-0.04675185680389404,-0.003535628318786621,0.04321622848510742,0.07215994596481323,0.07215994596481323,-0.03437608480453491,0.07306766510009766,0.1197085976600647,0.012264847755432129,0.19781136512756348,0.1802390217781067,-0.5622904300689697,-0.6321500539779663,0.8388519287109375,1.0137158632278442,-0.7713384628295898,-0.7999213933944702,0.33824217319488525,0.17379236221313477,-0.062384605407714844,0.08996808528900146,0.07569557428359985,0.02894371747970581,-0.10653603076934814,0.0009077191352844238,0.1540846824645996,-0.06080281734466553,-0.10744374990463257,0.6139939427375793,0.6139939427375793,0.8523790240287781,0.8523790240287781,0.63158118724823,0.6340941786766052,0.9127728343009949,0.9127728343009949,0.7631032466888428,0.6922286152839661,0.748501718044281,0.748501718044281,0.6886929869651794,0.8298215270042419,0.8298215270042419,0.7938917875289917,0.7938917875289917,0.8339205980300903,0.8461854457855225,0.0,0.23838508129119873,0.23838508129119873,-0.2207978367805481,-0.21828484535217285,0.2811916470527649,0.27867865562438965,-0.1496695876121521,-0.2205442190170288,-0.014601528644561768,0.05627310276031494,-0.05980873107910156,0.08131980895996094,0.1411285400390625,-0.035929739475250244,-0.035929739475250244,0.04002881050109863,0.05229365825653076,0.012264847755432129,0.23838508129119873,0.23838508129119873,-0.4591829180717468,-0.4566699266433716,0.501989483833313,0.4969635009765625,-0.430861234664917,-0.49922287464141846,0.13506805896759033,0.27681732177734375,-0.045207202434539795,0.025046706199645996,0.20093727111816406,-0.11724954843521118,-0.17705827951431274,0.07595854997634888,0.088223397731781,-0.027763962745666504,-0.04002881050109863,-0.6139939427375793,-0.6139939427375793,-0.8523790240287781,-0.8523790240287781,-0.63158118724823,-0.6340941786766052,-0.6841475367546082,-0.7631032466888428,-0.7631032466888428,-0.6546743512153625,-0.748501718044281,-0.748501718044281,-0.6801244616508484,-0.8298215270042419,-0.8298215270042419,-0.7938917875289917,-0.7938917875289917,-0.6126381754875183,-0.6619241237640381,0.0,-0.23838508129119873,-0.23838508129119873,0.2207978367805481,0.21828484535217285,-0.052566349506378174,-0.12900906801223755,-0.07895570993423462,0.10842889547348022,0.014601528644561768,-0.09382736682891846,0.06837725639343262,-0.08131980895996094,-0.14969706535339355,0.035929739475250244,0.035929739475250244,0.1812536120414734,0.1319676637649536,-0.049285948276519775,-0.23838508129119873,-0.23838508129119873,0.4591829180717468,0.4566699266433716,-0.27336418628692627,-0.3472939133644104,-0.026389360427856445,0.23743796348571777,0.09355723857879639,-0.20225626230239868,0.05377572774887085,0.01250755786895752,-0.21807432174682617,0.11724954843521118,0.1856268048286438,0.14532387256622314,0.09603792428970337,-0.23053956031799316,-0.1812536120414734,0.0014372827718034387,0.0004503235686570406,0.0004503235686570406,6.210198625922203e-05,6.210198625922203e-05,0.0001248797052539885,0.000571136362850666,0.0009838982950896025,0.00011173868551850319,0.00011173868551850319,0.0002291467972099781,0.0012233271263539791,0.00020441797096282244,0.00013025535736232996,0.00013025535736232996,8.628983050584793e-05,8.628983050584793e-05,0.002383412327617407,0.0,-0.000986959203146398,-0.000986959203146398,-0.00038822158239781857,-0.00038822158239781857,6.277771899476647e-05,0.000509034376591444,0.000859018589835614,-0.00045939767733216286,-0.0008721596095710993,0.00011740811169147491,0.001111588440835476,-2.4728826247155666e-05,-0.0010930717689916492,-7.416261360049248e-05,-4.396552685648203e-05,-4.396552685648203e-05,0.002297122497111559,-8.628983050584793e-05,-0.002383412327617407,0.0,0.0005987376207485795,0.0005987376207485795,0.00045099930139258504,0.0008972559589892626,0.0007962408708408475,-0.0009684320539236069,-0.0017311782576143742,0.0005768057890236378,0.001983748050406575,-0.00014213693793863058,-0.002204660326242447,-4.943378735333681e-05,0.0010491062421351671,3.019708674401045e-05,0.002341087907552719,-4.23243036493659e-05,-0.004680534824728966,-0.002297122497111559,-0.061643362045288086,-0.0440710186958313,-0.08464473485946655,-0.08464473485946655,-0.21075358986854553,-0.30069854855537415,0.22862529754638672,0.1496695876121521,-0.12972360849380493,0.037554264068603516,-0.05627310276031494,-0.10302495956420898,0.008568525314331055,-0.1411285400390625,-0.06896859407424927,-0.03303885459899902,-0.06741493940353394,0.22128242254257202,0.18426132202148438,0.017572343349456787,-0.023001372814178467,-0.040573716163635254,-0.12610885500907898,-0.2160538136959076,0.43937888741493225,0.45036813616752625,-0.35834890604019165,-0.11211532354354858,0.07345050573348999,-0.1405792236328125,0.064841628074646,-0.038103580474853516,-0.07753711938858032,0.10808968544006348,0.001553654670715332,0.25432127714157104,0.2516762614250183,-0.037021100521087646,-0.040573716163635254,-0.05814605951309204,-0.10310748219490051,-0.17548009753227234,0.5654877424240112,0.6664219498634338,-0.7977278232574463,-0.5624834299087524,0.43179941177368164,-0.028463900089263916,-0.008608877658843994,0.10247564315795898,-0.14237874746322632,0.146193265914917,0.07909077405929565,0.14623159170150757,0.250122606754303,-0.2913423776626587,-0.28869736194610596,1.1663445234298706,1.1839168071746826,1.6201133728027344,1.6201133728027344,1.0524088144302368,0.9674898386001587,1.596920371055603,1.6758761405944824,1.3964829444885254,1.3469029664993286,1.440730333328247,1.393978476524353,1.3688174486160278,1.5185145139694214,1.5906744003295898,1.5547447204589844,1.5203685760498047,1.4465587139129639,1.5081095695495605,0.01757228374481201,0.45376884937286377,0.43619656562805176,-0.5677045583724976,-0.6526235342025757,0.5445115566253662,0.7083863019943237,-0.20043742656707764,-0.3289731740951538,0.04424738883972168,0.047075510025024414,-0.07191288471221924,0.12453603744506836,0.221856951713562,0.03623020648956299,-0.07030582427978516,-0.10818600654602051,-0.01225900650024414,0.06155085563659668,0.43619656562805176,0.41862428188323975,-1.0214734077453613,-1.0888200998306274,1.1122161149978638,1.3610098361968994,-0.7449489831924438,-1.0373594760894775,0.24468481540679932,0.3760486841201782,-0.11616027355194092,0.07746052742004395,0.29376983642578125,-0.08830583095550537,-0.29216277599334717,-0.1444162130355835,0.058046817779541016,0.1697368621826172,0.07380986213684082,0.3883829712867737,0.39311617612838745,0.47176992893218994,0.48702767491340637,0.33466070890426636,0.23850877583026886,0.586961030960083,0.5542752742767334,0.409606009721756,0.4928952157497406,0.460610955953598,0.41133734583854675,0.45074009895324707,0.4461822211742401,0.4958014488220215,0.4801589548587799,0.4352470934391022,0.5301385521888733,0.5176781415939331,0.0047332048416137695,0.08338695764541626,0.09391149878501892,-0.13710922002792358,-0.2485188990831375,0.25230032205581665,0.31576651334762573,-0.17735502123832703,-0.0613800585269928,0.05100494623184204,-0.08155786991119385,-0.009870857000350952,0.03484487533569336,0.045061349868774414,0.033976733684539795,-0.06055435538291931,0.049979597330093384,0.08243104815483093,-0.012460410594940186,0.07865375280380249,0.08917829394340515,-0.22049617767333984,-0.3424304127693176,0.38940954208374023,0.564285397529602,-0.4296553432941437,-0.37714657187461853,0.22835996747016907,-0.02017781138420105,-0.06087580323219299,0.11640274524688721,0.054932206869125366,-0.0008681416511535645,-0.10561570525169373,0.01600286364555359,0.14298540353775024,-0.06244000792503357,-0.09489145874977112,0.0547625869512558,0.10843544453382492,0.025866152718663216,0.22809754312038422,0.12841838598251343,0.023571684956550598,0.06207061931490898,0.09627781808376312,0.05457228794693947,0.1544756442308426,0.04175138100981712,0.20355434715747833,0.03141755610704422,0.5979774594306946,0.09461238235235214,0.19025540351867676,0.1286575049161911,0.3581230640411377,0.08909076452255249,0.05367285758256912,-0.028896434232592583,0.1196620985865593,0.10255223512649536,-0.20452585816383362,-0.06634776294231415,0.07270613312721252,-0.007498331367969513,0.05819782614707947,-0.012820906937122345,0.04907870292663574,-0.010333824902772903,0.39442312717437744,0.06319482624530792,-0.4077220559120178,0.03404512256383896,0.16786766052246094,-0.03956674039363861,-0.2690322995185852,-0.08256929367780685,0.06598924100399017,0.1314486712217331,-0.3241879642009735,-0.1688999980688095,0.27723199129104614,0.058849431574344635,-0.014508306980133057,-0.005322575569152832,-0.009119123220443726,0.0024870820343494415,0.3453444242477417,0.07352864742279053,-0.8021451830863953,-0.029149703681468964,0.5755897164344788,-0.07361186295747757,-0.43689996004104614,-0.2294655591249466,1.6888407468795776,1.8236894607543945,2.8952951431274414,2.549173355102539,1.0322102308273315,1.5761312246322632,2.414259195327759,3.036121129989624,2.3602676391601562,1.6060161590576172,2.105868101119995,2.503225803375244,2.249925136566162,2.3432774543762207,2.289506196975708,2.602752447128296,3.2041566371917725,2.527618408203125,2.9470877647399902,0.1348487138748169,1.2064543962478638,0.7254838943481445,-1.8630849123001099,-0.9730421304702759,1.3820489645004272,1.4599899053573608,-0.05399155616760254,-1.4301049709320068,-0.25439953804016113,0.897209644317627,0.144057035446167,-0.15994834899902344,0.0395810604095459,0.2594749927520752,0.9146504402160645,-0.0751340389251709,-0.2570688724517822,0.41946935653686523,1.0716056823730469,0.5906351804733276,-3.0695393085479736,-1.6985260248184204,3.245133876800537,2.4330320358276367,-1.4360405206680298,-2.890094757080078,-0.2004079818725586,2.327314615249634,0.3984565734863281,-1.0571579933166504,-0.1044759750366211,0.41942334175109863,0.8750693798065186,-0.3346090316772461,-1.1717193126678467,0.49460339546203613,0.6765382289886475,0.00026474747573956847,-0.00014615403779316694,0.00018582917982712388,-0.00036443161661736667,0.00039745273534208536,0.0002687341475393623,-1.58850980369607e-05,-3.0153567422530614e-05,2.8625056074815802e-05,0.00010446687520015985,5.608001629298087e-06,0.002553661121055484,0.0002840615052264184,0.0015938285505399108,0.000601164239924401,-0.000772693834733218,0.00048192660324275494,-0.0008697867160663009,0.0001932827290147543,-0.0004109014989808202,-7.891829591244459e-05,-0.00021827757882419974,0.00021162355551496148,0.000633165764156729,-0.00041333783883601427,-0.00029888772405683994,4.45101541117765e-05,0.00013462043716572225,-2.3017055355012417e-05,0.0024491942021995783,0.0002784535172395408,-0.000959832570515573,0.00031710273469798267,-0.002366522327065468,-0.00011923763668164611,-9.709288133308291e-05,-0.00028864387422800064,0.0010630694450810552,0.0003319832030683756,0.00019262392015662044,0.00029054185142740607,0.0008514433284290135,-0.0006249613943509758,-0.0009320534882135689,0.00045784798567183316,0.0004335081612225622,-6.752720946678892e-05,0.0023145738523453474,0.00030147057259455323,-0.0034090266562998295,3.8649217458441854e-05,-0.0014066897565498948,-0.0004363403713796288,0.002269429387524724,-0.00016940623754635453,0.0011601622682064772,0.0013517133193090558,-12803808.0,-14203190.0,-23577130.0,-20285328.0,-7053753.0,-11499998.0,-18751646.0,-23902812.0,-18165080.0,-11616011.0,-16024684.0,-19432508.0,-17228676.0,-18538896.0,-18121556.0,-20867610.0,-25542498.0,-19701236.0,-24024950.0,-1399382.0,-10773322.0,-6082138.0,16523377.0,8785330.0,-11697893.0,-12402814.0,586566.0,12286801.0,2140396.0,-7816497.0,-1203992.0,893612.0,-892880.0,-2328714.0,-7420942.0,1166374.0,1517548.0,-4323714.0,-9373940.0,-4682756.0,27296700.0,14867468.0,-28221270.0,-21188144.0,12284459.0,24689616.0,1553830.0,-20103298.0,-3344388.0,8710109.0,311112.0,-3222326.0,-6528062.0,3495088.0,8938490.0,-5490088.0,-5841262.0,0.0023871862795203924,0.0029847014229744673,0.014604378491640091,0.013503249734640121,0.0011465632123872638,0.0025321864522993565,0.011551052331924438,0.016851963475346565,0.00817246362566948,0.003953913226723671,0.00672207260504365,0.007124785799533129,0.006055320613086224,0.010564588010311127,0.011140512302517891,0.012254593893885612,0.013044253922998905,0.009664788842201233,0.017605634406208992,0.0005975151434540749,0.012217191979289055,0.01051854807883501,-0.013457815162837505,-0.010971063748002052,0.010404489003121853,0.014319777488708496,-0.003378588706254959,-0.012898050248622894,-0.0014503910206258297,0.0031708725728094578,-0.0006667519919574261,0.003439802210777998,0.005085191689431667,0.0016900058835744858,0.0019037416204810143,-0.0025898050516843796,0.004561380483210087,0.007940845564007759,0.01161967683583498,0.009921032935380936,-0.025675006210803986,-0.021489612758159637,0.023862304165959358,0.02529084123671055,-0.013783077709376812,-0.02721782773733139,0.0019281976856291294,0.016068922355771065,0.0007836390286684036,0.0002689296379685402,0.005751943681389093,-0.0017497963272035122,-0.003181450068950653,-0.004279810935258865,0.0026576388627290726,0.010530650615692139,0.0033794650807976723,-0.029402434825897217,0.008269356563687325,0.010418078862130642,0.006461550481617451,-0.005258703138679266,-0.0432329922914505,0.015835296362638474,0.016202090308070183,-0.034818291664123535,0.010066821239888668,0.0036917519755661488,-0.022635284811258316,0.007111236918717623,-0.013509560376405716,0.0065003931522369385,-0.004197578877210617,-0.046141367405653,0.009837418794631958,0.03301876038312912,0.03767178952693939,0.03982051461935043,-0.0018078060820698738,-0.01567678153514862,-0.04969454184174538,0.021093999966979027,0.05943508446216583,-0.05065358802676201,-0.006135269068181515,0.0385100431740284,-0.03270210698246956,0.003419484943151474,0.0091257244348526,-0.0006108437664806843,0.009311981499195099,-0.05264176055788994,0.014034997671842575,0.07916012406349182,0.023181341588497162,0.0021487250924110413,-0.03947959467768669,-0.055497296154499054,-0.04788673669099808,0.0367707833647728,0.10912962257862091,-0.07174758613109589,-0.06557035446166992,0.0891636312007904,-0.02656683698296547,-0.03509055823087692,0.04182783141732216,-0.004030328709632158,0.00018625706434249878,-0.05203091725707054,0.004723016172647476,0.13180188834667206,0.009146343916654587,-0.05597878247499466,0.24616222083568573,0.2624592185020447,0.330716997385025,0.3106493651866913,0.19756506383419037,0.22873647511005402,0.30093270540237427,0.33778056502342224,0.29101523756980896,0.24597565829753876,0.2825049161911011,0.304662823677063,0.2917683720588684,0.2968488037586212,0.29439130425453186,0.3140798807144165,0.33616915345191956,0.30894508957862854,0.3277842700481415,0.016296997666358948,0.0845547765493393,0.048190146684646606,-0.13315193355083466,-0.08191289007663727,0.1033676415681839,0.10904408991336823,-0.009917467832565308,-0.09180490672588348,-0.008510321378707886,0.05868716537952423,0.009263455867767334,-0.007814019918441772,0.002622932195663452,0.017231076955795288,0.041777849197387695,-0.005134791135787964,-0.008384883403778076,0.01883918046951294,0.06825777888298035,0.03189314901828766,-0.21770671010017395,-0.13010303676128387,0.23651957511901855,0.1909569799900055,-0.1132851094007492,-0.2008489966392517,0.0014071464538574219,0.15049207210540771,0.01777377724647522,-0.066501185297966,-0.006640523672103882,0.02504509687423706,0.03915491700172424,-0.022365868091583252,-0.05016273260116577,0.023973971605300903,0.027224063873291016,0.060595836490392685,0.06888483464717865,0.10937372595071793,0.09650302678346634,0.03903195261955261,0.05232037603855133,0.09056048840284348,0.11409571766853333,0.08468986302614212,0.06050402671098709,0.0798090249300003,0.09281942993402481,0.0851287841796875,0.08811921626329422,0.08666623383760452,0.09864617139101028,0.11300969123840332,0.09544706344604492,0.10744252055883408,0.008288998156785965,0.04877788946032524,0.02761819213628769,-0.07034177333116531,-0.04418265074491501,0.05152853578329086,0.061775341629981995,-0.005870625376701355,-0.053591690957546234,-0.004880838096141815,0.03231540322303772,0.005319759249687195,-0.004700213670730591,0.0015374496579170227,0.010526955127716064,0.026343457400798798,-0.0031991079449653625,-0.005567170679569244,0.011995457112789154,0.040488891303539276,0.019329193979501724,-0.11911965906620026,-0.0718008428812027,0.12187030911445618,0.105957992374897,-0.05739916115999222,-0.11536703258752823,0.0009897872805595398,0.08590709418058395,0.01020059734582901,-0.03701561689376831,-0.003782309591770172,0.015227168798446655,0.024806007742881775,-0.013726063072681427,-0.03191062808036804,0.015194565057754517,0.0175626277923584,0.013393216766417027,-0.13917586207389832,-0.237240269780159,-0.3064107596874237,-0.4492959678173065,-0.3416820168495178,-0.05294633284211159,-0.2839491367340088,-0.2249879539012909,-0.22432278096675873,-0.07812172174453735,-0.04405646771192551,-0.3560622036457062,-0.49267274141311646,-0.4754343032836914,-0.3330717980861664,0.14679816365242004,0.19018521904945374,0.29277458786964417,-0.15256908535957336,-0.25063347816467285,-0.1672348976135254,-0.21205569803714752,-0.035271257162094116,0.39634963870048523,0.05773288011550903,-0.1720416247844696,0.05962635576725006,0.14686623215675354,0.18026632070541382,-0.2779404819011688,-0.44861626625061035,-0.11937209963798523,0.15960094332695007,0.6222324371337891,0.5232570171356201,0.14597642421722412,0.10258936882019043,-0.09806439280509949,-0.014665812253952026,0.03857778012752533,0.13196364045143127,0.608405351638794,0.09300413727760315,-0.5683912634849548,0.0018934756517410278,0.31890785694122314,0.12063996493816376,-0.42480671405792236,-0.6288825869560242,0.1585683822631836,0.6082172393798828,0.7416045665740967,0.36365607380867004,-0.47625601291656494,-0.4206676483154297,-0.04338705539703369,2.590146541595459,2.698418378829956,2.8953137397766113,3.278991937637329,3.285586357116699,2.3788022994995117,3.043679714202881,2.8535914421081543,2.6331515312194824,3.6153011322021484,3.086334705352783,2.395246744155884,2.7573070526123047,3.059380292892456,3.46968674659729,2.998258352279663,2.3979990482330322,2.6609139442443848,2.741379737854004,0.10827183723449707,0.30516719818115234,0.580573558807373,0.3902726173400879,-0.9001896381378174,-0.24190664291381836,0.4747891426086426,-0.41052818298339844,0.7617096900939941,0.4531831741333008,-1.2200543880462646,-0.3290276527404785,0.6641335487365723,0.7123796939849854,-0.06112194061279297,-1.0716876983642578,-0.3373444080352783,0.3433806896209717,0.08046579360961914,0.19689536094665527,0.472301721572876,0.08510541915893555,-1.4807631969451904,-0.6321792602539062,1.37497878074646,-0.16862154006958008,0.28692054748535156,0.8637113571166992,-1.9817640781402588,-0.7822108268737793,1.884187936782837,1.0414073467254639,-0.7252554893493652,-1.7840673923492432,-0.27622246742248535,1.4150683879852295,0.41781020164489746,-0.26291489601135254,-29.46492576599121,8.346351623535156,10.373751640319824,6.579058647155762,-5.348863124847412,-43.29511642456055,15.844449996948242,16.224180221557617,-34.82206726074219,10.065023422241211,3.692115068435669,-23.054271697998047,7.0517425537109375,-13.712288856506348,6.3683271408081055,-3.916024684906006,-46.25010681152344,10.16250991821289,32.97418975830078,37.811279296875,39.83867645263672,-1.7672929763793945,-15.722614288330078,-49.874176025390625,21.193313598632812,59.51929473876953,-50.66651916503906,-6.159156799316406,38.514183044433594,-33.119293212890625,3.3596274852752686,9.3419828414917,-0.683415412902832,9.7962646484375,-52.61843490600586,14.078535079956055,79.22429656982422,22.81167984008789,2.0273971557617188,-39.57857131958008,-55.5612907409668,-48.10688400268555,36.91592788696289,109.39347076416016,-71.85983276367188,-65.67845153808594,89.18070220947266,-26.96013641357422,-35.15455627441406,42.46127700805664,-4.04304313659668,0.4542818069458008,-51.935020446777344,4.282270431518555,131.8427276611328,8.733144760131836,-56.41261672973633,-0.0606909804046154,0.027436979115009308,0.037638917565345764,0.05607951804995537,-0.0007636724039912224,-0.05720290541648865,0.06323014944791794,0.08100903034210205,-0.03851766139268875,0.04169812798500061,0.020351257175207138,-0.03395415097475052,0.045456692576408386,0.02254951372742653,0.058132775127887726,0.03908197954297066,-0.11401715874671936,0.019518371671438217,0.059857528656721115,0.08812795579433441,0.09832990169525146,0.02864253893494606,-0.03840259090065956,-0.11328242719173431,0.06399381905794144,0.1382119357585907,-0.10174781084060669,-0.03931090235710144,0.05886891856789589,-0.07565227895975113,0.025105435401201248,0.05650366470217705,0.01267608255147934,0.01653246581554413,-0.1721499264240265,-0.01956360787153244,0.17387469112873077,0.0403391569852829,0.010201945900917053,-0.05948541685938835,-0.13673248887062073,-0.14192496240139008,0.1023964136838913,0.2514943480491638,-0.16574162244796753,-0.17752283811569214,0.16061672568321228,-0.03634137660264969,-0.03376348316669464,0.13215593993663788,-0.012429352849721909,-0.03997119888663292,-0.18482601642608643,-0.03609607368707657,0.34602463245391846,0.05990276485681534,-0.13353553414344788
0.05940777808427811,0.0632234662771225,0.058649931102991104,0.04426247999072075,0.07485475391149521,0.06898301839828491,0.01867208443582058,0.01886766217648983,0.0957547277212143,0.076478973031044,-0.00918329693377018,0.06160712614655495,0.10443568974733353,0.02746499888598919,0.012012471444904804,0.07578303664922714,0.09334130585193634,0.03384415805339813,0.039863698184490204,0.003815688192844391,-0.0007578469812870026,-0.01896098628640175,0.016204822808504105,0.024720538407564163,-0.05618266761302948,-0.05011535435914993,0.07708264142274857,0.05761130899190903,-0.10493802279233932,-0.01487184688448906,0.11361898481845856,-0.03414212912321091,-0.092423215508461,0.048318035900592804,0.08132883161306381,-0.04193887859582901,-0.053477607667446136,0.0060195401310920715,-0.004573535174131393,-0.02277667447924614,0.016962669789791107,0.04368152469396591,-0.07238748669624329,-0.0748358964920044,0.13326531648635864,0.10772666335105896,-0.1820206642150879,-0.07248315215110779,0.21855700016021729,-0.019270282238721848,-0.20604220032691956,0.08246016502380371,0.1737520396709442,-0.09025691449642181,-0.13480643928050995,0.04795841872692108,0.05949714779853821,0.5939390659332275,0.5151092410087585,0.41666358709335327,0.3834554851055145,0.5117928385734558,0.5485503673553467,0.535207986831665,0.5849403142929077,0.5179610252380371,0.3726270794868469,0.4330334961414337,0.6001455187797546,0.49969354271888733,0.4093444347381592,0.5336475968360901,0.5557714700698853,0.5130875110626221,0.5196624994277954,0.5175028443336487,-0.078829824924469,-0.17727547883987427,-0.13165375590324402,0.09512925148010254,0.16509488224983215,0.02341514825820923,0.036389946937561035,-0.01724696159362793,-0.2123132348060608,-0.0849275290966034,0.22751843929290771,0.06666004657745361,-0.19080108404159546,0.03395405411720276,0.14642703533172607,-0.020560085773468018,-0.036108970642089844,0.004415333271026611,-0.0021596550941467285,-0.09844565391540527,-0.052823930978775024,0.2724047303199768,0.29674863815307617,-0.07171410322189331,-0.12870493531227112,-0.04066210985183716,-0.24870318174362183,-0.06768056750297546,0.4398316740989685,0.151587575674057,-0.4183195233345032,-0.032705992460250854,0.33722811937332153,-0.054514139890670776,-0.18253600597381592,0.02497541904449463,0.033949315547943115,-0.00657498836517334,1.734940767288208,1.871476173400879,1.871476173400879,1.3800339698791504,2.0021209716796875,2.0021209716796875,1.4797455072402954,1.8257356882095337,1.8257356882095337,1.1904066801071167,1.7587653398513794,1.8643361330032349,1.8643361330032349,1.2219659090042114,1.489231824874878,1.5470950603485107,2.0318453311920166,2.0318453311920166,1.7736643552780151,0.1365354061126709,0.1365354061126709,-0.4914422035217285,0.1306447982788086,0.6220870018005371,-0.5223754644393921,-0.1763852834701538,0.3459901809692383,-0.635329008102417,-0.0669703483581543,0.6739294528961182,0.10557079315185547,-0.6423702239990234,-0.37510430812835693,0.3251291513442993,0.5426135063171387,0.48475027084350586,-0.25818097591400146,-0.25818097591400146,0.0,-0.6279776096343994,-0.005890607833862305,1.1135292053222656,-0.6530202627182007,-0.7984722852706909,0.8683656454086304,-0.4589437246322632,-0.4129605293273926,1.3092584609985352,0.17254114151000977,-1.3162996768951416,-0.4806751012802124,0.9674993753433228,0.9177178144454956,0.15962111949920654,-0.8007944822311401,-0.7429312467575073,0.0,1.734940767288208,1.871476173400879,1.871476173400879,1.3800339698791504,2.0021209716796875,2.0021209716796875,1.4797455072402954,1.8257356882095337,1.8257356882095337,1.1904066801071167,1.7587653398513794,1.8643361330032349,1.8643361330032349,1.2219659090042114,1.489231824874878,1.5470950603485107,2.0318453311920166,2.0318453311920166,1.7736643552780151,0.1365354061126709,0.1365354061126709,-0.4914422035217285,0.1306447982788086,0.6220870018005371,-0.5223754644393921,-0.1763852834701538,0.3459901809692383,-0.635329008102417,-0.0669703483581543,0.6739294528961182,0.10557079315185547,-0.6423702239990234,-0.37510430812835693,0.3251291513442993,0.5426135063171387,0.48475027084350586,-0.25818097591400146,-0.25818097591400146,0.0,-0.6279776096343994,-0.005890607833862305,1.1135292053222656,-0.6530202627182007,-0.7984722852706909,0.8683656454086304,-0.4589437246322632,-0.4129605293273926,1.3092584609985352,0.17254114151000977,-1.3162996768951416,-0.4806751012802124,0.9674993753433228,0.9177178144454956,0.15962111949920654,-0.8007944822311401,-0.7429312467575073,0.0,-1.4063999652862549,-1.1716735363006592,-1.1716735363006592,-1.1440815925598145,-1.8774909973144531,-1.8774909973144531,-1.3171066045761108,-1.4405431747436523,-1.4405431747436523,-0.8008097410202026,-1.661597728729248,-1.661597728729248,-1.4124293327331543,-0.9001288414001465,-1.434426188468933,-1.434426188468933,-1.3738189935684204,-1.5507019758224487,-1.5507019758224487,0.2347264289855957,0.2347264289855957,0.027591943740844727,-0.705817461013794,-0.7334094047546387,0.5603843927383423,0.4369478225708008,-0.1234365701675415,0.6397334337234497,-0.2210545539855957,-0.8607879877090454,0.24916839599609375,0.7614688873291016,-0.02199685573577881,-0.5342973470687866,0.060607194900512695,-0.11627578735351562,-0.17688298225402832,0.0,0.0,-0.20713448524475098,-0.9405438899993896,-0.7610013484954834,1.2662018537521362,1.1703572273254395,-0.6838209629058838,0.20278561115264893,-0.0976179838180542,-1.5005214214324951,0.47022294998168945,1.622256875038147,-0.27116525173187256,-1.2957662343978882,0.0826040506362915,0.418021559715271,-0.23749017715454102,0.11627578735351562,0.17688298225402832,0.0003188785631209612,0.0003188785631209612,0.00011435302440077066,0.00011435302440077066,0.0005790552822872996,0.0005790552822872996,0.0012515122070908546,0.0012515122070908546,0.00372006231918931,0.0005588695639744401,0.0005588695639744401,0.0017104072030633688,0.0011855423217639327,0.0011855423217639327,0.002950094873085618,0.0004636122612282634,0.0004636122612282634,0.00294348387978971,0.0,0.0,-0.00020452553872019053,-0.00020452553872019053,0.00046470225788652897,0.00046470225788652897,0.000672456924803555,0.000672456924803555,0.0024685501120984554,-0.0006926426431164145,-0.003161192871630192,0.0011515376390889287,0.0006266727577894926,-0.0005248648812994361,0.0017645525513216853,-0.0007219300605356693,-0.0024864827282726765,0.0024798717349767685,-0.0004636122612282634,-0.00294348387978971,-0.00020452553872019053,-0.00020452553872019053,0.0006692277966067195,0.0006692277966067195,0.00020775466691702604,0.00020775466691702604,0.0017960931872949004,-0.0013650995679199696,-0.005629742983728647,0.0018441802822053432,0.0037878656294196844,-0.0016764025203883648,0.0011378797935321927,-0.00019706517923623323,-0.004251035396009684,0.003201801795512438,0.0020228703506290913,-0.005423355847597122,-0.0024798717349767685,0.3285408020019531,0.6998026371002197,0.6998026371002197,0.23595237731933594,0.12462997436523438,0.12462997436523438,0.16263890266418457,0.38519251346588135,0.38519251346588135,0.38959693908691406,0.09716761112213135,0.20273840427398682,0.45190680027008057,0.32183706760406494,0.054805636405944824,0.11266887187957764,0.6580263376235962,0.48114335536956787,0.2229623794555664,0.3712618350982666,0.3712618350982666,-0.4638502597808838,-0.5751726627349854,-0.11132240295410156,0.038008928298950195,0.260562539100647,0.22255361080169678,0.004404425621032715,-0.28802490234375,-0.18685853481292725,0.3547391891479492,0.11909866333007812,-0.39710116386413574,-0.2091681957244873,0.6032207012176514,0.36847448348999023,-0.4350639581680298,-0.25818097591400146,0.0,-0.8351120948791504,-0.946434497833252,0.3525278568267822,0.6131815910339355,0.37188494205474854,0.18454468250274658,-0.25615811347961426,-0.5105785131454468,-0.19126296043395996,0.6427640914916992,0.30595719814300537,-0.751840353012085,-0.32826685905456543,1.000321865081787,0.5776426792144775,-1.0382846593856812,-0.6266554594039917,0.17688298225402832,3.141340732574463,3.043149709701538,3.043149709701538,2.524115562438965,3.8796119689941406,3.8796119689941406,2.7968521118164062,3.2662787437438965,3.2662787437438965,1.9912164211273193,3.420362949371338,3.5259337425231934,3.2767653465270996,2.1220946311950684,2.9236578941345215,2.9815211296081543,3.4056644439697266,3.582547187805176,3.324366331100464,-0.0981910228729248,-0.0981910228729248,-0.5190341472625732,0.8364622592926025,1.3554964065551758,-1.0827598571777344,-0.6133332252502441,0.46942663192749023,-1.2750623226165771,0.1540842056274414,1.534717321395874,-0.14359760284423828,-1.403839111328125,-0.3531074523925781,0.8594264984130859,0.4820065498352051,0.6010260581970215,-0.0812981128692627,-0.2581808567047119,0.0,-0.42084312438964844,0.9346532821655273,1.874530553817749,-1.919222116470337,-1.96882963180542,1.5521864891052246,-0.661729097366333,-0.31534242630004883,2.809779644012451,-0.2976818084716797,-2.938556432723999,-0.20950984954833984,2.263265609741211,0.8351140022277832,-0.25840044021606445,-0.5633046627044678,-0.8592069149017334,-0.17688274383544922,0.7281548976898193,0.8294675350189209,0.8916338086128235,0.6961183547973633,0.8678894639015198,0.8486250042915344,0.6562497019767761,0.7667689323425293,0.8016272783279419,0.6208851337432861,0.8356123566627502,0.7702997326850891,0.831439733505249,0.6199498772621155,0.660426676273346,0.6638131737709045,0.8982411623001099,0.8901042938232422,0.7759557962417603,0.10131263732910156,0.16347891092300415,-0.13334918022155762,-0.02374434471130371,0.15250664949417114,-0.21163976192474365,-0.08185607194900513,0.14537757635116577,-0.14588379859924316,0.03398507833480835,0.14941459894180298,-0.004172623157501221,-0.15034985542297363,-0.17101305723190308,0.04386329650878906,0.23781448602676392,0.22629112005233765,-0.12228536605834961,-0.11414849758148193,0.06216627359390259,-0.23466181755065918,-0.18722325563430786,0.28585582971572876,-0.18789541721343994,-0.23436272144317627,0.3570173382759094,-0.06402772665023804,-0.11139249801635742,0.29529839754104614,-0.03815770149230957,-0.2997644543647766,-0.16684043407440186,0.1942131519317627,0.408827543258667,0.18242782354354858,-0.3600998520851135,-0.3404396176338196,0.008136868476867676,1.0484274625778198,0.21192073822021484,0.7266868352890015,0.15072046220302582,1.0775314569473267,0.06488798558712006,0.2652686834335327,0.08838318288326263,0.011153019033372402,0.3974302113056183,0.24031095206737518,0.4247371554374695,0.6772911548614502,0.18451830744743347,0.5234941840171814,0.6120399832725525,0.374716579914093,0.7414849996566772,0.6397141218185425,-0.836506724357605,-0.32174062728881836,-0.061200276017189026,0.3508446216583252,-0.08583247661590576,-0.812262773513794,0.023495197296142578,-0.25411567091941833,0.30904704332351685,0.2291579395532608,0.027306944131851196,0.4369801878929138,-0.240218847990036,-0.1537969708442688,0.427521675825119,-0.14877760410308838,0.12944501638412476,0.26499754190444946,-0.10177087783813477,0.5147660970687866,0.7753064632415771,0.6725852489471436,-0.024632200598716736,-1.1631073951721191,0.10932767391204834,0.5581470727920532,0.28555184602737427,0.48327362537384033,-0.28174009919166565,0.20782224833965302,-0.2675257921218872,-0.5907771587371826,0.667740523815155,0.00501936674118042,-0.29807665944099426,0.41377514600753784,-0.23121589422225952,-0.36676841974258423,13.304962158203125,10.698176383972168,8.012372970581055,6.37671422958374,11.691596984863281,12.789926528930664,10.671899795532227,13.269781112670898,11.107895851135254,5.578359127044678,8.101815223693848,14.165371894836426,10.436240196228027,6.2313232421875,10.673849105834961,12.180207252502441,10.80838680267334,11.209059715270996,11.269586563110352,-2.606785774230957,-5.29258918762207,-4.321462154388428,3.6792240142822266,6.413212299346924,-1.0196971893310547,0.4798545837402344,0.43599605560302734,-7.691421985626221,-3.0060806274414062,8.587013244628906,2.3344249725341797,-7.934048652648926,0.2376089096069336,5.948884010314941,0.1345376968383789,-0.9711475372314453,0.4611997604370117,0.06052684783935547,-2.6858034133911133,-1.7146763801574707,8.971813201904297,10.734674453735352,-4.698921203613281,-5.9333577156066895,1.455693244934082,-8.171276092529297,-3.4420766830444336,16.27843475341797,5.340505599975586,-16.521060943603516,-2.096816062927246,13.882932662963867,-0.10307121276855469,-6.920031547546387,0.3266620635986328,1.0316743850708008,-0.40067291259765625,0.006968106143176556,0.00046759931137785316,0.0025420761667191982,7.522381929447874e-05,0.0007052422733977437,0.0002530339697841555,0.0003529046953190118,-0.0002805932017508894,0.0005038224044255912,-0.0009068187791854143,0.00010270762140862644,-0.000578632578253746,0.001231358852237463,0.0016668466851115227,0.0011106128804385662,0.0016830103704705834,-0.0008718203753232956,1.0991861927323043e-05,-0.00045912343193776906,-0.0065005067735910416,-0.004426029976457357,-0.0003923754848074168,-0.0018368338933214545,0.00017781014321371913,-0.0003523375780787319,-0.0005336271715350449,0.00015091770910657942,-0.0006262256065383554,-0.0004011147830169648,0.0003281862009316683,0.001128651201725006,0.0022454792633652687,-0.00012074597179889679,1.6163685359060764e-05,-0.001982433255761862,-0.001672018552199006,0.00041269694338552654,-0.00047011527931317687,0.002074476797133684,0.006108131259679794,0.002589195966720581,0.0005701855989173055,0.0014844962861388922,-0.000711437314748764,0.0005032552871853113,-9.259843500331044e-05,-0.0005520324921235442,0.0009544118074700236,0.0015297660138458014,0.0019172930624336004,-0.001249397173523903,-0.0022293156944215298,-0.001861687283962965,-0.0016881822375580668,0.002395130228251219,0.0012019032146781683,-0.000882812193594873,-117819040.0,-94405880.0,-67410080.0,-53890448.0,-104316960.0,-115812080.0,-93744072.0,-120833816.0,-97942032.0,-46324604.0,-68647904.0,-127167720.0,-91519552.0,-51390720.0,-93049880.0,-107664792.0,-94335272.0,-98551168.0,-99348544.0,23413160.0,50408960.0,40515432.0,-36906880.0,-61921632.0,10572888.0,-5021736.0,-4197960.0,74509216.0,29294128.0,-80843120.0,-22871648.0,75777000.0,-1530328.0,-56274072.0,-1285392.0,9113624.0,-5013272.0,-797376.0,26995800.0,17102272.0,-87315840.0,-102437064.0,47479768.0,56899896.0,-14770848.0,79530952.0,33492088.0,-155352336.0,-52165776.0,156620128.0,21341320.0,-132051072.0,244936.0,65387696.0,-3727880.0,-9911000.0,4215896.0,0.9384111762046814,0.7967105507850647,0.6737062931060791,0.18323417007923126,1.6154170036315918,1.725379228591919,0.39755842089653015,1.111756682395935,1.0266116857528687,0.10329338908195496,0.5990086793899536,1.4306437969207764,0.8856988549232483,0.09522246569395065,0.4815402328968048,0.7521907091140747,1.0549161434173584,1.190887212753296,0.8830837607383728,-0.1417006254196167,-0.2647048830986023,-0.6134763956069946,0.9417107105255127,1.542145013809204,-1.2178585529327393,-0.6136225461959839,0.6290532350540161,-1.0084632635116577,-0.42760300636291504,1.327350378036499,0.2866901755332947,-1.3354213237762451,-0.4041586220264435,0.6569682359695435,0.573375940322876,0.4386965036392212,-0.1718323826789856,-0.3078034520149231,-0.1230042576789856,-0.47177577018737793,1.2064156532287598,2.1556215286254883,-2.159569263458252,-2.1557674407958984,1.8469117879867554,-0.39484071731567383,-1.0566562414169312,2.335813522338867,0.7142931818962097,-2.662771701812744,-0.6908488273620605,1.9923895597457886,0.9775345325469971,-0.21827173233032227,-0.7452083230018616,-0.7464999556541443,-0.1359710693359375,0.030729442834854126,0.031832825392484665,0.029295172542333603,0.022216804325580597,0.037149060517549515,0.03468935936689377,0.009407266974449158,0.009322654455900192,0.04817505180835724,0.03803626447916031,-0.004710282199084759,0.030690165236592293,0.05235928297042847,0.014095578342676163,0.006091977469623089,0.03793460130691528,0.04631197825074196,0.016703378409147263,0.019691716879606247,0.001103382557630539,-0.001434270292520523,-0.009616021066904068,0.007853887975215912,0.012472555041313171,-0.027741793543100357,-0.025366704910993576,0.03876778483390808,0.028713610023260117,-0.05288533493876457,-0.007346099242568016,0.0570695661008358,-0.01659458689391613,-0.0462673045694828,0.02383902296423912,0.040219999849796295,-0.02123122289776802,-0.02662026137113571,0.0029883384704589844,-0.002537652850151062,-0.010719403624534607,0.009288158267736435,0.02208857610821724,-0.03559568151831627,-0.03783925995230675,0.06650957465171814,0.05408031493425369,-0.09165312349796295,-0.03605970740318298,0.10995490103960037,-0.009248487651348114,-0.1033368706703186,0.0404336079955101,0.0864873081445694,-0.04507024586200714,-0.066840261220932,0.024219561368227005,0.029608599841594696,0.7078436017036438,0.6338089108467102,0.5481018424034119,0.4897637963294983,0.6616491079330444,0.6930214762687683,0.6359035968780518,0.7091463804244995,0.6419270634651184,0.4535347521305084,0.5542293787002563,0.7303470969200134,0.620368480682373,0.48534706234931946,0.6361226439476013,0.6754031181335449,0.6333789229393005,0.6511117219924927,0.6525314450263977,-0.0740346908569336,-0.15974175930023193,-0.14404511451721191,0.11354726552963257,0.20325767993927002,-0.025745511054992676,0.0161249041557312,0.00602346658706665,-0.2556116282939911,-0.08769768476486206,0.276812344789505,0.0661391019821167,-0.24500003457069397,0.01575416326522827,0.19005605578422546,-0.0027437210083007812,-0.024291396141052246,0.019152522087097168,0.0014197230339050293,-0.08570706844329834,-0.07001042366027832,0.2732890248298645,0.34730279445648193,-0.13929277658462524,-0.18713277578353882,0.031768977642059326,-0.2717365324497223,-0.09372115135192871,0.5324239730834961,0.15383678674697876,-0.521812379360199,-0.05038493871688843,0.43505609035491943,-0.018497884273529053,-0.2143474519252777,0.02189624309539795,0.025711119174957275,-0.01773279905319214,0.5010426044464111,0.4017137289047241,0.30041563510894775,0.23986856639385223,0.4377795457839966,0.48027878999710083,0.4043733477592468,0.5028886198997498,0.4120703637599945,0.20569376647472382,0.30717018246650696,0.5334069132804871,0.38485702872276306,0.2355617731809616,0.40465202927589417,0.45616933703422546,0.4011688530445099,0.42394644021987915,0.4257972836494446,-0.09932887554168701,-0.20062696933746338,-0.1618451625108719,0.13736391067504883,0.2404102236032486,-0.033406198024749756,0.022609829902648926,0.007697016000747681,-0.29719483852386475,-0.10490018129348755,0.32771313190460205,0.0776868462562561,-0.29784512519836426,0.019795000553131104,0.22060756385326385,-0.0034831762313842773,-0.032222896814346313,0.024628430604934692,0.0018508434295654297,-0.10129809379577637,-0.06251628696918488,0.3379908800125122,0.4022553861141205,-0.17077010869979858,-0.21780039370059967,0.041103214025497437,-0.31980466842651367,-0.11259719729423523,0.6249079704284668,0.18258702754974365,-0.6255582571029663,-0.057891845703125,0.5184527039527893,-0.02327817678451538,-0.252830445766449,0.02811160683631897,0.03407374024391174,-0.022777587175369263,0.2786270081996918,0.20932014286518097,0.3974699378013611,0.12715154886245728,0.042163215577602386,0.03867998346686363,0.004198902752250433,0.19148853421211243,0.2151488959789276,0.3173457384109497,0.15263819694519043,0.17021800577640533,0.2201809138059616,0.1542946994304657,0.031663309782743454,-0.13546010851860046,0.1426677405834198,0.22123126685619354,0.16609755158424377,-0.0693068653345108,0.11884292960166931,-0.0821685940027237,-0.3553067147731781,-0.08847156167030334,-0.037964314222335815,0.1528085470199585,0.21094998717308044,0.12585720419883728,-0.06251069903373718,-0.14712773263454437,0.06754271686077118,-0.015923306345939636,-0.18851760029792786,-0.28975480794906616,0.11100442707538605,0.3566913604736328,0.023429811000823975,-0.05513371527194977,0.18814979493618011,-0.01286172866821289,-0.4741496443748474,-0.006302967667579651,0.3173424005508423,0.24128010869026184,0.24891430139541626,-0.026951342821121216,-0.2734606862068176,-0.27298492193222046,0.13005341589450836,0.13120442628860474,-0.25606030225753784,-0.27383148670196533,0.2995220422744751,0.646446168422699,-0.08757461607456207,-0.4118250608444214,-0.07856352627277374,2.1865487098693848,2.655064105987549,3.6272201538085938,2.9534897804260254,3.4438536167144775,3.131124496459961,2.121408224105835,2.4145350456237793,2.8729472160339355,2.499467372894287,3.51010799407959,2.483333110809326,2.9223952293395996,2.212834596633911,2.288750171661377,2.4699819087982178,2.9649670124053955,3.0479896068573,2.767124891281128,0.46851539611816406,1.440671443939209,0.29842567443847656,-0.1833665370941162,0.17763471603393555,-1.3224453926086426,-0.7165894508361816,0.7515389919281006,0.08493232727050781,0.6371607780456543,-0.016134262084960938,-0.5877127647399902,-0.27049851417541504,-0.6336450576782227,0.25714731216430664,0.6762168407440186,0.578007698059082,-0.19784212112426758,-0.2808647155761719,0.9721560478210449,-0.1700897216796875,-1.6240379810333252,-0.12079095840454102,-1.1390788555145264,-0.8942241668701172,2.073984384536743,0.8015217781066895,-0.11437821388244629,-0.10106658935546875,-1.2248735427856445,-0.2543642520904541,-0.04593229293823242,0.5276458263397217,1.3098618984222412,0.3208603858947754,-0.8740589618682861,-0.8588724136352539,-0.0830225944519043,29.822704315185547,31.73818016052246,29.442264556884766,22.219764709472656,37.57708740234375,34.62947463989258,9.37338638305664,9.471566200256348,48.06887435913086,38.3924446105957,-4.610014915466309,30.926776885986328,52.42671585083008,13.787429809570312,6.0302605628967285,38.04308319091797,46.85733413696289,16.98976707458496,20.01157569885254,1.915475845336914,-0.38043975830078125,-9.518415451049805,8.134822845458984,12.409709930419922,-28.20370101928711,-25.157909393310547,38.69548797607422,28.920879364013672,-52.678890228271484,-7.465667724609375,57.0367317199707,-17.139347076416016,-46.396453857421875,24.255653381347656,40.82707214355469,-21.053316116333008,-26.84575843811035,3.021808624267578,-2.2959156036376953,-11.433891296386719,8.515262603759766,21.928125381469727,-36.338523864746094,-37.56761932373047,66.89918518066406,54.07878875732422,-91.37437438964844,-36.38654708862305,109.71562194824219,-9.67367935180664,-103.43318176269531,41.39500045776367,87.22352600097656,-45.30896759033203,-67.6728286743164,24.075124740600586,29.86756706237793,-0.018008548766374588,0.07224573194980621,0.06295536458492279,0.03379812091588974,0.02420143038034439,-0.0036404563579708338,-0.01445696596056223,-0.014369131997227669,0.04791001230478287,0.05831858515739441,-0.025551974773406982,-0.017142511904239655,0.09401435405015945,0.024623092263936996,0.02090434543788433,0.14755123853683472,0.11574874818325043,0.05841881036758423,0.0,0.0902542769908905,0.08096390962600708,-0.03844761103391647,-0.0387539342045784,-0.03743857890367508,-0.038658395409584045,-0.010728675872087479,0.06236697733402252,0.07268771529197693,-0.07346198707818985,-0.07546109706163406,0.11956632882356644,0.04176560416817665,-0.07311000674962997,0.12292814254760742,0.09484440088272095,-0.08913242816925049,-0.11574874818325043,-0.05841881036758423,-0.009290367364883423,-0.12870189547538757,-0.11971784383058548,0.001009032130241394,9.553879499435425e-05,0.0267099030315876,0.10102537274360657,0.08341638743877411,-0.13582897186279297,-0.1481488049030304,0.1930283159017563,0.11722670495510101,-0.1926763355731964,0.08116254210472107,0.16795441508293152,-0.2120605707168579,-0.21059314906597137,0.03071361780166626,0.0573299378156662
0.041912540793418884,-0.00422355392947793,0.06901536136865616,0.048772960901260376,0.012677268125116825,0.04310888051986694,0.003478821599856019,0.05255139246582985,0.09547535330057144,-0.04718022793531418,0.0795256644487381,0.13935774564743042,-0.13071423768997192,0.07583893090486526,0.2049161046743393,-0.12246061861515045,-0.013974097557365894,0.18263979256153107,-0.018864501267671585,-0.046136096119880676,0.027102820575237274,0.05299651622772217,-0.05633809417486191,-0.005664080381393433,-0.00919844675809145,0.009442511945962906,0.09199652820825577,-0.09973162412643433,-0.015949688851833344,0.1865379810333252,-0.21023990213871002,-0.06351881474256516,0.3356303572654724,-0.1982995569705963,-0.2188902050256729,0.3051004111766815,-0.004890403710305691,-0.20150429010391235,0.07323891669511795,0.09913261234760284,-0.08344091475009918,-0.0586605966091156,0.04713964834809303,0.015106592327356339,0.10119497776031494,-0.10917413234710693,-0.10794621706008911,0.2862696051597595,-0.19429022073745728,-0.25005680322647095,0.5458702445030212,-0.13478073477745056,-0.5545205473899841,0.5033999681472778,0.21399980783462524,-0.5066046714782715,-0.19661389291286469,0.20352716743946075,0.20273250341415405,0.22216500341892242,0.21527564525604248,0.23332057893276215,0.2668893039226532,0.20361529290676117,0.17565160989761353,0.23867329955101013,0.2697202265262604,0.3114544153213501,0.28837335109710693,0.2375578135251999,0.32719770073890686,0.32251331210136414,0.3033924698829651,0.3182917833328247,0.2783656120300293,0.2422182857990265,-0.0007946640253067017,0.01863783597946167,0.012543141841888428,0.011155575513839722,0.05161365866661072,-0.029705286026000977,-0.09123769402503967,0.03505800664424896,0.09406861662864685,0.07278111577033997,0.018653124570846558,-0.07389660179615021,0.03882434964179993,0.08495549857616425,-0.023805230855941772,-0.004221528768539429,-0.02502685785293579,-0.07607349753379822,-0.03614732623100281,0.01943250000476837,0.01333780586719513,-0.007482260465621948,0.03907051682472229,-0.0408608615398407,-0.1428513526916504,0.06476329267024994,0.18530631065368652,0.037723109126091,-0.07541549205780029,-0.14667771756649017,0.02017122507095337,0.15885210037231445,-0.0626295804977417,-0.08917702734470367,-0.0012216269969940186,-0.07185196876525879,-0.011120468378067017,0.03992617130279541,0.6674779057502747,0.5403569340705872,0.6492742896080017,0.6492742896080017,0.6136103272438049,0.7044420838356018,0.7044420838356018,0.5439426302909851,0.673268735408783,0.673268735408783,1.3935565948486328,1.3935565948486328,0.6713151931762695,0.9843350648880005,0.9843350648880005,0.9201021194458008,0.8461362719535828,1.0680813789367676,1.0680813789367676,-0.1271209716796875,-0.01820361614227295,0.10891735553741455,-0.03566396236419678,0.0551677942276001,0.09083175659179688,-0.1604994535446167,-0.031173348426818848,0.12932610511779785,0.7202878594398499,0.7202878594398499,-0.7222414016723633,-0.4092215299606323,0.31301987171173096,-0.06423294544219971,-0.13819879293441772,0.1479792594909668,0.22194510698318481,0.0,0.10891735553741455,0.23603832721710205,-0.017460346221923828,-0.05374956130981445,0.12649571895599365,-0.2156672477722168,-0.12200510501861572,0.28982555866241455,0.7514612078666687,0.590961754322052,-1.4425292015075684,-1.129509449005127,1.0352612733840942,0.3449885845184326,-0.4512186646461487,0.2122122049331665,0.36014389991760254,-0.1479792594909668,-0.22194510698318481,0.6674779057502747,0.5565698742866516,0.6492742896080017,0.6492742896080017,0.9720791578292847,0.9720791578292847,0.7044420838356018,0.5439426302909851,0.673268735408783,0.8168354034423828,1.3935565948486328,1.3935565948486328,0.842427670955658,0.9843350648880005,0.9843350648880005,0.9201021194458008,0.8984336256980896,1.0680813789367676,1.0680813789367676,-0.11090803146362305,-0.01820361614227295,0.0927044153213501,0.32280486822128296,0.32280486822128296,-0.26763707399368286,-0.42813652753829956,-0.031173348426818848,0.2728927731513977,0.7202878594398499,0.57672119140625,-0.5511289238929749,-0.4092215299606323,0.14190739393234253,-0.06423294544219971,-0.08590143918991089,0.1479792594909668,0.16964775323867798,0.0,0.0927044153213501,0.20361244678497314,0.3410084843635559,0.23010045289993286,-0.5904419422149658,-0.7509413957595825,0.236463725566864,0.7010293006896973,0.7514612078666687,0.3038284182548523,-1.2714167833328247,-0.9859427213668823,0.6930363178253174,0.3449885845184326,-0.22780883312225342,0.2122122049331665,0.25554919242858887,-0.1479792594909668,-0.16964775323867798,-0.5565698742866516,-0.5565698742866516,-0.4637257158756256,-0.4638340473175049,-0.9720791578292847,-0.9720791578292847,-0.5453084111213684,-0.4729405343532562,-0.4833897054195404,-0.8168354034423828,-0.8168354034423828,-0.6087057590484619,-0.842427670955658,-0.842427670955658,-0.5193395614624023,-0.8984336256980896,-0.8984336256980896,-0.6422728300094604,-0.6829736232757568,0.0,0.092844158411026,0.09273582696914673,-0.5083534717559814,-0.5082451105117798,0.42677074670791626,0.49913862347602844,0.061918705701828,-0.3438948690891266,-0.3334456980228424,0.2081296443939209,-0.025592267513275146,-0.23372191190719604,0.3230881094932556,-0.05600595474243164,-0.37909406423568726,0.25616079568862915,0.21546000242233276,-0.04070079326629639,0.092844158411026,0.09273582696914673,-0.6011976003646851,-0.6009809374809265,0.9351242184638977,1.0073837041854858,-0.36485204100608826,-0.843033492565155,-0.3953644037246704,0.5520244836807251,0.30785343050956726,-0.44185155630111694,0.34868037700653076,0.1777159571647644,-0.7021821737289429,0.3121667504310608,0.59455406665802,-0.29686158895492554,-0.25616079568862915,0.0017945984145626426,0.0004111656453460455,0.00018245639512315392,2.9048416763544083e-05,2.9048416763544083e-05,5.0503527745604515e-05,0.0011005511041730642,0.00017490924801677465,0.00017490924801677465,0.0007451411220245063,0.0007451411220245063,0.00030777323991060257,0.00013576651690527797,0.00013576651690527797,0.002806552918627858,0.0010310866637155414,0.0010310866637155414,0.0011179035063832998,0.0,-0.001383432769216597,-0.0016121419612318277,-0.0003821172285825014,-0.00015340797835960984,2.1455110982060432e-05,0.0010715026874095201,0.00012440572027117014,-0.0009256418561562896,0.0005702318740077317,0.0005702318740077317,-0.00043736788211390376,-0.0006093746051192284,-0.0001720067230053246,0.0026707863435149193,0.0008953201468102634,-0.0017754662549123168,8.681684266775846e-05,-0.0010310866637155414,-0.0011179035063832998,-0.00022870919201523066,0.0010013155406340957,0.0014587340410798788,0.00040357233956456184,0.001224910607561469,0.00010295060928910971,-0.001997144427150488,0.00044582615373656154,0.0014958737883716822,-0.0010075997561216354,-0.0011796064209192991,0.00026536115910857916,0.0032801609486341476,0.001067326869815588,-0.004446252714842558,-0.0008085033041425049,0.0007443795911967754,-0.0012047203490510583,-8.681684266775846e-05,0.11090803146362305,-0.016212940216064453,0.1855485737323761,0.18544024229049683,-0.35846883058547974,-0.26763707399368286,0.1591336727142334,0.07100209593772888,0.18987902998924255,-0.14356666803359985,0.57672119140625,0.7848508358001709,-0.17111247777938843,0.14190739393234253,0.46499550342559814,0.02166849374771118,-0.052297353744506836,0.42580854892730713,0.38510775566101074,-0.1271209716796875,0.07464054226875305,0.20165318250656128,-0.5440174341201782,-0.4530773162841797,0.5176025032997131,0.33863916993141174,0.030745357275009155,-0.21456876397132874,0.38684216141700745,0.9284175038337708,-0.7478336691856384,-0.6429434418678284,0.6361079812049866,-0.12023890018463135,-0.517292857170105,0.40414005517959595,0.4374051094055176,-0.04070079326629639,0.20176151394844055,0.3287741541862488,-0.6186579465866089,-0.654730498790741,1.0616199970245361,0.791716456413269,-0.486857146024704,-0.5532079339027405,0.3560968041419983,1.1429862976074219,-1.1346758604049683,-1.5713609457015991,1.383941650390625,0.522704541683197,-1.1534008979797363,0.5243789553642273,0.9546979665756226,-0.44484084844589233,-0.47810590267181396,1.2240477800369263,1.0969268083572388,1.1130000352859497,1.1131083965301514,1.5856895446777344,1.6765213012695312,1.2497504949569702,1.016883134841919,1.156658411026001,1.4901041984558105,2.2103919982910156,2.0022623538970947,1.5137429237365723,1.8267626762390137,1.5036746263504028,1.8185358047485352,1.7445698976516724,1.710354208946228,1.7510550022125244,-0.1271209716796875,-0.11104774475097656,0.016181588172912598,0.47268950939178467,0.5634129047393799,-0.33593904972076416,-0.6596381664276123,-0.09309208393096924,0.4732210636138916,1.0537335872650146,0.5121581554412842,-0.6966490745544434,-0.17549967765808105,-0.010068297386169434,-0.008226871490478516,0.24089527130126953,-0.10818159580230713,0.006485104560852051,0.04070079326629639,0.016073226928710938,0.1433025598526001,0.5837372541427612,0.5472313165664673,-0.8086285591125488,-1.2230510711669922,0.24284696578979492,1.132859230041504,1.1468256711959839,0.03893709182739258,-1.750382661819458,-0.6876578330993652,0.6865807771682739,0.16727280616760254,0.25096356868743896,-0.09995472431182861,-0.23441016674041748,0.14888238906860352,0.034215688705444336,0.46864745020866394,0.3846917748451233,0.4355466961860657,0.44149890542030334,0.4029669463634491,0.43545645475387573,0.48606738448143005,0.4049728512763977,0.44152629375457764,0.4154941439628601,0.7752851843833923,0.7977428436279297,0.4334368109703064,0.5481491088867188,0.5533766746520996,0.530583918094635,0.47555118799209595,0.6296128034591675,0.6669657230377197,-0.08395567536354065,-0.03310075402259827,0.056807130575180054,-0.03257974982261658,-0.006042450666427612,0.08310043811798096,-0.030483603477478027,-0.04454109072685242,0.010521292686462402,0.3337588906288147,0.3822486996650696,-0.34184837341308594,-0.24959373474121094,0.11993986368179321,-0.01756519079208374,-0.07782548666000366,0.09902888536453247,0.19141453504562378,0.037352919578552246,0.05085492134094238,0.1407628059387207,0.0005210041999816895,-0.06284958124160767,0.11568018794059753,-0.024441152811050415,-0.12764152884483337,0.04100489616394043,0.3782999813556671,0.3717274069786072,-0.6756072640419006,-0.6318424344062805,0.46178823709487915,0.2320285439491272,-0.19776535034179688,0.11659407615661621,0.26924002170562744,-0.061675965785980225,-0.15406161546707153,0.011473581194877625,0.11715313792228699,0.027530616149306297,0.41147494316101074,0.126605823636055,0.26867949962615967,0.20685425400733948,0.03841304033994675,0.2818711996078491,0.12485434114933014,0.39281633496284485,0.42162060737609863,0.25890254974365234,0.1540675163269043,0.3639938533306122,0.2988416850566864,0.4041532874107361,0.13269490003585815,0.06304919719696045,0.10567955672740936,0.016057034954428673,0.29432180523872375,0.09907520562410355,-0.14279544353485107,0.08024843037128448,-0.23026645183563232,0.07501694560050964,0.08644130080938339,0.11094513535499573,0.2967662811279297,-0.1339137852191925,-0.26755309104919434,0.10509130358695984,0.1447741687297821,0.0401594340801239,-0.16614678502082825,-0.34110409021377563,-0.0696457028388977,-0.08962251991033554,0.1886422485113144,0.08301816880702972,-0.43711724877357483,-0.01882677525281906,-0.08747100830078125,-0.005231484770774841,0.3167077600955963,0.035928189754486084,0.2103249728679657,-0.24485892057418823,-0.564319372177124,0.23900508880615234,0.41232725977897644,-0.06493186950683594,-0.31092095375061035,-0.38126352429389954,0.09650108218193054,0.27145838737487793,1.6987624168395996,1.6070945262908936,2.0386569499969482,1.9309210777282715,2.219540596008301,2.8273041248321533,1.8212324380874634,1.3436272144317627,2.232017755508423,2.8461923599243164,4.309458255767822,3.844296932220459,2.3755974769592285,4.29286527633667,4.132935523986816,3.733342170715332,4.137540817260742,3.418954610824585,2.715022563934326,-0.09166789054870605,0.33989453315734863,0.32382655143737793,0.18088364601135254,0.8963830471038818,-0.3983081579208374,-1.4836769104003906,0.4107853174209595,1.5025651454925537,2.0774405002593994,0.9981045722961426,-1.9338607788085938,0.44856834411621094,1.757338047027588,-0.5595231056213379,0.004605293273925781,-0.31438755989074707,-1.422518253326416,-0.7039320468902588,0.4315624237060547,0.415494441986084,-0.1590108871459961,0.5725564956665039,-0.5791918039321899,-2.3800599575042725,0.8090934753417969,2.9862420558929443,1.66665518283844,-0.5044605731964111,-4.011301040649414,-0.5495362281799316,3.6911988258361816,-1.0080914497375488,-1.752732753753662,0.24513554573059082,-1.4271235466003418,-0.3895444869995117,0.7185862064361572,8.264057396445423e-05,-0.0006833033403381705,0.0005533164367079735,3.0134393455227837e-05,0.0007427564705722034,0.000593546952586621,0.00013941463839728385,0.0002923031279351562,0.0005987996701151133,-0.00020346170640550554,0.0006953402189537883,-0.00025651417672634125,0.0006522455951198936,-8.299000182887539e-05,0.002242256887257099,-0.00021265125542413443,0.0009868949418887496,0.0018161911284551024,-0.00011767728574341163,-0.0007659438997507095,0.0004706758772954345,0.0007134377374313772,0.00018944003386422992,0.0005634125554934144,-0.0006033418467268348,-0.0003012438246514648,0.00045938504626974463,-0.0004957648343406618,9.654054883867502e-05,-5.305247032083571e-05,-4.309462383389473e-05,0.00017352416762150824,0.0015900112921372056,-0.00012966126087121665,-0.0012553619453683496,0.002028842456638813,-0.0011045722058042884,-0.0019338683923706412,0.001236619777046144,0.0014793816953897476,-0.00028123584343120456,-0.00015002518193796277,-0.0007927818805910647,-0.0008646564092487097,0.0010627268347889185,-0.00019452100968919694,-0.0003628444974310696,0.00044271236401982605,-0.00013963517267256975,0.00022657663794234395,0.0016331059159711003,-0.0003031854284927249,-0.002845373237505555,0.00215850374661386,0.00015078973956406116,-0.003962710965424776,-0.0008292961865663528,-12951384.0,-11865790.0,-15803487.0,-14386551.0,-17005394.0,-21943006.0,-13513440.0,-9955441.0,-17554696.0,-22484324.0,-36518688.0,-32413062.0,-18451484.0,-36169520.0,-35523788.0,-30932828.0,-35449376.0,-28027036.0,-21443202.0,1085594.0,-2852103.0,-2520761.0,-1201907.0,-7556455.0,3491954.0,11987565.0,-4041256.0,-12528883.0,-18963992.0,-9928738.0,18067204.0,-3756458.0,-17072304.0,5236692.0,74412.0,2905792.0,14006174.0,6583834.0,-3937697.0,-3606355.0,1650196.0,-5035694.0,4693861.0,19544020.0,-7533210.0,-24516448.0,-14922736.0,2600145.0,37031196.0,6172280.0,-35139508.0,8993150.0,17146716.0,-2330900.0,13931762.0,3678042.0,-7422340.0,0.002907506888732314,0.0017081685364246368,0.0045535932295024395,0.004331308417022228,0.012460782192647457,0.015249154530465603,0.0038446399848908186,0.0012982884654775262,0.004653561860322952,0.01034452486783266,0.14536386728286743,0.14082686603069305,0.008277558721601963,0.04185396805405617,0.044031158089637756,0.029134860262274742,0.03066619299352169,0.03380991518497467,0.026416094973683357,-0.0011993383523076773,0.0016460863407701254,0.0026231398805975914,0.007907189428806305,0.010917846113443375,-0.008616141974925995,-0.013950865715742111,0.0008089218754321337,0.009046236053109169,0.14071030914783478,0.13048234581947327,-0.13708630204200745,-0.09897290170192719,0.03575360029935837,-0.012719107791781425,-0.013364965096116066,0.004675054922699928,-0.004250098019838333,-0.007393820211291313,0.0028454246930778027,0.0038224782329052687,0.006261102855205536,0.008294706232845783,-0.0165233314037323,-0.024868711829185486,0.009425063617527485,0.02299710176885128,0.13990138471126556,0.12143611162900925,-0.2777966260910034,-0.22945524752140045,0.1728399097919464,0.08625379204750061,-0.049118563532829285,0.017394162714481354,0.009114867076277733,-0.012068875133991241,-0.00314372219145298,0.021059492602944374,-0.0023777796886861324,0.03476285934448242,0.02438443712890148,0.0065237837843596935,0.021752528846263885,0.0017324034124612808,0.026440873742103577,0.04797156900167465,-0.023828987032175064,0.03998225927352905,0.06979884207248688,-0.06555943191051483,0.037985559552907944,0.10326868295669556,-0.06157764792442322,-0.006852004211395979,0.09200438857078552,-0.009501493535935879,-0.023437272757291794,0.013703366741538048,0.0267622172832489,-0.02823907509446144,-0.002631908282637596,-0.004791380371898413,0.004688344895839691,0.04623916745185852,-0.05026986077427864,-0.0079893097281456,0.09362782537937164,-0.10554169118404388,-0.031813282519578934,0.1688281148672104,-0.09956321120262146,-0.11012068390846252,0.15358203649520874,-0.0026494893245399,-0.10150588303804398,0.03714063763618469,0.050199490040540695,-0.04194243997335434,-0.029394125565886497,0.02344769425690174,0.007320253178477287,0.05103054642677307,-0.05495820567011833,-0.05422847718000412,0.14389768242835999,-0.09755238145589828,-0.12544110417366028,0.2743698060512543,-0.06774993240833282,-0.2789487838745117,0.2531452476978302,0.10747119784355164,-0.2550879120826721,-0.09885639697313309,0.2503277063369751,0.24683967232704163,0.26933571696281433,0.26616719365119934,0.2898503243923187,0.32459354400634766,0.26278606057167053,0.21951942145824432,0.2747974991798401,0.3251292109489441,0.39635300636291504,0.35543254017829895,0.2701335847377777,0.39628317952156067,0.33862000703811646,0.3557490110397339,0.39587506651878357,0.31022095680236816,0.3203253149986267,-0.0034880340099334717,0.019008010625839233,0.019327521324157715,0.020514607429504395,0.058426350355148315,-0.027064263820648193,-0.10507412254810333,0.012011438608169556,0.10560978949069977,0.12155550718307495,0.03030332922935486,-0.12621942162513733,0.04085063934326172,0.06848642230033875,-0.04053416848182678,0.057255059480667114,-0.04552805423736572,-0.07554975152015686,0.010104358196258545,0.022496044635772705,0.022815555334091187,0.0015065968036651611,0.0390988290309906,-0.04757887125015259,-0.16350047290325165,0.03907570242881775,0.2106839120388031,0.1095440685749054,-0.07530646026134491,-0.24777492880821228,0.01054731011390686,0.19470584392547607,-0.0813848078250885,-0.01123136281967163,-0.00499388575553894,-0.13280481100082397,0.05563241243362427,0.0856541097164154,0.0626639574766159,0.06092982739210129,0.0725417286157608,0.07084497064352036,0.0840132087469101,0.1053609773516655,0.06905651837587357,0.04818877950310707,0.07551366090774536,0.105709008872509,0.15709570050239563,0.12633228302001953,0.07297215610742569,0.15704035758972168,0.1146635040640831,0.1265573501586914,0.15671707689762115,0.09623704850673676,0.10260830819606781,-0.001734130084514618,0.009877771139144897,0.009915143251419067,0.011471480131149292,0.03451600670814514,-0.01495669037103653,-0.057172197848558426,0.006457142531871796,0.05752022936940193,0.08158203959465027,0.02062327414751053,-0.08412354439496994,0.03070807456970215,0.04169134795665741,-0.030483007431030273,0.042053572833538055,-0.03032030165195465,-0.054108768701553345,0.006371259689331055,0.011611901223659515,0.011649273335933685,0.0015937089920043945,0.024600863456726074,-0.02642817050218582,-0.09168820083141327,0.021413832902908325,0.11469242721796036,0.07512489706277847,-0.0368969552218914,-0.1657055914402008,0.01008480042219162,0.12581488490104675,-0.06119108200073242,0.00036222487688064575,0.00016270577907562256,-0.0961623415350914,0.036691561341285706,0.0604800283908844,-0.06270641833543777,-0.20259687304496765,0.200262650847435,0.4317721724510193,-0.18221259117126465,-0.24193991720676422,0.2616400122642517,0.09674227982759476,0.14767321944236755,0.29369014501571655,0.527527928352356,0.7166579365730286,0.3023456931114197,0.22780680656433105,0.09802226722240448,0.11987436562776566,-0.22736071050167084,0.06684082746505737,0.5497968196868896,-0.13989046216011047,0.26296907663345337,0.6343690156936646,-0.38247525691986084,-0.6737120747566223,0.44385260343551636,0.3386822044849396,-0.11396679282188416,0.1969478726387024,0.3798547089099884,0.422967791557312,-0.22518223524093628,-0.4888511300086975,-0.2043234258890152,-0.1079324409365654,-0.3253829777240753,-0.05303353816270828,0.7771575450897217,0.4829559922218323,0.40285953879356384,0.7742594480514526,-0.6454443335533142,-1.3080811500549316,0.8263278603553772,1.0123943090438843,-0.5578193664550781,-0.14173433184623718,0.49382150173187256,0.22601991891860962,-0.6050369739532471,-0.9118189215660095,0.02085880935192108,0.3809186816215515,-0.12105955183506012,0.05489890277385712,1.1025404930114746,0.53598952293396,-0.2942015528678894,2.8012616634368896,2.3633222579956055,2.4642162322998047,2.504570960998535,3.4002034664154053,2.8928229808807373,2.9098222255706787,2.661755084991455,2.0578413009643555,2.5864107608795166,3.930351972579956,4.504737854003906,3.4107794761657715,2.3981995582580566,2.634568452835083,2.8621110916137695,2.4497222900390625,3.4098618030548096,3.9315037727355957,-0.4379394054412842,-0.33704543113708496,0.1412487030029297,0.9359872341156006,0.38825201988220215,-0.49038124084472656,-0.23106789588928223,-0.8519809246063232,-0.07534432411193848,1.8725106716156006,1.9183270931243896,-0.5195724964141846,-2.1065382957458496,-0.7762110233306885,0.4639115333557129,-0.1848461627960205,0.54775071144104,1.4817814826965332,0.5216419696807861,0.10089397430419922,0.5791881084442139,1.2730326652526855,0.24700331687927246,-1.4263684749603271,-0.6193199157714844,-0.3615996837615967,0.15572357177734375,2.724491596221924,1.9936714172363281,-2.392083168029785,-4.02486515045166,-0.2566385269165039,2.5704498291015625,0.591364860534668,0.08383917808532715,1.6666276454925537,-0.026108741760253906,-0.9601395130157471,21.040096282958984,-2.1202239990234375,34.64570999145508,24.484025955200195,6.363988399505615,21.640657424926758,1.746368408203125,26.38079833984375,47.928627014160156,-23.68447494506836,39.92188262939453,69.95758819580078,-65.61854553222656,38.071144104003906,102.86788177490234,-61.4752311706543,-7.0149970054626465,91.68517303466797,-9.469979286193848,-23.160320281982422,13.605613708496094,26.604249954223633,-28.281721115112305,-2.8433685302734375,-4.61761999130249,4.740140914916992,46.18225860595703,-50.06527328491211,-8.006744384765625,93.64205932617188,-105.5404281616211,-31.886444091796875,168.48641967773438,-99.54637145996094,-109.88288116455078,153.160400390625,-2.454982280731201,-101.1551513671875,36.765933990478516,49.76457214355469,-41.88733673095703,-29.44761848449707,23.664100646972656,7.58350944519043,50.79987716674805,-54.80541229248047,-54.189002990722656,143.70733642578125,-97.53368377685547,-125.52850341796875,274.02685546875,-67.65992736816406,-278.3692932128906,252.70677185058594,107.42790222167969,-254.3155517578125,-98.7001724243164,0.05209066718816757,0.019790757447481155,0.0489400178194046,0.019177213311195374,-0.012593099847435951,0.046687688678503036,0.0005275364965200424,0.03384337201714516,0.06576503813266754,-0.0988679975271225,0.06571798026561737,0.12210395932197571,-0.13259544968605042,0.005989776458591223,0.21143485605716705,-0.13703346252441406,0.02657291293144226,0.1549472212791443,-0.0343967080116272,-0.03229990974068642,-0.00315064936876297,-0.0006135441362857819,-0.061533115804195404,0.027510475367307663,0.013120636343955994,-0.01284431666135788,0.06523749977350235,-0.13271136581897736,-4.70578670501709e-05,0.2209719568490982,-0.19831342995166779,-0.11611418426036835,0.34403032064437866,-0.14302323758602142,-0.1848619431257248,0.29198068380355835,-0.06096962094306946,-0.18934392929077148,0.029149260371923447,0.031686365604400635,-0.058382466435432434,0.028124019503593445,0.0746537521481514,-0.04035479202866554,0.052116863429546356,-0.11986704915761948,-0.06528455764055252,0.35368332266807556,-0.19826637208461761,-0.33708614110946655,0.5423437356948853,-0.026909053325653076,-0.5288922786712646,0.43500393629074097,0.12389232218265533,-0.48132461309432983,-0.12837430834770203
-0.03126049041748047,0.0008289049146696925,0.022992970421910286,0.0035661926958709955,0.019786138087511063,0.021334562450647354,0.015308207832276821,0.010422800667583942,0.00041411948041059077,0.016314566135406494,0.010692731477320194,0.005799250211566687,0.021291522309184074,0.04167502745985985,-0.03126472234725952,-0.025408977642655373,0.05381801724433899,0.02576705627143383,-0.0010679305996745825,0.032089393585920334,0.054253458976745605,0.002737287897616625,-0.0032068323343992233,0.017768369987607002,-0.0044779302552342415,-0.010911761783063412,-0.014894088730216026,0.005891765467822552,0.0102786123752594,-0.01051531545817852,0.01059879083186388,0.03587577864527702,-0.052556246519088745,-0.06708400696516037,0.08508273959159851,0.0511760339140892,-0.054885946214199066,-0.026834987103939056,0.02216406539082527,-0.029352106153964996,-0.05746029317378998,0.015031082555651665,-0.0012710979208350182,-0.02868013083934784,-0.010416158474981785,0.016803527250885963,0.025172701105475426,-0.016407079994678497,0.00032017845660448074,0.046391092240810394,-0.06315504014492035,-0.1029597818851471,0.13763898611068726,0.11826004087924957,-0.13996869325637817,-0.07801102101802826,0.02805095911026001,0.20495279133319855,0.2236821949481964,0.21201106905937195,0.20098164677619934,0.20127210021018982,0.17398907244205475,0.15886951982975006,0.17350541055202484,0.1509140580892563,0.15404827892780304,0.19416825473308563,0.1884312480688095,0.16345173120498657,0.17073315382003784,0.18437674641609192,0.18048106133937836,0.23153233528137207,0.23651644587516785,0.18627919256687164,0.018729403614997864,0.007058277726173401,-0.02270054817199707,-0.010738968849182129,-0.026992574334144592,-0.04240258038043976,-0.0004836618900299072,-0.007955461740493774,-0.019457131624221802,0.043254196643829346,0.03438296914100647,-0.03071652352809906,-0.017698094248771667,0.020925015211105347,0.009747907519340515,0.04715558886528015,0.05603538453578949,-0.04525314271450043,-0.050237253308296204,-0.011671125888824463,-0.041429951786994934,-0.01779724657535553,-0.004292026162147522,-0.03166361153125763,0.026508912444114685,0.034447118639945984,-0.018973469734191895,0.05120965838432312,0.05384010076522827,-0.0739707201719284,-0.05208106338977814,0.05164153873920441,0.027446001768112183,0.026230573654174805,0.046287477016448975,-0.09240873157978058,-0.1062726378440857,-0.004984110593795776,0.5625277757644653,0.5625277757644653,0.5500333309173584,0.5500333309173584,0.5833759903907776,0.5833759903907776,0.4945317804813385,0.562393844127655,0.562393844127655,0.5635144114494324,0.6145766973495483,0.9250242710113525,0.9250242710113525,0.5413591265678406,0.446652889251709,0.5669705867767334,0.6749696135520935,0.6749696135520935,0.50760817527771,0.0,-0.012494444847106934,-0.012494444847106934,0.03334265947341919,0.03334265947341919,-0.08884420990943909,-0.02098214626312256,0.06786206364631653,0.0011205673217773438,0.05218285322189331,0.36150985956192017,0.3104475736618042,-0.38366514444351196,-0.47837138175964355,0.025611460208892822,0.22831672430038452,0.10799902677536011,-0.16736143827438354,-0.16736143827438354,-0.012494444847106934,-0.012494444847106934,0.04583710432052612,0.04583710432052612,-0.12218686938285828,-0.05432480573654175,0.15670627355575562,0.022102713584899902,-0.015679210424423218,0.3603892922401428,0.2582647204399109,-0.7451750040054321,-0.7888189554214478,0.4092766046524048,0.7066881060600281,0.08238756656646729,-0.39567816257476807,-0.27536046504974365,0.0,0.6432887315750122,0.8667101860046387,0.8667101860046387,0.599655032157898,0.599655032157898,0.5833759903907776,0.5984732508659363,0.6224433779716492,0.6224433779716492,0.5635144114494324,0.6145766973495483,0.9250242710113525,0.9250242710113525,0.5413591265678406,0.5274769067764282,0.5669705867767334,0.6749696135520935,0.6749696135520935,0.5166012048721313,0.22342145442962646,0.22342145442962646,-0.2670551538467407,-0.2670551538467407,-0.01627904176712036,-0.00118178129196167,0.03906738758087158,0.02397012710571289,-0.0589289665222168,-0.00786668062210083,0.36150985956192017,0.3104475736618042,-0.38366514444351196,-0.3975473642349243,0.025611460208892822,0.14749270677566528,0.10799902677536011,-0.15836840867996216,-0.15836840867996216,0.0,-0.4904766082763672,-0.4904766082763672,0.25077611207962036,0.26587337255477905,0.05534642934799194,0.02515190839767456,-0.09799635410308838,-0.03183680772781372,0.42043882608413696,0.31831425428390503,-0.7451750040054321,-0.7079949378967285,0.4092766046524048,0.5450400710105896,0.08238756656646729,-0.30586111545562744,-0.26636743545532227,0.0,-0.6432887315750122,-0.8667101860046387,-0.8667101860046387,-0.599655032157898,-0.599655032157898,-0.4847268760204315,-0.5984732508659363,-0.6224433779716492,-0.6224433779716492,-0.37907758355140686,-0.5146931409835815,-0.5146931409835815,-0.47883525490760803,-0.42223936319351196,-0.5274769067764282,-0.5274769067764282,-0.6199246048927307,-0.6199246048927307,-0.5166012048721313,-0.22342145442962646,-0.22342145442962646,0.2670551538467407,0.2670551538467407,0.11492815613746643,0.00118178129196167,-0.13771650195121765,-0.02397012710571289,0.2433657944202423,0.10775023698806763,-0.13561555743217468,0.03585788607597351,0.09245377779006958,-0.04864165186882019,-0.10523754358291626,-0.09244769811630249,-0.09244769811630249,0.10332340002059937,0.10332340002059937,0.0,0.4904766082763672,0.4904766082763672,-0.1521269977092743,-0.26587337255477905,-0.2526446580886841,-0.02515190839767456,0.38108229637145996,0.13172036409378052,-0.378981351852417,-0.07189235091209412,0.22806933522224426,-0.0844995379447937,-0.19769132137298584,-0.0438060462474823,0.01278984546661377,0.19577109813690186,0.19577109813690186,0.0,0.0005774935707449913,0.0005774935707449913,0.001423993962816894,0.002436533570289612,0.0012047495692968369,3.763847053050995e-05,3.763847053050995e-05,0.0014991890639066696,0.0001206868328154087,0.0001206868328154087,0.0012233846355229616,5.973479710519314e-05,5.973479710519314e-05,0.0007742508314549923,0.0011211633682250977,0.001591040170751512,0.0023161801509559155,0.002089298330247402,0.0,0.0,0.0008465003920719028,0.0018590399995446205,-0.0002192443935200572,-0.002398895099759102,-0.001167111098766327,0.0014615505933761597,8.304836228489876e-05,-0.001378502231091261,0.001102697802707553,-6.095203571021557e-05,-0.0011636498384177685,0.0007145160343497992,0.0010614285711199045,0.0008167893392965198,0.0011950167827308178,0.0004982581594958901,-0.0023161801509559155,-0.002089298330247402,0.0008465003920719028,0.0018590399995446205,-0.00106574478559196,-0.004257935099303722,-0.0009478667052462697,0.0038604456931352615,0.0012501594610512257,-0.0028400528244674206,0.0010196494404226542,0.0013175501953810453,-0.0022663476411253214,0.0007754680700600147,0.002225078409537673,0.0001022733049467206,0.00013358821161091328,-0.0003185311798006296,-0.0035111969336867332,-0.0025875563733279705,0.00022688182070851326,-0.08076095581054688,-0.30418241024017334,-0.3166768550872803,-0.04962170124053955,-0.01627904176712036,0.09864911437034607,-0.10394147038459778,-0.06004953384399414,-0.06004953384399414,0.1844368278980255,0.0998835563659668,0.410331130027771,0.4461890161037445,0.11911976337432861,-0.08082401752471924,0.039493680000305176,0.05504500865936279,0.05504500865936279,-0.008993029594421387,-0.22342145442962646,-0.2359158992767334,0.2545607089996338,0.3003978133201599,0.14827081561088562,-0.08766242861747742,-0.1586986482143402,0.04389193654060364,0.24448636174201965,0.15993309020996094,0.22589430212974548,0.3463054597377777,-0.2912113666534424,-0.5270130634307861,-0.07962608337402344,0.13586902618408203,0.015551328659057617,-0.06403803825378418,-0.06403803825378418,-0.012494444847106934,0.47798216342926025,0.5363137125968933,-0.10628989338874817,-0.38806024193763733,-0.30696946382522583,0.13155436515808105,0.40318500995635986,0.1160411536693573,-0.01859205961227417,0.18637236952781677,-0.5171056985855103,-0.8733185529708862,0.21158528327941895,0.6628820896148682,0.09517741203308105,-0.1999070644378662,-0.0795893669128418,0.0,1.2058165073394775,1.429237961769104,1.416743516921997,1.1496883630752563,1.1830310821533203,1.0681028366088867,1.0930050611495972,1.1848372220993042,1.1848372220993042,0.9425920248031616,1.1292698383331299,1.439717411994934,1.4038594961166382,0.9635984897613525,0.9741297960281372,1.0944474935531616,1.2948942184448242,1.2948942184448242,1.0242093801498413,0.22342145442962646,0.21092700958251953,-0.27954959869384766,-0.23371243476867676,-0.08158552646636963,-0.09002602100372314,0.11673438549041748,0.09183216094970703,-0.24224519729614258,-0.055567383766174316,0.49712538719177246,0.2745896577835083,-0.47611892223358154,-0.429729700088501,0.13084900379180908,0.320764422416687,0.2004467248916626,-0.2706848382949829,-0.2706848382949829,-0.012494444847106934,-0.5029710531234741,-0.4446394443511963,0.19796407222747803,0.1436864137649536,0.1983199119567871,0.18185818195343018,-0.35897958278656006,-0.14739954471588135,0.739370584487915,0.3301570415496826,-0.973244309425354,-0.7043193578720093,0.6069679260253906,0.750494122505188,0.06959772109985352,-0.5914492607116699,-0.4711315631866455,0.0,0.39555391669273376,0.3796008825302124,0.38136669993400574,0.3951760530471802,0.41584667563438416,0.4394412636756897,0.3891686499118805,0.41651421785354614,0.4432513117790222,0.44724664092063904,0.4414982795715332,0.6488012075424194,0.687305212020874,0.4218659996986389,0.33284518122673035,0.41944897174835205,0.4454798996448517,0.44470420479774475,0.37369659543037415,-0.015953034162521362,-0.014187216758728027,0.015575170516967773,0.03447997570037842,0.04426521062850952,-0.026678025722503662,-0.022927045822143555,0.054082661867141724,0.030732423067092896,-0.0017530322074890137,0.2015545666217804,0.24580693244934082,-0.22693520784378052,-0.3544600307941437,-0.0024170279502868652,0.11263471841812134,0.0252552330493927,-0.07178330421447754,-0.0710076093673706,0.001765817403793335,0.031528204679489136,0.048667192459106445,0.028690040111541748,-0.06115800142288208,-0.06719225645065308,0.08076068758964539,0.05365946888923645,-0.05583569407463074,0.1708221435546875,0.24755996465682983,-0.4284897744655609,-0.6002669334411621,0.22451817989349365,0.467094749212265,0.027672260999679565,-0.18441802263259888,-0.0962628424167633,0.0007756948471069336,0.3502126932144165,0.2677013874053955,0.3760453164577484,0.46163880825042725,0.13207300007343292,0.033104266971349716,0.20500117540359497,0.3092806041240692,0.08266481757164001,0.0284526739269495,0.06264687329530716,0.21764236688613892,0.15395736694335938,0.18130415678024292,0.005232368595898151,0.16538864374160767,0.03968307748436928,0.09061211347579956,0.2987011671066284,-0.082511305809021,0.02583262324333191,0.19393742084503174,-0.2439723163843155,-0.42853453755378723,0.07292817533016205,0.2761763334274292,-0.12233635783195496,-0.28082793951034546,-0.020017944276332855,0.18918968737125397,0.09131049364805222,-0.036338210105895996,-0.1487250030040741,-0.015915513038635254,0.0344507098197937,-0.0747765302658081,0.25901809334754944,0.20808905363082886,0.1083439290523529,0.27644872665405273,-0.2698049545288086,-0.6224719285964966,0.31690049171447754,0.704710841178894,-0.195264533162117,-0.5570042729377747,0.1023184135556221,0.47001761198043823,0.11132843792438507,-0.22552789747714996,-0.2400355041027069,0.020422697067260742,0.1831757128238678,-0.05886101722717285,0.22456738352775574,0.28286558389663696,-0.05092903971672058,1.6885862350463867,1.9908437728881836,1.7863024473190308,1.5494006872177124,1.5989371538162231,1.2822153568267822,1.0764539241790771,1.372186303138733,1.0698732137680054,1.0404037237167358,1.5500950813293457,1.7058316469192505,1.3545161485671997,1.1194734573364258,1.3386948108673096,1.3781474828720093,2.1756772994995117,2.1908974647521973,1.405426025390625,0.3022575378417969,0.09771621227264404,-0.4414430856704712,-0.18736529350280762,-0.2671853303909302,-0.522483229637146,0.08997094631195068,-0.006580710411071777,-0.33178257942199707,0.48022186756134033,0.6654279232025146,-0.195578932762146,-0.5863581895828247,-0.015821337699890137,0.2586740255355835,0.8369824886322021,0.812749981880188,-0.7702512741088867,-0.7854714393615723,-0.20454132556915283,-0.7437006235122681,-0.28508150577545166,0.17425775527954102,-0.3351179361343384,0.35715627670288086,0.5159025192260742,-0.42175352573394775,0.4868025779724121,0.9972105026245117,-0.6758008003234863,-1.2517861127853394,0.17975759506225586,0.8450322151184082,0.8528038263320923,0.5540759563446045,-1.6072337627410889,-1.5982214212417603,-0.015220165252685547,0.0004725775506813079,0.00018278232892043889,-1.9877050362993032e-05,-0.0005163306486792862,-4.078887286596e-05,0.0009403894073329866,-0.0001310142979491502,0.0007674818625673652,-3.0096323826001026e-05,-0.0003776777593884617,0.00018283190729562193,3.726148133864626e-05,0.0003309409657958895,0.0006846020696684718,-0.00011223391629755497,0.0002854594786185771,0.0008641038439236581,-1.4351272739077103e-06,0.0007727560587227345,-0.000289795221760869,-0.0004924546228721738,-0.0006991130067035556,-2.091182250296697e-05,0.0014567200560122728,-9.02254250831902e-05,-0.00017290754476562142,0.00010091797594213858,-0.0011451595928519964,0.00021292823657859117,0.0004149392480030656,0.00014810905850026757,0.0006473406101576984,-0.00044317488209344447,-0.0003991425910498947,0.0009763377602212131,-0.0002868946176022291,-9.134778520092368e-05,0.000774191168602556,-0.00020265940111130476,-0.00040931778494268656,0.0004715427930932492,0.0021558329463005066,-6.931360258022323e-05,-0.0016296275425702333,0.00019114339374937117,-0.000972252048086375,0.00011201026063645259,0.001560098840855062,-6.48191780783236e-05,0.0002324013621546328,-0.0005912839551456273,-0.0010464831721037626,0.001419512671418488,0.00011224797344766557,-0.0010676855454221368,0.001061085844412446,0.0008655389538034797,-12071781.0,-14487848.0,-13235962.0,-11346761.0,-11562920.0,-9051236.0,-7509748.5,-9827058.0,-7392047.0,-7224808.5,-11313973.0,-12515502.0,-9926695.0,-7952739.5,-9526826.0,-9932667.0,-16694992.0,-16630036.0,-10175727.0,-2416067.0,-1164181.0,3141087.0,1673042.0,2295525.0,4053171.5,-775822.0,117701.5,2602249.5,-3921926.0,-5290693.5,1387278.0,4562762.5,399869.0,-1979927.5,-7168166.0,-6697369.0,6519265.0,6454309.0,1251886.0,5557154.0,2837223.0,-845562.0,2380129.5,-3071347.0,-3935470.0,3378071.5,-4039627.5,-7892943.0,5309204.0,9853456.0,-987409.0,-6542690.0,-7568035.0,-4717441.5,13687431.0,13151678.0,-64956.0,0.0024071296211332083,0.006296271923929453,0.0055916705168783665,0.00205714232288301,0.002155690686777234,0.001392314792610705,0.0009762446279637516,0.0022270989138633013,0.0014634417602792382,0.0009432991500943899,0.0020974655635654926,0.009637458249926567,0.008815782144665718,0.0006669105496257544,0.0010019255569204688,0.0013939561322331429,0.004997779615223408,0.0047703213058412075,0.0011545374291017652,0.0038891423027962446,0.003184540895745158,-0.004239129833877087,-0.0034359798301011324,-0.000664827530272305,-0.0011794460006058216,0.0008347841212525964,0.00048719713231548667,-0.0012837997637689114,0.0006340238032862544,0.008694158867001534,0.0067183165811002254,-0.008970547467470169,-0.007813856936991215,0.0007270455826073885,0.003995853941887617,0.0033763651736080647,-0.0038432423025369644,-0.003615783993154764,-0.0007046014070510864,-0.008128272369503975,-0.006620520725846291,0.0035743024200201035,0.002256533829495311,0.0014996116515249014,0.0016666431911289692,-0.002118583768606186,0.00014682667097076774,0.009977959096431732,0.006084292661398649,-0.017664706334471703,-0.014532173052430153,0.009697592817246914,0.011809710413217545,0.002649319591000676,-0.007839096710085869,-0.006992149166762829,0.00022745830938220024,-0.015707723796367645,0.00032441012444905937,0.011448930948972702,0.0015540216118097305,0.009890107437968254,0.010877593420445919,0.007626840844750404,0.005376855842769146,0.00018987029034178704,0.008074050769209862,0.005402855575084686,0.0028836841229349375,0.010759493336081505,0.021069524809718132,-0.01572454161942005,-0.01269870437681675,0.02717161737382412,0.012927711009979248,-0.00038674965617246926,0.016032133251428604,0.027156654745340347,0.0012296114582568407,-0.001558823511004448,0.009323571808636189,-0.0022632665932178497,-0.005500737577676773,-0.007436970714479685,0.002697194926440716,0.005212985444813967,-0.005190366879105568,0.0053566377609968185,0.018185840919613838,-0.026484034955501556,-0.03376822918653488,0.04289615899324417,0.025626415386795998,-0.02755836769938469,-0.013314460404217243,0.011124521493911743,-0.014802522026002407,-0.028715478256344795,0.008093960583209991,-0.0007044430822134018,-0.014824309386312962,-0.005173704121261835,0.008197932504117489,0.012649956159293652,-0.007887561805546284,0.0001436523161828518,0.023376207798719406,-0.031840674579143524,-0.05195406824350357,0.06938019394874573,0.05939464271068573,-0.07045452296733856,-0.038940876722335815,0.014243907295167446,0.25111547112464905,0.27477332949638367,0.2592572867870331,0.24237769842147827,0.24545074999332428,0.21947863698005676,0.20146670937538147,0.22788189351558685,0.20142951607704163,0.19796398282051086,0.24222193658351898,0.2542804181575775,0.22564271092414856,0.2017790675163269,0.22313551604747772,0.2271963506937027,0.28214994072914124,0.28709346055984497,0.23086459934711456,0.02365785837173462,0.008141815662384033,-0.032395631074905396,-0.013806536793708801,-0.02289906144142151,-0.04398404061794281,0.00840325653553009,-3.719329833984375e-05,-0.02991791069507599,0.040792420506477356,0.05631643533706665,-0.016579225659370422,-0.05250135064125061,-0.0025071948766708374,0.025417283177375793,0.05901442468166351,0.05989710986614227,-0.05128534138202667,-0.05622886121273041,-0.015516042709350586,-0.056053489446640015,-0.021948352456092834,0.009496569633483887,-0.03017750382423401,0.0313023179769516,0.043946847319602966,-0.03832116723060608,0.0408296138048172,0.08623434603214264,-0.05737164616584778,-0.10881778597831726,0.014072030782699585,0.0779186338186264,0.06152161955833435,0.03447982668876648,-0.11029976606369019,-0.11612597107887268,-0.004943519830703735,0.06305898725986481,0.07550037652254105,0.06721433997154236,0.05874694883823395,0.060246068984270096,0.048170872032642365,0.04058883339166641,0.05193015933036804,0.040573850274086,0.03918973729014397,0.05867146700620651,0.06465853750705719,0.05091463401913643,0.04071479290723801,0.04978945851325989,0.05161818116903305,0.07960859686136246,0.0824226513504982,0.0532984659075737,0.012441389262676239,0.004155352711677551,-0.0167534276843071,-0.006968270987272263,-0.010576076805591583,-0.019657235592603683,0.0037592872977256775,-1.4983117580413818e-05,-0.012740422040224075,0.018097616732120514,0.025468800216913223,-0.007756832987070084,-0.023943744599819183,-0.0011251755058765411,0.010903388261795044,0.02981913834810257,0.03080447018146515,-0.026310130953788757,-0.0291241854429245,-0.008286036550998688,-0.029194816946983337,-0.011123623698949814,0.006177350878715515,-0.012688964605331421,0.01433536410331726,0.01964225247502327,-0.016499709337949753,0.018112599849700928,0.0382092222571373,-0.025854449719190598,-0.04941254481673241,0.0066316574811935425,0.03484713286161423,0.03094431385397911,0.019901081919670105,-0.05612926930189133,-0.05992865562438965,-0.002814054489135742,-0.05190962925553322,-0.3985918164253235,-0.5057879090309143,-0.42371952533721924,-0.20729756355285645,0.07364849001169205,-0.3100796341896057,-0.14081960916519165,-0.007961103692650795,0.41785725951194763,0.32873573899269104,0.768902063369751,1.089216947555542,-0.03576004132628441,-0.3023017644882202,-0.04481417313218117,-0.15462329983711243,-0.1483011692762375,-0.10019195824861526,-0.34668219089508057,-0.4538782835006714,-0.025127708911895752,0.29849034547805786,0.4973680078983307,-0.10278207063674927,-0.2144680917263031,0.30211853981018066,0.5586768388748169,0.3366968333721161,0.35104480385780334,0.7604812383651733,-0.8046621084213257,-1.3915187120437622,-0.009054131805896759,0.1476784646511078,-0.10348699986934662,0.05443134158849716,0.04810921102762222,-0.10719609260559082,0.3215544819831848,0.7523686289787292,0.5224957466125488,-0.40127241611480713,-0.7118360996246338,0.40490061044692993,0.7731449604034424,0.034578293561935425,-0.20763203501701355,0.42378440499305725,-1.1557068824768066,-2.1519999504089355,0.7956079840660095,1.5391972064971924,-0.09443286806344986,-0.09324712306261063,0.15159621834754944,-0.006322130560874939,2.514186143875122,2.924248456954956,3.3365297317504883,2.6503114700317383,2.684307336807251,2.9084956645965576,3.128523588180542,3.3777315616607666,3.7775769233703613,3.029071092605591,2.6539416313171387,4.358142852783203,5.45930290222168,2.3993701934814453,2.207266092300415,2.6835286617279053,2.6802542209625244,2.5276567935943604,2.4227614402770996,0.410062313079834,0.8223435878753662,-0.2739369869232178,-0.6522223949432373,0.25818419456481934,0.444216251373291,0.469235897064209,0.6490533351898193,-0.3486604690551758,-1.1236352920532227,1.3290717601776123,2.805361270904541,-1.9587726593017578,-3.2520368099212646,0.28415846824645996,0.4729881286621094,-0.15587186813354492,-0.2574927806854248,-0.10489535331726074,0.4122812747955322,-0.6839993000030518,-1.4745659828186035,0.5321211814880371,1.0964386463165283,0.21105170249938965,0.20483708381652832,-0.8178963661193848,-1.772688627243042,1.677732229232788,3.9289965629577637,-3.28784441947937,-6.057397842407227,2.2429311275482178,3.725024938583374,-0.4400303363800049,-0.7304809093475342,0.05097651481628418,0.15259742736816406,-15.692766189575195,0.4161102771759033,11.542470932006836,1.7902287244796753,9.93264102935791,10.70995044708252,7.684720516204834,5.232245922088623,0.20788797736167908,8.189911842346191,5.367751121520996,2.9112236499786377,10.68834400177002,20.92086410522461,-15.694890975952148,-12.7553071975708,27.016645431518555,12.935062408447266,-0.5361011624336243,16.108877182006836,27.23523712158203,1.374118447303772,-1.6098299026489258,8.919721603393555,-2.247920513153076,-5.4777045249938965,-7.476832389831543,2.9576659202575684,5.159862995147705,-5.278688430786133,5.320592880249023,18.009639739990234,-26.383235931396484,-33.676170349121094,42.7115364074707,25.69036865234375,-27.552745819091797,-13.471163749694824,11.126359939575195,-14.734758377075195,-28.84506607055664,7.545603275299072,-0.6380906105041504,-14.39742660522461,-5.228911876678467,8.435370445251465,12.636695861816406,-8.23635482788086,0.16072988510131836,23.288328170776367,-31.703828811645508,-51.68581008911133,69.09477233886719,59.366539001464844,-70.2642822265625,-39.16153335571289,14.081582069396973,-0.02506238780915737,0.013469395227730274,0.06410638242959976,0.06351006031036377,0.051198624074459076,0.030067741870880127,0.03070705384016037,0.016690092161297798,-0.005053757689893246,-0.004237547982484102,-0.021086912602186203,-0.015850625932216644,-0.010090620256960392,0.04700304567813873,-0.011194486171007156,-0.022742759436368942,0.06920382380485535,0.07195691764354706,0.008665617555379868,0.03853178396821022,0.08916877210140228,0.05004066601395607,-0.012907758355140686,-0.03344231843948364,-0.020491570234298706,-0.013377649709582329,-0.03576081246137619,-0.020927639678120613,-0.016033153980970383,-0.01161307841539383,0.010996292345225811,0.06285367161035538,-0.0011038659140467644,-0.06974580883979797,0.0803983062505722,0.0946996808052063,-0.06053820624947548,-0.06329129636287689,0.05063698813319206,0.01150888204574585,-0.10207653045654297,-0.08348298072814941,-0.00758381187915802,0.020064668729901314,-0.015269242227077484,-0.007549989968538284,0.019727658480405807,0.009314561262726784,0.02702944725751877,0.0744667500257492,-0.012100158259272575,-0.13259947299957275,0.08150216937065125,0.16444548964500427,-0.14093650877475739,-0.1579909771680832,-0.002753090113401413
0.023847170174121857,0.049962401390075684,-0.0033774396870285273,0.0018244485836476088,0.03430783376097679,0.04464978724718094,-0.012300274334847927,-0.027825497090816498,0.07432841509580612,0.0893084928393364,-0.07563473284244537,-0.020709065720438957,0.1543218344449997,-0.02376985177397728,-0.10413627326488495,0.12808732688426971,0.06784538179636002,-0.04600665718317032,0.031212784349918365,0.026115231215953827,-0.02722460962831974,-0.04813795164227486,0.037685275077819824,0.04282533749938011,-0.04660810902714729,-0.07247528433799744,0.08662869036197662,0.1171339899301529,-0.1499631404876709,-0.1100175604224205,0.22995656728744507,-0.0030607860535383224,-0.25845810770988464,0.1518571823835373,0.17198166251182556,-0.17409399151802063,-0.03663259744644165,0.07721944153308868,-0.05333983898162842,-0.07425318658351898,0.06490988284349442,0.09096328914165497,-0.08429338037967682,-0.11530062556266785,0.13323679566383362,0.18960927426815033,-0.23659183084964752,-0.2271515429019928,0.37991970777511597,0.10695677250623703,-0.4884146749973297,0.15491797029972076,0.4304397702217102,-0.32595115900039673,-0.2086142599582672,0.2513134479522705,0.11385203897953033,0.2155729979276657,0.229462668299675,0.22855031490325928,0.1988610029220581,0.16041262447834015,0.18556031584739685,0.1797630339860916,0.17480714619159698,0.22246620059013367,0.2060459703207016,0.20837867259979248,0.2014819234609604,0.22791928052902222,0.31199607253074646,0.26347270607948303,0.21475422382354736,0.19177375733852386,0.13360773026943207,0.14108806848526,0.013889670372009277,0.012977316975593567,-0.030601665377616882,-0.06813769042491913,-0.013300687074661255,0.019350409507751465,-0.010753169655799866,0.04270316660404205,0.031238824129104614,-0.014087527990341187,-0.004564046859741211,0.019540607929229736,0.11051414906978607,0.035553425550460815,-0.0972418487071991,-0.07169894874095917,-0.0811464935541153,-0.050685688853263855,0.007480338215827942,-0.0009123533964157104,-0.04449133574962616,-0.0811150074005127,0.017300978302955627,0.0874880999326706,0.002547517418861389,0.02335275709629059,0.04199199378490448,-0.05679069459438324,-0.035802870988845825,0.03362813591957092,0.11507819592952728,0.01601281762123108,-0.20775599777698517,-0.10725237429141998,0.0160953551530838,0.021013259887695312,0.08862683176994324,0.0581660270690918,0.7332391738891602,0.7332391738891602,0.6169725060462952,0.46621495485305786,0.4972741901874542,0.5998932719230652,0.5998932719230652,0.47598928213119507,0.5730268359184265,0.5730268359184265,0.551668107509613,0.39664196968078613,0.8543498516082764,0.8543498516082764,0.4010084569454193,0.8019431829452515,0.8019431829452515,0.3311871290206909,0.7106410264968872,0.0,-0.11626666784286499,-0.2670242190361023,-0.11969831585884094,0.13367831707000732,0.10261908173561096,-0.12390398979187012,-0.026866436004638672,0.09703755378723145,-0.021358728408813477,-0.17638486623764038,0.30268174409866333,0.45770788192749023,-0.45334139466285706,-0.0524066686630249,0.40093472599983215,-0.47075605392456055,-0.09130215644836426,0.3794538974761963,-0.11626666784286499,-0.2670242190361023,-0.003431648015975952,0.4007025361061096,0.2223173975944519,-0.25758230686187744,-0.12948551774024963,0.22094154357910156,0.005507707595825195,-0.2734224200248718,0.3240404725074768,0.6340927481651306,-0.7560231685638428,-0.5101145505905151,0.8542761206626892,-0.41834938526153564,-0.4922368824481964,0.8502099514007568,0.47075605392456055,0.7332391738891602,0.7332391738891602,0.6169725060462952,0.46621495485305786,0.4972741901874542,0.6391845345497131,0.6391845345497131,0.5275465846061707,0.5730268359184265,0.5730268359184265,0.5719954371452332,0.5719954371452332,0.8543498516082764,0.9574662446975708,0.9574662446975708,0.8019431829452515,0.8019431829452515,0.45560330152511597,0.7106410264968872,0.0,-0.11626666784286499,-0.2670242190361023,-0.11969831585884094,0.17296957969665527,0.1419103443622589,-0.11163794994354248,-0.06615769863128662,0.04548025131225586,-0.0010313987731933594,-0.0010313987731933594,0.2823544144630432,0.38547080755233765,0.10311639308929443,-0.15552306175231934,-0.15552306175231934,-0.3463398814201355,-0.09130215644836426,0.25503772497177124,-0.11626666784286499,-0.2670242190361023,-0.003431648015975952,0.43999379873275757,0.26160866022109985,-0.28460752964019775,-0.20806804299354553,0.15711820125579834,0.06512629985809326,-0.04651165008544922,0.2833858132362366,0.386502206325531,-0.17923802137374878,-0.540993869304657,-0.25863945484161377,-0.19081681966781616,0.06422090530395508,0.6013776063919067,0.3463398814201355,-0.5181315541267395,-0.5753380060195923,-0.5753380060195923,-0.45031434297561646,-0.3213874101638794,-0.6391845345497131,-0.6391845345497131,-0.5275465846061707,-0.5275465846061707,-0.4329594373703003,-0.5719954371452332,-0.5719954371452332,-0.40956881642341614,-0.9574662446975708,-0.9574662446975708,-0.43581894040107727,-0.45560330152511597,-0.45560330152511597,-0.37043747305870056,-0.05720645189285278,-0.05720645189285278,0.12502366304397583,0.2539505958557129,-0.18887019157409668,-0.31779712438583374,0.11163794994354248,0.11163794994354248,0.09458714723587036,-0.0444488525390625,-0.13903599977493286,0.16242662072181702,-0.38547080755233765,-0.547897458076477,0.5216473340988159,0.5018629431724548,-0.019784361124038696,0.0851658284664154,0.0851658284664154,0.0,0.1822301149368286,0.3111570477485657,-0.3138938546180725,-0.5717477202415466,0.30050814151763916,0.4294350743293762,-0.01705080270767212,-0.15608680248260498,-0.23362314701080322,0.20687547326087952,-0.24643480777740479,-0.7103240489959717,0.9071181416511536,1.049760341644287,-0.5414316654205322,-0.41669711470603943,0.1049501895904541,0.0,5.1585957407951355e-06,0.0014445718843489885,0.0022948121186345816,0.0020020026713609695,0.0002672816626727581,0.0002672816626727581,5.422969115898013e-05,5.422969115898013e-05,0.0016177804209291935,0.0008048904128372669,0.0008048904128372669,0.0009847197216004133,0.0011877598008140922,0.00015089521184563637,6.315321661531925e-05,6.315321661531925e-05,0.0005089353071525693,0.0003403699956834316,0.0,0.0014394132886081934,0.0022896535228937864,0.000557430787011981,-0.0020275304559618235,-0.0017347210086882114,-0.00021305197151377797,-0.00021305197151377797,0.0015635506715625525,0.0007506607216782868,-0.0008128900080919266,0.0001798293087631464,0.00038286938797682524,-0.000833824509754777,-0.001124606584198773,-8.774199523031712e-05,0.00044578209053725004,0.0002772167790681124,-0.0005089353071525693,-0.0003403699956834316,0.000850240234285593,-0.0008819825015962124,-0.00431718397885561,-0.0022921517957001925,0.0018144785426557064,0.0015216690953820944,0.0017766025848686695,0.0009637126931920648,-0.002376440679654479,-0.0005708314129151404,0.0011957593960687518,-0.0010136538185179234,-0.0015074759721755981,0.0007460825145244598,0.001570388674736023,0.0003649587742984295,-0.0009547173976898193,-0.000617586774751544,0.00016856531146913767,0.21510761976242065,0.15790116786956787,0.04163450002670288,0.015900611877441406,0.17588678002357483,-0.03929126262664795,-0.03929126262664795,-0.051557302474975586,0.04548025131225586,0.14006739854812622,-0.020327329635620117,-0.17535346746444702,0.44478103518486023,-0.10311639308929443,-0.5564577579498291,0.3661242425441742,0.3463398814201355,-0.12441617250442505,0.34020355343818665,-0.05720645189285278,-0.17347311973571777,-0.14200055599212646,0.13425227999687195,-0.055191874504089355,-0.21517804265022278,-0.012266039848327637,0.08477151393890381,0.1916247010231018,-0.06580758094787598,-0.31542086601257324,0.46510836482048035,0.07223707437515259,-1.0012388229370117,0.46924063563346863,0.9027976393699646,-0.49054041504859924,-0.0061363279819488525,0.4646197259426117,-0.11626666784286499,-0.08479410409927368,0.3077253997325897,0.08680868148803711,-0.3494303226470947,0.04292583465576172,0.2999495565891266,0.20389074087142944,-0.15057909488677979,-0.507045567035675,0.5309159755706787,0.38765794038772583,-1.4663472175598145,0.39700356125831604,1.904036521911621,-0.9597810506820679,-0.9089339971542358,0.9551601409912109,0.47075605392456055,1.2513706684112549,1.3085771799087524,1.1923105716705322,0.9165292978286743,0.8186615705490112,1.2390778064727783,1.2390778064727783,1.0035358667373657,1.1005734205245972,1.005986213684082,1.1236635446548462,0.9686374068260193,1.2639186382293701,1.8118160963058472,1.3584747314453125,1.2377620935440063,1.2575464248657227,0.7867904305458069,1.0810785293579102,0.05720651149749756,-0.059060096740722656,-0.3920478820800781,-0.373649001121521,0.322548508644104,0.4204162359237671,-0.2355419397354126,-0.13850438594818115,0.0024503469467163086,0.023090124130249023,-0.037348806858062744,0.14025509357452393,0.8431786894798279,0.09455609321594238,-0.5740540027618408,-0.10092830657958984,-0.45097166299819946,-0.1764678955078125,0.29428809881210327,-0.11626660823822021,-0.4492543935775757,-0.31458890438079834,0.7145963907241821,0.7940652370452881,-0.5580904483795166,-0.5589206218719482,0.2379922866821289,0.16159451007843018,-0.03979915380477905,0.1171649694442749,0.8805274963378906,-0.04569900035858154,-1.4172327518463135,-0.19548439979553223,0.12308233976364136,-0.07553958892822266,0.7452597618103027,0.47075599431991577,0.4974640905857086,0.4830685555934906,0.4210602343082428,0.34250006079673767,0.3980586528778076,0.43690571188926697,0.4471603333950043,0.36400696635246277,0.39787623286247253,0.4066545069217682,0.3881041407585144,0.28791287541389465,0.5713295340538025,0.4901294410228729,0.24593894183635712,0.5428815484046936,0.5618298649787903,0.2870062589645386,0.5728184580802917,-0.014395534992218018,-0.07640385627746582,-0.14056849479675293,-0.02300158143043518,0.0944056510925293,0.049101680517196655,-0.0728987455368042,-0.04928410053253174,0.04264754056930542,-0.00977209210395813,-0.11874163150787354,0.18322539329528809,0.20221656560897827,-0.3253905773162842,0.05275210738182068,0.315890908241272,-0.25587528944015503,0.010988593101501465,0.2858121991157532,-0.0620083212852478,-0.1261729598045349,0.05340227484703064,0.23497414588928223,0.07210326194763184,-0.1673043966293335,-0.0983857810497284,0.11554628610610962,0.03951200842857361,-0.16138917207717896,0.19299748539924622,0.3209581971168518,-0.5086159706115723,-0.1494644582271576,0.6412814855575562,-0.3086273968219757,-0.3049023151397705,0.5416874885559082,0.2748236060142517,0.10255727171897888,0.0750374048948288,0.6169725060462952,0.37084272503852844,0.31239646673202515,0.15258163213729858,0.0625988245010376,0.22579863667488098,0.2651127576828003,0.19631600379943848,0.5328867435455322,0.08959943801164627,0.06758398562669754,0.19557404518127441,0.16073687374591827,0.0028691755142062902,0.27138933539390564,0.27762356400489807,0.07895796000957489,-0.027519866824150085,0.5144152641296387,0.29580533504486084,-0.30457603931427,-0.21826109290122986,-0.24979764223098755,0.0732170045375824,0.2025139331817627,-0.029482632875442505,0.26777398586273193,-0.1067165657877922,-0.4653027653694153,0.10597460716962814,0.09315288811922073,-0.19270487129688263,0.11065246164798737,0.2747543752193451,-0.19243137538433075,-0.19866560399532318,0.54193514585495,0.3233252167701721,-0.8189913034439087,-0.5140664577484131,0.05477839708328247,0.29147809743881226,0.45231157541275024,-0.1026996374130249,0.06526005268096924,-0.0772339329123497,-0.7330767512321472,0.21269117295742035,0.5584556460380554,-0.2986794710159302,0.017499573528766632,0.4674592614173889,-0.3030838370323181,-0.4734199643135071,-0.006234228610992432,1.9485244750976562,2.191380023956299,1.9030777215957642,1.4173344373703003,1.005461573600769,1.467287302017212,1.3372513055801392,1.2070355415344238,1.7761433124542236,1.6276746988296509,1.685343861579895,1.4870328903198242,2.06427001953125,3.811272382736206,2.917931079864502,1.9657319784164429,1.7136621475219727,0.7319787740707397,0.9779200553894043,0.24285554885864258,-0.04544675350189209,-0.7740455865859985,-0.8976161479949951,0.04995286464691162,0.3317897319793701,-0.2602517604827881,0.4388920068740845,0.42063915729522705,-0.09079945087432861,-0.14064180850982666,0.378926157951355,2.324239492416382,0.853661060333252,-1.8455404043197632,-1.2042689323425293,-1.2337532043457031,-0.7357420921325684,0.24594128131866455,-0.28830230236053467,-1.0169011354446411,-0.852169394493103,0.8239984512329102,1.2294058799743652,-0.3102046251296997,0.10710227489471436,0.6808909177780151,-0.5296914577484131,-0.5612809658050537,0.4697256088256836,2.464881420135498,0.474734902381897,-4.1697797775268555,-2.0579299926757812,0.6117871999740601,0.46852684020996094,1.4796944856643677,0.9816833734512329,-0.0006547439261339605,0.0008778515039011836,-0.0008940170519053936,0.0014392195735126734,-0.0005415164050646126,1.6077492546173744e-05,-0.0004884509835392237,0.00019997474737465382,-0.0008859874214977026,0.0003813307557720691,-0.0004698614066001028,-0.00042099200072698295,0.0006481194868683815,-0.0003278040967416018,-2.39603850786807e-05,0.0005785430548712611,-0.0005184471956454217,0.001215555937960744,-0.00014486772124655545,0.0015325953718274832,-0.00023927312577143312,0.0005613680696114898,0.000352500646840781,-0.0014231420354917645,5.3065421525388956e-05,0.00018389725300949067,-0.00039753643795847893,0.00018135600839741528,0.0004161260148975998,-0.000802322756499052,0.0011179809225723147,9.318790398538113e-05,-0.0006720798555761576,0.0009063471807166934,-0.0004944868269376457,0.0006370128830894828,0.0003735794743988663,-0.001360423630103469,-0.0017718684393912554,-0.0009712273022159934,0.0005917737726122141,-0.0019845101051032543,-0.000299435225315392,0.0016070392448455095,-0.0004506018594838679,-2.5412446120753884e-06,0.0008136624237522483,-0.0009836787357926369,0.0007018549367785454,0.0008955106604844332,-0.0017900607781484723,0.0008131592767313123,0.0001775930286385119,-0.0002693342976272106,0.0008680663304403424,-0.00199743639677763,-0.0017340030753985047,-14460149.0,-16957370.0,-14950686.0,-10527820.0,-7096558.5,-10792258.0,-9701412.0,-8463140.0,-13605820.0,-12363307.0,-12442796.0,-11109209.0,-16063131.0,-33024772.0,-24438256.0,-15303520.0,-12848964.0,-4932003.5,-6791745.5,-2497221.0,-490537.0,6429550.0,7854127.5,-264438.0,-2604853.5,2329118.0,-3904408.0,-3900167.0,1163024.0,1254098.0,-3620335.0,-21915564.0,-8375125.0,17721252.0,11589292.0,10371516.0,6057218.5,-1859742.0,2006684.0,8926771.0,8344664.5,-6693988.0,-10458981.0,2593556.0,-1299554.5,-6229285.0,5067432.0,5154265.0,-4783359.0,-23169662.0,-4754790.0,39636816.0,19964416.0,-7349736.0,-5532073.5,-12231258.0,-7916960.5,0.005007354076951742,0.005850956775248051,0.002002759138122201,0.0008199834846891463,0.0005295461160130799,0.002443441655486822,0.0021225418895483017,0.0008817878551781178,0.0017910292372107506,0.0016819338779896498,0.0019171676831319928,0.0013745519099757075,0.007799006532877684,0.02775072120130062,0.02041007950901985,0.008098429068922997,0.007972496561706066,0.00024099621805362403,0.001835457980632782,0.0008436026982963085,-0.003004594938829541,-0.005030973348766565,-0.001473213080316782,0.0016234582290053368,0.0015929958317428827,-0.0015616538003087044,-0.0003315126523375511,0.000800146022811532,0.00012613844592124224,-0.00030738196801394224,0.005881838966161013,0.02637616917490959,0.01261107251048088,-0.019652292132377625,-0.012437582947313786,-0.007857432588934898,-0.006137038581073284,0.0015944617334753275,-0.0038481976371258497,-0.005874576047062874,0.0015313818585127592,0.006654431577771902,0.0030662089120596647,-0.003185112029314041,-0.0019245084840804338,0.0023617998231202364,0.00045765109825879335,-0.0011075279908254743,0.005755700636655092,0.02668355032801628,0.006729233544319868,-0.046028461307287216,-0.02504865452647209,0.011794859543442726,0.006300544366240501,0.009451894089579582,0.007731500081717968,0.011612210422754288,0.02522950805723667,-0.0021571118850260973,0.0011919296812266111,0.017035972326993942,0.022383853793144226,-0.0063300663605332375,-0.01396894920617342,0.03692636266350746,0.04490827023983002,-0.03822866082191467,-0.010517379269003868,0.07760799676179886,-0.012033900246024132,-0.05233267694711685,0.06441788375377655,0.03388921916484833,-0.022851021960377693,0.015629343688488007,0.013617297634482384,-0.013769322074949741,-0.02403757907450199,0.01919308491051197,0.021191924810409546,-0.023366037756204605,-0.03635280206799507,0.043256428092718124,0.05887721851468086,-0.07515501976013184,-0.055425651371479034,0.11583665758371353,-0.0015165209770202637,-0.1299406737089157,0.07645178586244583,0.08622189611196518,-0.0872689038515091,-0.01825987547636032,0.03848036378622055,-0.0273866206407547,-0.037654876708984375,0.032962407916784286,0.04522950202226639,-0.042559124529361725,-0.05754472687840462,0.06662246584892273,0.09523002058267593,-0.11841145157814026,-0.1143028736114502,0.19099166989326477,0.05390913039445877,-0.24577733874320984,0.0779683068394661,0.2161625623703003,-0.16372069716453552,-0.1044817715883255,0.12574926018714905,0.05674023926258087,0.27078837156295776,0.28391021490097046,0.2686283588409424,0.23183585703372955,0.192228764295578,0.2316204458475113,0.2248612642288208,0.2121320366859436,0.24864228069782257,0.2318107932806015,0.2412118911743164,0.23656867444515228,0.2332872599363327,0.3794378936290741,0.31590205430984497,0.24105924367904663,0.2457173466682434,0.16012129187583923,0.19002792239189148,0.013121843338012695,-0.002160012722015381,-0.052074357867240906,-0.07639959454536438,-0.00021541118621826172,0.0326324999332428,-0.019488409161567688,0.02378101646900177,0.019678756594657898,-0.0074303895235061646,0.004757881164550781,-0.007924631237983704,0.14286921918392181,0.08261479437351227,-0.13837864995002747,-0.07018470764160156,-0.0809379518032074,-0.05568942427635193,0.029906630516052246,-0.015281856060028076,-0.0651962012052536,-0.074239581823349,0.051858946681022644,0.10903209447860718,-0.019272997975349426,-0.008851483464241028,0.039167165756225586,-0.031211405992507935,-0.014920875430107117,-0.0004942417144775391,0.13811133801937103,0.09053942561149597,-0.2812478542327881,-0.15279950201511383,0.05744069814682007,0.014495283365249634,0.11084458231925964,0.08559605479240417,0.07332633435726166,0.08060501515865326,0.07216119766235352,0.05374786630272865,0.03695189952850342,0.05364803224802017,0.05056258663535118,0.044999998062849045,0.061822984367609024,0.05373624712228775,0.058183178305625916,0.05596473813056946,0.05442294850945473,0.14397311210632324,0.09979411214590073,0.05810955539345741,0.06037701293826103,0.025638829916715622,0.03611060976982117,0.0072786808013916016,-0.001165136694908142,-0.026857148855924606,-0.0352092981338501,-9.983405470848083e-05,0.013610687106847763,-0.008648034185171127,0.011260397732257843,0.008736249059438705,-0.0036398060619831085,0.0022284910082817078,-0.0037602297961711884,0.08800837397575378,0.045371163636446,-0.08586356043815613,-0.039417099207639694,-0.03247072547674179,-0.024266403168439865,0.010471779853105545,-0.008443817496299744,-0.03413582965731621,-0.034044161438941956,0.026757314801216125,0.04881998524069786,-0.008548200130462646,-0.00235028937458992,0.017384283244609833,-0.014900203794240952,-0.006507758051156998,-0.00012042373418807983,0.08577988296747208,0.04913139343261719,-0.1738719344139099,-0.0847882628440857,0.05339283496141434,0.015150696039199829,0.042942505329847336,0.03473818302154541,0.46656566858291626,0.2108820378780365,-0.02946019545197487,0.1764202117919922,0.26610174775123596,-0.0863044261932373,0.20830155909061432,-0.09950701147317886,-0.4622602164745331,-0.24247802793979645,0.25049862265586853,-0.32538068294525146,0.08554931730031967,-0.23572373390197754,-0.505152702331543,0.2678249180316925,0.6855353116989136,-0.01981441304087639,0.7314900755882263,-0.25568363070487976,-0.49602586030960083,-0.03446182608604431,0.29556193947792053,-0.2627246379852295,-0.05780018866062164,-0.013202585279941559,-0.6705617904663086,-0.142971009016037,0.7127588391304016,-0.08290265500545502,-0.16494929790496826,0.08965694904327393,-0.5907019972801208,0.5035486221313477,1.1906880140304565,-0.287639319896698,0.045954763889312744,0.7513045072555542,-0.24034222960472107,0.22122180461883545,0.7915878295898438,-0.22826281189918518,-0.35336214303970337,0.24952206015586853,-0.6127616167068481,-0.12976843118667603,1.3833205699920654,0.06006835401058197,-0.8777081370353699,0.17255960404872894,-0.4257526993751526,0.41389167308807373,1.7813899517059326,-0.7911879420280457,-1.144733190536499,1.0389437675476074,0.7053497433662415,2.7637486457824707,2.5624265670776367,2.011046886444092,2.001521110534668,2.3341429233551025,3.1956703662872314,3.24809193611145,2.4865033626556396,2.4878501892089844,2.5022311210632324,2.551666736602783,2.1752796173095703,3.333991527557373,2.484428644180298,2.5139591693878174,3.286290168762207,3.688382863998413,2.7188327312469482,4.066691875457764,-0.20132207870483398,-0.7527017593383789,-0.5609054565429688,0.32309603691101074,1.1941492557525635,0.9139490127563477,-0.7091670036315918,-0.7602417469024658,0.015727758407592773,0.06381654739379883,-0.3269515037536621,0.7823247909545898,0.30914902687072754,-0.8200323581695557,0.8018615245819092,1.1744236946105957,-0.5674574375152588,0.3783090114593506,1.3478591442108154,-0.5513796806335449,-0.35958337783813477,1.0757977962493896,1.7550547122955322,0.5908529758453369,-1.9033162593841553,-1.6741907596588135,0.7248947620391846,0.8240582942962646,-0.3426792621612549,0.718508243560791,0.6361005306243896,-1.6023571491241455,0.49271249771118164,1.9944560527801514,-1.369318962097168,-0.7961146831512451,1.9153165817260742,0.9695501327514648,11.97127914428711,25.081125259399414,-1.6954747438430786,0.9158731698989868,17.222532272338867,22.414194107055664,-6.174737930297852,-13.968400001525879,37.3128662109375,44.832862854003906,-37.96863555908203,-10.395951271057129,77.46955871582031,-11.932465553283691,-52.27640914916992,64.29983520507812,34.058380126953125,-23.0953426361084,15.668817520141602,13.109846115112305,-13.666753768920898,-24.165252685546875,18.918006896972656,21.498321533203125,-23.39727020263672,-36.38259506225586,43.48760223388672,58.80126190185547,-75.28150177001953,-55.22881317138672,115.43819427490234,-1.5365142822265625,-129.7459716796875,76.2322998046875,86.33479309082031,-87.39517974853516,-18.389562606811523,38.76416015625,-26.776599884033203,-37.27510070800781,32.58476257324219,45.66357421875,-42.315277099609375,-57.880916595458984,66.88487243652344,95.18385314941406,-118.76910400390625,-114.03007507324219,190.71969604492188,53.692298889160156,-245.18417358398438,77.76881408691406,216.0807647705078,-163.62747192382812,-104.72435760498047,126.15933990478516,57.153724670410156,-0.0017791201826184988,0.03686751052737236,-0.0069861337542533875,-0.03407937288284302,0.028688345104455948,0.05060730129480362,-0.02216506563127041,-0.014768356457352638,0.12006589770317078,0.08773114532232285,-0.09956536442041397,0.013802101835608482,0.16356059908866882,0.00984916090965271,-0.05937488377094269,0.12737321853637695,0.04064255952835083,-0.04495418071746826,0.004087486770004034,0.0386466309428215,-0.005207013338804245,-0.07094688713550568,0.035674478858709335,0.08468667417764664,-0.05085340887308121,-0.06537565588951111,0.14223095774650574,0.10249949991703033,-0.21963125467300415,-0.07392904162406921,0.2631259560585022,-0.003952940925955772,-0.2229354828596115,0.11752405762672424,0.10001744329929352,-0.17232739925384521,-0.03655507415533066,0.049041666090488434,-0.04385364428162575,-0.10959351807832718,0.04088149219751358,0.1556335687637329,-0.08652788400650024,-0.15006232261657715,0.19308435916900635,0.16787515580654144,-0.3618622124195099,-0.17642854154109955,0.48275721073150635,0.06997609883546829,-0.4860614538192749,0.12147700041532516,0.32295292615890503,-0.28985145688056946,-0.13657251000404358,0.22136905789375305,0.08559674024581909
0.2228580266237259,-0.08813968300819397,-0.2609107196331024,0.1295742690563202,0.06036994233727455,-0.17079757153987885,-0.04759525880217552,0.07446271181106567,-0.05618556961417198,-0.06455107778310776,-0.017773913219571114,-0.05660833790898323,0.012952299788594246,-0.0007594781345687807,-0.10267681628465652,-0.008963155560195446,0.019310083240270615,-0.06573531776666641,-0.06236421316862106,-0.31099772453308105,-0.4837687611579895,0.21771395206451416,0.32128065824508667,-0.30037182569503784,-0.10796520113945007,0.24526028335094452,-0.00859031081199646,-0.13901379704475403,0.03841165453195572,0.007942739874124527,0.03072621300816536,0.0558488592505455,-0.11562911421060562,-0.008203677833080292,0.12198689579963684,-0.05677216127514839,-0.08167429268360138,0.003371104598045349,-0.17277103662490845,0.5287116765975952,0.8050494194030762,-0.518085777759552,-0.42924585938453674,0.5456321239471436,0.09937489032745361,-0.38427406549453735,0.04700196534395218,0.14695653319358826,-0.0076854415237903595,0.047906119376420975,-0.14635533094406128,-0.0640525370836258,0.23761600255966187,-0.0485684834420681,-0.20366118848323822,0.06014326587319374,0.08504539728164673,0.2730637788772583,0.4610017240047455,0.3271194100379944,0.18187041580677032,0.2055642157793045,0.1983298808336258,0.19890530407428741,0.13700278103351593,0.1492602378129959,0.149162158370018,0.1248578131198883,0.1451287865638733,0.15431545674800873,0.1478390246629715,0.13443046808242798,0.12742681801319122,0.14985261857509613,0.15919898450374603,0.1197575256228447,0.18793794512748718,0.054055631160736084,-0.27913129329681396,-0.12155519425868988,0.01645946502685547,-0.00665891170501709,-0.06132709980010986,-0.049645066261291504,0.012159377336502075,-0.024402424693107605,-0.004033371806144714,0.029457643628120422,0.0027102380990982056,-0.01988498866558075,-0.020412206649780273,0.015422150492668152,0.03177216649055481,-0.030095092952251434,-0.03944145888090134,-0.1338823139667511,-0.46706923842430115,-0.17561082541942596,0.29559075832366943,0.11489628255367279,-0.07778656482696533,-0.042986154556274414,0.07348647713661194,0.0252426415681839,-0.01619274914264679,0.05386006832122803,0.00674360990524292,-0.04934263229370117,-0.02312244474887848,0.0353071391582489,0.05218437314033508,-0.045517243444919586,-0.07121362537145615,-0.009346365928649902,0.9079082012176514,0.9079082012176514,0.38950115442276,0.5808945894241333,0.5808945894241333,0.22505943477153778,0.3472626805305481,0.3472626805305481,0.2449800819158554,0.368582546710968,0.368582546710968,0.2690751850605011,0.4445614516735077,0.4445614516735077,0.2686271369457245,0.39309075474739075,0.4268823266029358,0.4268823266029358,0.34022632241249084,0.0,-0.5184070467948914,-0.32701361179351807,0.1913934350013733,-0.3558351397514343,-0.2336319088935852,0.12220324575901031,-0.10228259861469269,0.021319866180419922,0.12360246479511261,-0.09950736165046692,0.07597890496253967,0.1754862666130066,-0.1759343147277832,-0.05147069692611694,0.1582551896572113,0.033791571855545044,-0.08665600419044495,-0.08665600419044495,-0.5184070467948914,-0.32701361179351807,0.7098004817962646,-0.02882152795791626,-0.4250253438949585,0.47803837060928345,0.13134931027889252,-0.1008833795785904,0.2258850634098053,-0.12082722783088684,-0.04762355983257294,0.2749936282634735,-0.2519132196903229,-0.22695696353912354,0.3341895043849945,0.08526226878166199,-0.24491119384765625,-0.12044757604598999,0.0,0.9079082012176514,0.9777802228927612,0.9777802228927612,0.5808945894241333,0.5808945894241333,0.5064398050308228,0.5064398050308228,0.3472626805305481,0.4574982523918152,0.4574982523918152,0.368582546710968,0.457365483045578,0.457365483045578,0.4445614516735077,0.43774473667144775,0.43774473667144775,0.4925551414489746,0.4925551414489746,0.34022632241249084,0.06987202167510986,0.06987202167510986,-0.39688563346862793,-0.39688563346862793,-0.07445478439331055,-0.07445478439331055,-0.15917712450027466,-0.04894155263900757,0.11023557186126709,-0.08891570568084717,-0.00013276934623718262,0.08878293633460999,-0.012804031372070312,-0.01962074637413025,-0.0068167150020599365,0.054810404777526855,0.054810404777526855,-0.15232881903648376,-0.15232881903648376,0.0,-0.4667576551437378,-0.4667576551437378,0.3224308490753174,0.3224308490753174,-0.08472234010696411,0.02551323175430298,0.26941269636154175,-0.0399741530418396,-0.11036834120750427,0.17769864201545715,-0.01267126202583313,-0.10840368270874023,0.005987316370010376,0.0744311511516571,0.06162711977958679,-0.20713922381401062,-0.20713922381401062,0.0,-0.32316893339157104,-0.9777802228927612,-0.9777802228927612,-0.3906782269477844,-0.4915629029273987,-0.5064398050308228,-0.5064398050308228,-0.31769436597824097,-0.4574982523918152,-0.4574982523918152,-0.3291565179824829,-0.457365483045578,-0.457365483045578,-0.39131417870521545,-0.43774473667144775,-0.43774473667144775,-0.4925551414489746,-0.4925551414489746,-0.3015710711479187,-0.6546112895011902,-0.6546112895011902,0.5871019959449768,0.48621731996536255,-0.11576157808303833,-0.014876902103424072,0.1887454390525818,0.04894155263900757,-0.13980388641357422,0.12834173440933228,0.00013276934623718262,-0.1282089650630951,0.06605130434036255,0.01962074637413025,-0.0464305579662323,-0.054810404777526855,-0.054810404777526855,0.1909840703010559,0.1909840703010559,0.0,1.241713285446167,1.1408286094665527,-0.7028635740280151,-0.5010942220687866,0.3045070171356201,0.06381845474243164,-0.328549325466156,0.07940018177032471,0.1399366557598114,-0.25655069947242737,0.06591853499412537,0.14782971143722534,-0.11248186230659485,-0.0744311511516571,-0.008379846811294556,0.24579447507858276,0.24579447507858276,0.0,0.0025773588567972183,0.007373325061053038,0.00035346299409866333,0.00035346299409866333,0.0002338699996471405,0.0002338699996471405,0.0006886649644002318,0.0005185417830944061,0.0005185417830944061,0.000543511938303709,0.0004905716050416231,0.0002046883455477655,0.0002046883455477655,0.00045204785419628024,0.0005149440839886665,0.0004586258437484503,0.0004586258437484503,0.000523693859577179,0.0,0.004795966204255819,-0.002223895862698555,-0.007019862066954374,-0.00011959299445152283,-0.00011959299445152283,0.00045479496475309134,0.0002846717834472656,-0.0001701231813058257,2.4970155209302902e-05,-2.7970178052783012e-05,-0.00033882359275594354,-0.0002858832594938576,0.00024735950864851475,0.00031025573844090104,6.577989552170038e-06,-5.6318240240216255e-05,6.506801582872868e-05,-0.0004586258437484503,-0.000523693859577179,-0.007019862066954374,-0.011815828271210194,0.002104302868247032,0.0069002690725028515,0.0005743879592046142,0.00040426477789878845,-0.000624918146058917,-0.0002597016282379627,0.0001421530032530427,-0.00036379374796524644,-0.0002579130814410746,0.0005861831014044583,0.0005961389979347587,-0.0002407815190963447,-0.0003665739786811173,5.849002627655864e-05,-0.000402307603508234,-0.0005887618754059076,-6.506801582872868e-05,0.5847392678260803,-0.06987202167510986,-0.5882790684700012,0.19021636247634888,0.08933168649673462,-0.2813803553581238,-0.15917712450027466,0.02956831455230713,-0.21251817047595978,-0.08891570568084717,0.03942602872848511,-0.1882902979850769,-0.012804031372070312,0.053247272968292236,-0.16911759972572327,-0.04465398192405701,-0.06567281484603882,-0.06567281484603882,0.038655251264572144,-0.6546112895011902,-1.1730183362960815,0.26008838415145874,0.6776107549667358,-0.47159671783447266,-0.24850881099700928,0.3109486699104309,-0.05334104597568512,-0.1184840202331543,0.2519441843032837,-0.09937459230422974,-0.05223006010055542,0.24153757095336914,-0.15631356835365295,-0.09790125489234924,0.10344478487968445,-0.02101883292198181,0.10432806611061096,0.10432806611061096,-0.5184070467948914,0.9146996736526489,1.8506290912628174,-0.7316851019859314,-0.9261195659637451,0.7825453877449036,0.19516776502132416,-0.4294326901435852,0.3052852153778076,0.01910942792892456,-0.3041742444038391,0.3409121632575989,-0.10408350825309753,-0.3394388258457184,0.2597583532333374,0.07688242197036743,0.0008832812309265137,0.12534689903259277,0.0,1.2310771942138672,1.8856884241104126,1.367281436920166,0.9715728163719177,1.0724575519561768,0.7314992547035217,0.8537024855613708,0.6649570465087891,0.7024783492088318,0.8260807991027832,0.6977390646934509,0.7264406681060791,0.9019269347190857,0.8358756303787231,0.7063719034194946,0.8308354616165161,0.9194374680519104,0.9194374680519104,0.6417974233627319,0.6546112298965454,0.13620424270629883,-0.9141156077384949,-0.29482388496398926,-0.240073561668396,-0.2187550663948059,-0.06654220819473267,-0.15122413635253906,0.16112375259399414,-0.004739284515380859,-0.0996401309967041,0.20418787002563477,0.10943496227264404,-0.19555503129959106,-0.005040168762207031,0.21306556463241577,0.08860200643539429,-0.27764004468917847,-0.27764004468917847,-0.5184069871902466,-1.5687267780303955,-0.4310281276702881,0.6740420460700989,0.07606881856918335,0.17353135347366333,0.06753093004226685,0.2276659607887268,0.1464848518371582,-0.26076388359069824,0.20892715454101562,0.20907509326934814,-0.39974290132522583,-0.11447513103485107,0.40862059593200684,0.09364217519760132,-0.49070560932159424,-0.36624205112457275,0.0,0.5443449020385742,0.4446428716182709,0.21059687435626984,0.43082430958747864,0.41247236728668213,0.1622125804424286,0.2538559138774872,0.3042629361152649,0.20378081500530243,0.304280161857605,0.3361498713493347,0.2277376353740692,0.35664352774620056,0.3652743697166443,0.229971244931221,0.3442259132862091,0.3419894576072693,0.33671414852142334,0.31556111574172974,-0.09970203042030334,-0.3337480425834656,-0.013818562030792236,0.2018754929304123,-0.26861172914505005,-0.15861645340919495,0.1420503556728363,-0.05007509887218475,1.722574234008789e-05,0.1323690563440323,-0.07654252648353577,0.020493656396865845,0.13753673434257507,-0.12667228281497955,-0.02104845643043518,0.11201821267604828,-0.007511764764785767,-0.02642834186553955,-0.021153032779693604,-0.23404601216316223,0.08588346838951111,0.5356235504150391,-0.2547931671142578,-0.36049193143844604,0.41066208481788635,0.10854135453701019,-0.14203312993049622,0.18244415521621704,-0.07655975222587585,-0.11187539994716644,0.21407926082611084,-0.1471659392118454,-0.15858519077301025,0.23869049549102783,0.013536691665649414,-0.13844655454158783,-0.013641268014907837,0.005275309085845947,0.1900893598794937,0.10488131642341614,0.33292528986930847,0.16156499087810516,0.26550519466400146,0.04584449529647827,0.12317220121622086,0.2992327809333801,0.15054601430892944,0.11723532527685165,0.24966847896575928,0.04638645797967911,0.08189357817173004,0.1485234946012497,0.07488027960062027,0.18263766169548035,0.057615965604782104,0.3468068838119507,0.20131272077560425,-0.08520804345607758,0.14283592998981476,0.056683674454689026,-0.067420095205307,-0.11572049558162689,-0.1423330008983612,0.25338828563690186,0.027373813092708588,-0.18199744820594788,0.09912246465682983,-0.07084886729717255,-0.16777490079402924,0.10213703662157059,-0.007013298571109772,0.03411416709423065,-0.017264313995838165,0.16416922211647034,0.14369675517082214,-0.14549416303634644,0.22804397344589233,0.1418917179107666,-0.21025602519512177,-0.17240417003631592,-0.0749129056930542,0.36910879611968994,0.1697068214416504,-0.43538573384284973,0.07174865156412125,0.11114858090877533,-0.26689738035202026,0.17298591136932373,0.16076159477233887,-0.06802286952733994,-0.010251015424728394,0.13005505502223969,0.1609610617160797,-0.3096633851528168,-0.2891909182071686,3.194782018661499,7.17616605758667,4.8305583000183105,1.3644531965255737,1.623977541923523,1.5297521352767944,1.445617437362671,0.7004973292350769,0.8622635006904602,0.888821542263031,0.5967292785644531,0.8044989109039307,0.9966893196105957,0.9057756662368774,0.7685558199882507,0.702048659324646,1.0021942853927612,1.0664913654327393,0.5578377842903137,3.981384038925171,1.6357762813568115,-5.811712741851807,-3.206580638885498,0.1652989387512207,-0.17836010456085205,-0.8292548060417175,-0.5833539366722107,0.1883242130279541,-0.2655342221260071,-0.08432263135910034,0.3999600410461426,0.10127675533294678,-0.22813349962234497,-0.20372700691223145,0.2336384654045105,0.36444270610809326,-0.4443565011024475,-0.5086535811424255,-2.3456077575683594,-9.793096542358398,-4.8423566818237305,5.977011680603027,3.0282206535339355,-0.9945537447929382,-0.40499383211135864,1.0175790786743164,0.3178197145462036,-0.27264684438705444,0.6654942631721497,0.18559938669204712,-0.6280935406684875,-0.3050037622451782,0.46177196502685547,0.5681697130203247,-0.677994966506958,-0.8730962872505188,-0.06429708003997803,0.00130245101172477,0.00027849042089655995,0.0004887736868113279,0.00030561492894776165,-0.00012950770906172693,0.0007450086413882673,2.8598667995538563e-05,0.0005802712985314429,0.00038183038122951984,-0.00019375418196432292,0.0008650352247059345,0.00046587991528213024,0.0003728726878762245,0.0008116885437630117,0.0002336112956982106,-2.5086432287935168e-05,0.0005629851366393268,-0.0002566507027950138,0.00048175203846767545,-0.0010239605326205492,-0.0008136773249134421,2.71245080512017e-05,-0.0006182814249768853,0.0004393937124405056,0.0001581063843332231,-0.0001647373428568244,0.00035323170595802367,-0.0007740254513919353,0.0004832048434764147,0.0006596341263502836,-0.00049216253682971,0.00034580862848088145,-0.00013926139217801392,-0.0008367749978788197,0.0003293738409411162,-0.00023156427778303623,-8.123309817165136e-05,0.0007384027121588588,0.00021028320770710707,0.0010510850697755814,0.00019539589993655682,0.0004122692043893039,0.0007763878093101084,-0.0006041310261934996,0.00019512532162480056,-0.000609288108535111,0.000129973137518391,0.001433659577742219,-0.0009753673803061247,-0.00031382549786940217,0.0003529011446516961,-0.0011825836263597012,0.00046863523311913013,0.0006052107200957835,-0.0004106069391127676,0.000969966989941895,0.0008196358103305101,-28590920.0,-72085456.0,-44621320.0,-10681743.0,-13147012.0,-12261442.0,-11826365.0,-4876753.0,-6031842.0,-6289572.0,-4173474.75,-5665034.5,-7310124.5,-6580253.0,-5619040.5,-4926755.0,-7497885.5,-7723593.5,-3742535.25,-43494536.0,-16030400.0,61403712.0,31474308.0,-1579699.0,1320647.0,7384689.0,5794523.0,-1412819.0,1858367.25,624537.5,-3136649.75,-915218.5,1691084.0,1653498.0,-1878845.0,-2796838.5,3755350.25,3981058.25,27464136.0,104898248.0,47504708.0,-62983412.0,-30153660.0,8964388.0,4473876.0,-8797508.0,-3936155.75,2037356.5,-4995017.0,-1539756.0,4827734.0,2568716.5,-3569929.0,-4450336.5,5634195.0,6777897.0,225708.0,0.019664155319333076,0.08346929401159286,0.06446206569671631,0.0014323829673230648,0.001672194804996252,0.0012473757378757,0.0009963501943275332,0.00011120743147330359,0.00028291609487496316,0.0003168572438880801,8.707666711416095e-05,0.00026247414643876255,0.0005254111019894481,0.00037540204357355833,0.00025480095064267516,0.0002671648981049657,0.0006816468085162342,0.0006544056814163923,6.956627476029098e-05,0.06380514055490494,0.04479791224002838,-0.08203691244125366,-0.06278987228870392,-0.0001850072294473648,-0.0006758446106687188,-0.0011361682554706931,-0.0007134340703487396,0.00020564981969073415,-0.0001958394277608022,-5.4383097449317575e-05,0.0004383344203233719,0.00011292789713479578,-0.0002706101513467729,-0.00010823714546859264,0.000426845857873559,0.00038724078331142664,-0.0006120805628597736,-0.0005848393775522709,-0.019007228314876556,-0.145842045545578,-0.1075877845287323,0.08185190707445145,0.06211402639746666,-0.0009511610260233283,-3.758945968002081e-05,0.0013418181333690882,0.0005175946280360222,-0.0002600329171400517,0.0006341738626360893,0.00016731099458411336,-0.0007089445716701448,-0.00022116504260338843,0.0006974560092203319,0.0004954779287800193,-0.0010389264207333326,-0.0009720801608636975,2.7241185307502747e-05,0.11213138699531555,-0.0442008301615715,-0.13094711303710938,0.06510933488607407,0.030231162905693054,-0.08560473471879959,-0.023903731256723404,0.037475161254405975,-0.028153082355856895,-0.03246017545461655,-0.00874260626733303,-0.02831428498029709,0.006588212214410305,-0.0002081112761516124,-0.05148857831954956,-0.004585021175444126,0.009815875440835953,-0.03312770649790764,-0.03120616264641285,-0.15633222460746765,-0.24307850003242493,0.10931016504764557,0.16117827594280243,-0.15071406960487366,-0.05413489416241646,0.12307989597320557,-0.0042493510991334915,-0.06993533670902252,0.019410476088523865,0.004145890474319458,0.015330818481743336,0.028106173500418663,-0.05807679146528244,-0.0043769096955657005,0.06130445376038551,-0.028542686253786087,-0.04102203994989395,0.0019215438514947891,-0.08674627542495728,0.2656424045562744,0.40425676107406616,-0.2600242495536804,-0.2153131663799286,0.2737939655780792,0.04988554120063782,-0.1930152326822281,0.023659827187657356,0.07408122718334198,-0.004079657606780529,0.023960283026099205,-0.0734076127409935,-0.03248308226466179,0.11938124895095825,-0.024165775626897812,-0.10232649743556976,0.030464230105280876,0.04294358193874359,0.26719751954078674,0.5141650438308716,0.3390938341617584,0.18687620759010315,0.24069923162460327,0.16965991258621216,0.2292466014623642,0.14494824409484863,0.17186470329761505,0.17185065150260925,0.14937838912010193,0.16522425413131714,0.19398586452007294,0.18533816933631897,0.13632039725780487,0.16292361915111542,0.1939941644668579,0.19004221260547638,0.13137145340442657,0.24696752429008484,0.07189631462097168,-0.32728883624076843,-0.09839460253715515,-0.01721629500389099,-0.011452630162239075,-0.024711668491363525,-0.057381898164749146,0.02690240740776062,-0.022486314177513123,-0.006626397371292114,0.04460747539997101,0.02011391520500183,-0.057665467262268066,-0.022414550185203552,0.05767376720905304,0.027118593454360962,-0.06262271106243134,-0.058670759201049805,-0.17507120966911316,-0.5742563605308533,-0.17029091715812683,0.31007254123687744,0.08694197237491608,-0.007495373487472534,-0.04592926800251007,0.051614075899124146,0.03489558398723602,-0.033528804779052734,0.06709378957748413,0.026740312576293945,-0.10227294266223907,-0.04252846539020538,0.1153392344713211,0.049533143639564514,-0.12029647827148438,-0.08578935265541077,0.003951951861381531,0.07139451801776886,0.26436567306518555,0.11498462408781052,0.03492271900177002,0.05793612077832222,0.028784483671188354,0.05255400389432907,0.02100999280810356,0.02953747846186161,0.029532644897699356,0.022313902154564857,0.027299052104353905,0.03763051703572273,0.03435023874044418,0.018583251163363457,0.026544105261564255,0.037633735686540604,0.03611604496836662,0.017258459702134132,0.1929711550474167,0.043590106070041656,-0.22944295406341553,-0.057048503309488297,-0.006138235330581665,-0.005382116883993149,-0.007774490863084793,-0.02301652543246746,0.008522652089595795,-0.007223576307296753,-0.0022335927933454514,0.015316614881157875,0.007051186636090279,-0.019047265872359276,-0.007806133478879929,0.019050484523177147,0.009571939706802368,-0.02037527598440647,-0.01885758526623249,-0.14938104152679443,-0.4224141240119934,-0.10063861310482025,0.22330471873283386,0.05166638642549515,-0.001636255532503128,-0.017634408548474312,0.016297142952680588,0.015792949125170708,-0.010756244882941246,0.022540191188454628,0.00928477942943573,-0.03436388075351715,-0.014857320114970207,0.03809775039553642,0.017378073185682297,-0.03942576050758362,-0.02842952497303486,0.0015176907181739807,0.33639195561408997,0.05023162066936493,-0.3721349835395813,-0.03373446688055992,-0.14492741227149963,0.05627287179231644,-0.2070884108543396,-0.5216355919837952,-0.1506938487291336,-0.026617899537086487,0.20102806389331818,-0.05384332314133644,-0.06478889286518097,0.39822620153427124,-0.1000855565071106,-0.24247479438781738,-0.3005501329898834,0.4943200945854187,0.577775239944458,-0.28616034984588623,-0.7085269689559937,-0.08396609127521515,0.22720757126808167,0.09000733494758606,-0.062160998582839966,-0.577908456325531,0.056394562125205994,0.4950177073478699,0.3517219126224518,-0.027225423604249954,-0.26581695675849915,0.4520695209503174,-0.035296663641929626,-0.6407009959220886,-0.20046457648277283,0.7367948889732361,0.878325343132019,0.0834551453590393,-0.4223666191101074,0.20219425857067108,0.9357345104217529,0.1739734262228012,-0.28936856985092163,-0.6679158210754395,0.11855556070804596,1.0729261636734009,0.295327365398407,-0.5222431421279907,-0.6175388693809509,0.47929495573043823,0.23052029311656952,-1.0927705764770508,-0.1651679128408432,1.3774958848953247,1.0787899494171143,-0.6533397436141968,-0.7948701977729797,2.341980457305908,1.7647349834442139,2.1842260360717773,2.933377265930176,2.352783203125,2.1711835861206055,1.8706291913986206,2.8231544494628906,2.070568799972534,2.310262680053711,2.436692714691162,2.30271577835083,2.7179064750671387,2.611811637878418,2.619982957839966,3.0801711082458496,3.1896321773529053,3.352642297744751,3.224074363708496,-0.5772454738616943,-0.15775442123413086,1.168642282485962,0.16855716705322266,-0.7621936798095703,-0.4821540117263794,0.6519708633422852,0.19993960857391357,-0.5128917694091797,0.36612391471862793,-0.007546901702880859,0.28121376037597656,0.3090958595275879,-0.09792351722717285,0.46835947036743164,0.5696492195129395,0.27247118949890137,0.03444218635559082,-0.12856793403625488,0.4194910526275635,1.7458877563476562,0.3263115882873535,-1.9308359622955322,-0.650711178779602,1.4141645431518555,0.682093620300293,-1.1648626327514648,0.16618430614471436,0.5053448677062988,-0.08491015434265137,0.31664276123046875,-0.3791372776031494,0.15926361083984375,0.6675727367401123,-0.19588828086853027,-0.5352070331573486,-0.40103912353515625,-0.1630101203918457,111.8747329711914,-44.24612045288086,-130.97718811035156,65.04627990722656,30.30571174621582,-85.7403793334961,-23.892820358276367,37.380279541015625,-28.205156326293945,-32.404640197753906,-8.922504425048828,-28.41738510131836,6.502054691314697,-0.3812580108642578,-51.54376220703125,-4.499504089355469,9.6936616897583,-32.99913024902344,-31.306835174560547,-156.120849609375,-242.8519287109375,109.29240417480469,161.28289794921875,-150.78665161132812,-54.19853210449219,123.12065887451172,-4.312335968017578,-69.78491973876953,19.282651901245117,3.987255096435547,15.424558639526367,28.0361270904541,-58.04581832885742,-4.118246078491211,61.237422943115234,-28.49962615966797,-41.00049591064453,1.6922950744628906,-86.7310791015625,265.41326904296875,404.13482666015625,-260.07904052734375,-215.48143005371094,273.9073181152344,49.88619613647461,-192.90557861328125,23.594987869262695,73.77217102050781,-3.85809326171875,24.048871994018555,-73.47037506103516,-32.15437316894531,119.28324127197266,-24.381380081176758,-102.2379150390625,30.19192123413086,42.69279098510742,0.19046650826931,-0.16590672731399536,-0.18603283166885376,0.13123703002929688,0.07506509125232697,-0.18058587610721588,-0.018875960260629654,0.08348403126001358,-0.04577529430389404,-0.04738298058509827,-0.028197184205055237,-0.0618000254034996,0.03167435899376869,-0.007626477163285017,-0.09437046200037003,0.005617734510451555,0.030467012897133827,-0.07456508278846741,-0.07396902143955231,-0.35637325048446655,-0.37649935483932495,0.29714375734329224,0.26109790802001953,-0.31182289123535156,-0.09394104778766632,0.26406991481781006,-0.02689933404326439,-0.13086700439453125,0.017578110098838806,-0.014417044818401337,0.05987154319882393,0.0541735477745533,-0.12604482471942902,0.013244211673736572,0.1248374730348587,-0.08018282055854797,-0.10443603247404099,0.0005960613489151001,-0.0201261043548584,0.6535170078277588,0.6375972628593445,-0.6089666485786438,-0.35503894090652466,0.5758928060531616,0.06704171001911163,-0.3949369192123413,0.044477444142103195,0.11644995957612991,0.04229343309998512,0.06859059631824493,-0.18591636419296265,-0.04092933610081673,0.2508822977542877,-0.09342703223228455,-0.2292734980583191,0.08077888190746307,0.10503209382295609
0.006395252421498299,0.037620726972818375,0.12110165506601334,0.002316475845873356,0.03653935715556145,0.07405918836593628,0.05120562016963959,0.07347607612609863,0.07070069760084152,0.02781340852379799,0.03858267515897751,0.1036413237452507,0.010184500366449356,0.05594417452812195,0.07592751085758209,0.013308151625096798,0.07797110080718994,0.06454931199550629,0.030725933611392975,0.031225474551320076,0.11470640450716019,-0.03530425205826759,-0.08456230163574219,0.0717427134513855,0.01466626301407814,-0.0005831122398376465,0.019495077431201935,-0.045662667602300644,-0.032118022441864014,0.07582791149616241,-0.028398174792528152,-0.047697149217128754,0.06574301421642303,-0.042636021971702576,0.002043589949607849,0.051241159439086914,-0.04724516719579697,-0.03382337838411331,0.08348093181848526,-0.06652972847223282,-0.19926869869232178,0.10704696178436279,0.09922856092453003,-0.07232582569122314,0.0048288144171237946,-0.045079555362463,-0.05161309987306595,0.12149058282375336,0.003719847649335861,-0.12352506071329117,0.09414118528366089,0.005061127245426178,-0.06369942426681519,0.09387718141078949,-0.049288757145404816,-0.08506453782320023,0.013421788811683655,0.2100139707326889,0.20135916769504547,0.15504877269268036,0.18671123683452606,0.21446168422698975,0.16489796340465546,0.13019341230392456,0.1553552746772766,0.15522220730781555,0.13438110053539276,0.13742901384830475,0.1538977026939392,0.12382744997739792,0.12537534534931183,0.14057590067386627,0.11732512712478638,0.12825803458690643,0.1360001564025879,0.1319016069173813,-0.008654803037643433,-0.054965198040008545,-0.01464793086051941,0.05941291153430939,-0.021813273429870605,-0.08426827192306519,-0.009542688727378845,0.02502879500389099,-0.02097417414188385,-0.017793193459510803,0.019516602158546448,-0.01360156387090683,-0.02852235734462738,0.016748450696468353,-0.008050218224525452,-0.012317866086959839,0.018675029277801514,0.0036435723304748535,-0.004098549485206604,-0.04631039500236511,-0.0059931278228759766,0.11437810957431793,-0.007165342569351196,-0.14368118345737457,0.01227058470249176,0.10929706692695618,-0.011431485414505005,-0.042821988463401794,0.0404907763004303,0.004191629588603973,-0.04803895950317383,0.030350014567375183,0.02047213912010193,-0.029066316783428192,0.026725247502326965,0.015961438417434692,-0.022773578763008118,-0.0077421218156814575,0.7195127606391907,0.7195127606391907,0.47030407190322876,0.47030407190322876,0.5746657252311707,0.5746657252311707,0.38619691133499146,0.38619691133499146,0.36597341299057007,0.2899482250213623,0.3741169571876526,0.4051077961921692,0.4051077961921692,0.3078824579715729,0.5865858793258667,0.5865858793258667,0.45375826954841614,0.45375826954841614,0.33931320905685425,0.0,-0.24920868873596191,-0.24920868873596191,0.1043616533279419,0.1043616533279419,-0.1884688138961792,-0.1884688138961792,-0.020223498344421387,-0.09624868631362915,0.00814354419708252,0.11515957117080688,0.0309908390045166,-0.09722533822059631,0.1814780831336975,0.2787034213542938,-0.13282760977745056,-0.13282760977745056,-0.11444506049156189,-0.11444506049156189,-0.24920868873596191,-0.24920868873596191,0.3535703420639038,0.3535703420639038,-0.2928304672241211,-0.2928304672241211,0.1682453155517578,0.09222012758255005,0.028367042541503906,0.21140825748443604,0.022847294807434082,-0.2123849093914032,0.1504872441291809,0.37592875957489014,-0.31430569291114807,-0.4115310311317444,0.018382549285888672,0.018382549285888672,0.0,0.7195127606391907,0.7195127606391907,0.47030407190322876,0.4770331084728241,0.5746657252311707,0.5746657252311707,0.38619691133499146,0.38619691133499146,0.36597341299057007,0.43194717168807983,0.43194717168807983,0.4051077961921692,0.41079509258270264,0.41079509258270264,0.5865858793258667,0.5865858793258667,0.45375826954841614,0.45375826954841614,0.34490203857421875,0.0,-0.24920868873596191,-0.24247965216636658,0.1043616533279419,0.09763261675834656,-0.1884688138961792,-0.1884688138961792,-0.020223498344421387,0.04575026035308838,0.06597375869750977,-0.026839375495910645,-0.021152079105377197,0.005687296390533447,0.17579078674316406,0.17579078674316406,-0.13282760977745056,-0.13282760977745056,-0.10885623097419739,-0.10885623097419739,-0.24920868873596191,-0.24247965216636658,0.3535703420639038,0.34011226892471313,-0.2928304672241211,-0.28610143065452576,0.1682453155517578,0.23421907424926758,0.08619725704193115,-0.07258963584899902,-0.08712583780288696,0.03252667188644409,0.19694286584854126,0.17010349035263062,-0.3086183965206146,-0.3086183965206146,0.023971378803253174,0.023971378803253174,0.0,-0.6492000818252563,-0.6492000818252563,-0.1640978306531906,-0.4770331084728241,-0.4770331084728241,-0.3158278167247772,-0.28401878476142883,-0.30477023124694824,-0.30477023124694824,-0.43194717168807983,-0.43194717168807983,-0.21247121691703796,-0.41079509258270264,-0.41079509258270264,-0.23741494119167328,-0.32838383316993713,-0.32838383316993713,-0.3426855206489563,-0.34490203857421875,0.0,0.48510223627090454,0.17216697335243225,-0.3129352927207947,0.16120529174804688,0.19301432371139526,0.01105758547782898,-0.02075144648551941,-0.1271769404411316,-0.1271769404411316,0.21947595477104187,0.021152079105377197,-0.19832387566566467,0.17338015139102936,0.0824112594127655,-0.09096889197826385,-0.014301687479019165,-0.016518205404281616,-0.002216517925262451,0.48510223627090454,0.17216697335243225,-0.7980375289916992,-0.010961681604385376,0.5059496164321899,-0.1501477062702179,-0.21376577019691467,-0.13823452591896057,-0.10642549395561218,0.34665289521217346,0.1483290195465088,-0.41779983043670654,0.15222807228565216,0.2807351350784302,-0.2643490433692932,-0.09671294689178467,0.07445068657398224,0.012085169553756714,0.014301687479019165,0.0028757229447364807,6.516696885228157e-05,6.516696885228157e-05,0.00010709650814533234,0.00010709650814533234,0.0008620826411060989,0.0004817552398890257,0.0004817552398890257,0.00038441421929746866,0.0003553377464413643,0.0003553377464413643,0.00016869173850864172,1.710350625216961e-05,1.710350625216961e-05,0.002729678526520729,3.007892519235611e-05,3.007892519235611e-05,0.0004109153524041176,0.0,-0.002810555975884199,-0.002810555975884199,4.1929539293050766e-05,4.1929539293050766e-05,0.0007549861329607666,0.00037465873174369335,-0.0003803274012170732,-9.734102059155703e-05,-0.0001264174934476614,-2.9076472856104374e-05,-0.00018664600793272257,-0.0003382342401891947,-0.0001515882322564721,0.0027125750202685595,1.29754189401865e-05,-0.002699599601328373,0.0003808364272117615,-3.007892519235611e-05,-0.0004109153524041176,0.0,0.00285248551517725,0.00285248551517725,0.0007130565936677158,0.0003327291924506426,-0.0011353135341778398,-0.0004719997523352504,0.0002539099077694118,6.826454773545265e-05,-6.022851448506117e-05,-0.0003091577673330903,3.505777567625046e-05,0.003050809260457754,0.0001645636511966586,-0.005412174388766289,0.000367861008271575,0.002669520676136017,-0.0007917517796158791,-0.0003808364272117615,0.07031267881393433,0.07031267881393433,0.30620622634887695,-0.006729036569595337,0.09763261675834656,0.25883790850639343,0.10217812657356262,0.08142668008804321,0.061203181743621826,-0.14199894666671753,-0.057830214500427246,0.19263657927513123,-0.005687296390533447,-0.10291263461112976,0.3491709232330322,0.25820204615592957,0.125374436378479,0.11107274889945984,-0.005588829517364502,0.0,0.23589354753494263,-0.07704171538352966,-0.2085736095905304,0.26556694507598877,0.0045455098152160645,-0.17741122841835022,-0.040974944829940796,-0.22342562675476074,-0.11903339624404907,0.33463552594184875,0.0521429181098938,-0.295549213886261,0.3548582196235657,0.3611146807670593,-0.22379648685455322,-0.14712929725646973,-0.1309632658958435,-0.11666157841682434,0.23589354753494263,-0.07704171538352966,-0.444467157125473,0.34260866045951843,0.21311911940574646,-0.442978173494339,-0.04552045464515686,-0.04601439833641052,-0.07805845141410828,0.5580611228942871,0.17117631435394287,-0.6301847696304321,0.3027153015136719,0.6566638946533203,-0.5786547064781189,-0.508243978023529,0.09283322095870972,0.030467718839645386,0.014301687479019165,1.3687129020690918,1.3687129020690918,0.6344019174575806,0.9473371505737305,1.0516988039016724,0.8904935121536255,0.6702157258987427,0.6909671425819397,0.6707436442375183,0.7218953967094421,0.8060641288757324,0.6175789833068848,0.8159028887748718,0.7186775207519531,0.8240008354187012,0.9149696826934814,0.7821421027183533,0.7964438199996948,0.684215247631073,0.0,-0.7343109846115112,-0.42137575149536133,0.4172968864440918,-0.05684363842010498,-0.3814830780029297,-0.1995263695716858,0.0005279183387756348,0.03092825412750244,0.1353204846382141,-0.10431641340255737,0.009838759899139404,0.10109853744506836,0.008097946643829346,0.19629216194152832,-0.0418587327003479,-0.11852586269378662,-0.09792685508728027,-0.11222857236862183,-0.7343109846115112,-0.42137575149536133,1.151607871055603,0.36453211307525635,-0.7987799644470215,-0.1426827311515808,0.3820109963417053,0.23045462369918823,0.13479256629943848,-0.13524466753005981,-0.1254817247390747,0.20541495084762573,-0.0017408132553100586,0.09519362449645996,-0.049956679344177246,-0.31481802463531494,-0.05606812238693237,0.006297290325164795,-0.014301717281341553,0.49266517162323,0.5010665059089661,0.38340649008750916,0.35019198060035706,0.400611013174057,0.4408673346042633,0.33875665068626404,0.3157254159450531,0.3056579828262329,0.25295642018318176,0.3194606900215149,0.33624669909477234,0.36298441886901855,0.2801150679588318,0.5058208703994751,0.534268319606781,0.39330437779426575,0.3847316801548004,0.2991061210632324,0.008401334285736084,-0.10925868153572083,-0.150874525308609,0.01720452308654785,0.09067535400390625,-0.06185436248779297,-0.1251419186592102,-0.03309866786003113,-0.06276899576187134,0.013802707195281982,0.08329027891159058,0.04352372884750366,-0.05613163113594055,0.14283645153045654,0.2541532516479492,-0.11251649260520935,-0.1495366394519806,-0.09419825673103333,-0.085625559091568,-0.11766001582145691,-0.1592758595943451,0.12646320462226868,0.24154987931251526,-0.07905888557434082,-0.21581727266311646,0.02875569462776184,0.06237292289733887,0.04690137505531311,0.14605927467346191,0.02972102165222168,-0.13942191004753113,0.09931272268295288,0.31028488278388977,-0.2553529441356659,-0.4036898910999298,0.018318235874176025,0.0639110803604126,0.008572697639465332,0.2348627895116806,0.16719992458820343,0.0024006464518606663,0.22477272152900696,0.17157424986362457,0.24284936487674713,0.1364368349313736,0.1850627064704895,0.04623669013381004,0.22271598875522614,0.08426778018474579,0.14962033927440643,0.21523120999336243,0.06174703314900398,0.179205060005188,0.1320311725139618,0.02745811641216278,0.026239534839987755,0.09837663918733597,-0.06766286492347717,-0.23246213793754578,0.05757279694080353,0.16917359828948975,0.018076643347740173,-0.03513741493225098,-0.05778665840625763,-0.09020014107227325,0.03765328228473663,0.038031090050935745,-0.0730956494808197,0.13096342980861664,-0.08787330985069275,-0.03602614998817444,0.07028414309024811,-0.1517469435930252,-0.10579163581132889,0.07091852277517319,0.07213710248470306,-0.1647992730140686,0.1252356618642807,0.4016357362270355,-0.039496153593063354,-0.20431101322174072,-0.0758633017539978,-0.05506272614002228,0.09543994069099426,0.1282312273979187,-0.11074893176555634,0.09293234348297119,-0.014777660369873047,-0.16698957979679108,0.15815745294094086,-0.11572079360485077,-0.1760757863521576,0.2226654589176178,0.17792874574661255,0.0012185797095298767,1.8780914545059204,1.755265235900879,0.9346461296081543,1.3429515361785889,1.74799382686615,1.1917896270751953,0.6973552107810974,0.9242023825645447,0.8484479784965515,0.7126380801200867,0.7764796018600464,0.8698017597198486,0.6404728889465332,0.6025096774101257,0.7466370463371277,0.5998724102973938,0.7313970923423767,0.798797070980072,0.6837100982666016,-0.1228262186050415,-0.9434453248977661,-0.41231369972229004,0.8133476972579956,-0.15116190910339355,-1.0506386756896973,-0.26758724451065063,0.1510927677154541,-0.211564302444458,-0.07196837663650513,0.15716367959976196,-0.13600671291351318,-0.2672920823097229,0.10616415739059448,-0.0026372671127319336,-0.015239953994750977,0.19892466068267822,-0.047686994075775146,-0.11508697271347046,-0.8206191062927246,-0.28948748111724854,1.7567930221557617,0.2611517906188965,-1.8639863729476929,-0.11642533540725708,1.2017314434051514,0.05602294206619263,-0.22306114435195923,0.36872798204421997,-0.06403833627700806,-0.42445576190948486,0.24217087030410767,0.26465481519699097,-0.12140411138534546,0.20156192779541016,-0.03244704008102417,-0.3140116333961487,-0.06739997863769531,-0.00037646209239028394,6.0424921684898436e-05,0.0003757590602617711,-0.0006998835597187281,0.00014649856893811375,0.0001582708500791341,-0.00033632770646363497,9.399563714396209e-05,-0.0002800480287987739,-0.0005895154899917543,-0.0005157816340215504,-0.00011250298121012747,-0.0006298276712186635,-0.000133752531837672,-0.00030207863892428577,-0.00027405490982346237,-0.00020102459529880434,0.0008656730642542243,-0.00017669059161562473,0.0004368870286270976,0.000752221152652055,-0.0007603084668517113,-0.00022926049132365733,0.0008581543806940317,-0.0004828262608498335,-6.427521293517202e-05,5.627967766486108e-05,-0.0006835111416876316,-0.00023573360522277653,0.0004770125087816268,-0.00011404603719711304,-2.1249550627544522e-05,0.0003277490322943777,-0.00014030237798579037,0.00010105404362548143,0.0011397280031815171,2.4334003683179617e-05,-0.0010423636995255947,0.0003153341240249574,-0.0011971954954788089,-0.0009814816294237971,0.001618462847545743,-0.0002535657840780914,-0.000922429608181119,0.000539105967618525,-0.0006192359142005444,-0.0002920132828876376,0.001160523621365428,0.0001216875680256635,-0.0004982620594091713,0.0004417950694914907,-0.00011905282735824585,-0.00022669498866889626,0.001280030352063477,-7.672003994230181e-05,-0.00218209158629179,-0.0010666977614164352,-15136284.0,-13737076.0,-7207014.5,-11100409.0,-14475512.0,-8975639.0,-5010106.0,-6654180.0,-6144380.5,-5045186.0,-5652061.5,-6545655.0,-4485559.5,-4128839.0,-5343811.0,-4071202.5,-5201441.0,-5667782.5,-4892375.0,1399208.0,7929269.5,2636667.0,-7268497.5,2124770.0,9465406.0,2321459.0,-1134274.5,1608994.0,492319.0,-1500469.0,1166502.0,2416816.0,-858251.5,57636.5,142370.0,-1596580.0,309066.0,775407.5,6530061.5,1237459.0,-15197767.0,-511897.0,16733904.0,196689.0,-10599680.0,-712465.0,1626593.5,-3109463.0,674183.0,3917285.0,-2024753.5,-2359179.5,1000621.5,-1654216.5,166696.0,2371987.5,466341.5,0.004529701080173254,0.004456662107259035,0.0004684516752604395,0.0009065697668120265,0.001690288307145238,0.0011810173746198416,0.00018386564624961466,0.00024894491070881486,0.00013157902867533267,0.0001802100014174357,0.00025460278266109526,0.00025216792710125446,0.0001987176510738209,9.981256880564615e-05,0.0005669022793881595,0.0005613510147668421,0.00031779587152414024,0.00034047808730974793,0.00012397565296851099,-7.30389729142189e-05,-0.004061249550431967,-0.0035500922240316868,0.0012218366609886289,0.0002744476078078151,-0.001506422646343708,-0.0009320724639110267,-5.228661757428199e-05,-6.873490929137915e-05,0.0001230237539857626,7.195792568381876e-05,-5.588513158727437e-05,-0.0001523553510196507,0.00036818464286625385,0.00046153843868523836,-0.0002491064078640193,-0.0002208729274570942,-0.00019382021855562925,-0.00021650243434123695,-0.003988210577517748,-0.003477053251117468,0.005283086095005274,0.0038245399482548237,-0.002728259190917015,-0.0012065200135111809,0.0014541359851136804,0.0008633375400677323,0.0001753103715600446,0.0001406928349751979,-0.00017890888557303697,-0.00022431327670346946,0.000424069759901613,0.0006138937897048891,-0.0006172910798341036,-0.0006824113661423326,5.528618930839002e-05,4.3704931158572435e-06,-2.2682215785607696e-05,0.003088291734457016,0.018865149468183517,0.060873843729496,0.0009355188813060522,0.01835356280207634,0.03716452792286873,0.025610042735934258,0.036867059767246246,0.03541453927755356,0.013779297471046448,0.019207002595067024,0.05198630318045616,0.004915275610983372,0.028036106377840042,0.038023754954338074,0.00660291314125061,0.03908739984035492,0.03256194666028023,0.015375226736068726,0.0157768577337265,0.057785551995038986,-0.01792963035404682,-0.04252028092741966,0.03622901067137718,0.007256479933857918,-0.0002974681556224823,0.0098044965416193,-0.0230877622961998,-0.016207536682486534,0.038207005709409714,-0.014291726984083652,-0.02395019680261612,0.03310848027467728,-0.021433193236589432,0.0010636448860168457,0.025959033519029617,-0.023712173104286194,-0.017186719924211502,0.042008694261312485,-0.033706486225128174,-0.10030583292245865,0.05415864288806915,0.04977676272392273,-0.036526478826999664,0.002548016607761383,-0.022790294140577316,-0.026012033224105835,0.06129476800560951,0.0019158096984028816,-0.06215720251202583,0.047400206327438354,0.0025170035660266876,-0.03204483538866043,0.04739222675561905,-0.02477581799030304,-0.04314575344324112,0.006525453180074692,0.26680341362953186,0.25524261593818665,0.14405138790607452,0.22566552460193634,0.2548595368862152,0.19925335049629211,0.15433523058891296,0.17216286063194275,0.16482749581336975,0.16202184557914734,0.16719971597194672,0.14907556772232056,0.15551669895648956,0.14040540158748627,0.15013013780117035,0.1502404510974884,0.1471257507801056,0.16161306202411652,0.15806061029434204,-0.011560797691345215,-0.12275202572345734,-0.029577091336250305,0.11080814898014069,-0.026412174105644226,-0.10052430629730225,-0.027090489864349365,0.010492265224456787,-0.01014101505279541,0.0023722201585769653,-0.012946277856826782,-0.011683017015457153,-0.00867016613483429,-0.005386561155319214,0.009835049510002136,-0.0030043870210647583,0.011372610926628113,0.01093485951423645,-0.003552451729774475,-0.11119122803211212,-0.01801629364490509,0.23356017470359802,0.003164917230606079,-0.21133245527744293,-0.0006783157587051392,0.11101657152175903,0.016949474811553955,-0.008120045065879822,-0.002805262804031372,-0.014055237174034119,0.004276111721992493,0.0062964558601379395,0.018505215644836426,0.0023821741342544556,0.0015375614166259766,0.013939246535301208,-0.014925062656402588,-0.014487311244010925,0.07118405401706696,0.06514878571033478,0.020750802010297775,0.05092492699623108,0.06495337933301926,0.03970189765095711,0.023819362744688988,0.02964005246758461,0.02716810256242752,0.02625107765197754,0.02795574627816677,0.022223522886633873,0.024185441434383392,0.01971367560327053,0.022539058700203896,0.022572191432118416,0.021645987406373024,0.02611878141760826,0.024983154609799385,-0.006035268306732178,-0.05043325200676918,-0.014223858714103699,0.04420257732272148,-0.011223029345273972,-0.04113401472568512,-0.010061845183372498,0.003348739817738533,-0.003388974815607071,0.0007876437157392502,-0.004027554765343666,-0.0037703048437833786,-0.0025098472833633423,-0.0016463827341794968,0.002858515828847885,-0.0008930712938308716,0.0035465899854898453,0.003337167203426361,-0.001135626807808876,-0.044397983700037,-0.008188590407371521,0.09463582932949066,0.003000829368829727,-0.0853365957736969,0.001161184161901474,0.0444827526807785,0.006672870367765427,-0.002561096101999283,-0.0006385799497365952,-0.004557948559522629,0.0015177074819803238,0.002123922109603882,0.005368363112211227,0.0007533114403486252,0.0006880741566419601,0.004230238497257233,-0.004682216793298721,-0.004472794011235237,-0.4078792631626129,-0.8691148161888123,0.08729181438684464,-0.03736979886889458,-0.04950101301074028,0.35104697942733765,0.1167464405298233,-0.2346407175064087,-0.47762078046798706,-0.39216405153274536,-0.30819883942604065,-0.16796188056468964,0.25572460889816284,-0.7112012505531311,0.17765149474143982,0.7266169786453247,0.13559548556804657,0.09107954055070877,-0.21729612350463867,-0.46123555302619934,0.49517107009887695,0.8317450284957886,-0.13679282367229462,0.38841676712036133,0.16624745726585388,-0.5856876969337463,-0.5943672060966492,-0.15752333402633667,0.1694219410419464,0.22420217096805573,0.5639234781265259,-0.5432393550872803,-0.07807311415672302,1.4378182888031006,-0.04205600917339325,-0.6355374455451965,-0.35289162397384644,-0.30837565660476685,0.9564065933227539,1.2929805517196655,-0.6319639086723328,-0.44332826137542725,0.3030402660369873,-0.9741044640541077,-0.7606146335601807,0.42816436290740967,0.763789176940918,0.3817254900932312,0.39450153708457947,-0.7674415111541748,-0.6419966220855713,1.9810576438903809,0.03601710498332977,-2.0733556747436523,-0.310835599899292,0.3271617889404297,0.04451596736907959,3.019102096557617,3.7977726459503174,2.7990665435791016,2.291579008102417,2.1055800914764404,2.5242691040039062,2.5390331745147705,2.2911205291748047,2.203070878982544,2.7227940559387207,2.9217569828033447,2.2924203872680664,2.980118989944458,3.301624298095703,3.306819438934326,4.532792091369629,3.242006301879883,2.8612451553344727,2.469355821609497,0.7786705493927002,-0.22003555297851562,-1.5061936378479004,-0.6934864521026611,0.23269009590148926,0.4334530830383301,-0.23314857482910156,-0.33596229553222656,0.431673526763916,0.7186861038208008,-0.4303736686706543,0.05836200714111328,1.0092039108276367,0.32670044898986816,1.2311677932739258,-0.06481313705444336,-1.6715469360351562,-0.7726504802703857,-0.3918893337249756,-0.9987061023712158,-2.2848641872406006,-0.4734508991241455,1.7388837337493896,1.1269395351409912,-0.4658386707305908,-0.7694153785705566,0.6648221015930176,1.0546483993530273,-0.8620471954345703,-0.6603240966796875,1.439577579498291,0.2683384418487549,0.22196388244628906,-0.3915135860443115,-2.902714729309082,-0.7078373432159424,1.2796576023101807,0.38076114654541016,3.210416793823242,18.885604858398438,60.79302978515625,1.1628708839416504,18.342758178710938,37.177711486816406,25.70522117614746,36.88499069213867,35.49174880981445,13.96233081817627,19.36850357055664,52.0279426574707,5.112619400024414,28.083974838256836,38.1156120300293,6.680692195892334,39.1414909362793,32.40375518798828,15.424418449401855,15.675188064575195,57.582611083984375,-17.722734451293945,-42.45027160644531,36.01483917236328,7.362462997436523,-0.2927207946777344,9.786527633666992,-22.92266082763672,-16.123245239257812,38.06561279296875,-14.255884170532227,-23.943967819213867,33.00299072265625,-21.403282165527344,1.02587890625,25.72306251525879,-23.717071533203125,-16.97933578491211,41.90742492675781,-33.39792251586914,-100.03288269042969,53.737571716308594,49.81273651123047,-36.307559967041016,2.4240646362304688,-22.629940032958984,-25.909772872924805,60.98827362060547,1.867361068725586,-62.00958251953125,47.258872985839844,2.5406856536865234,-31.97711181640625,47.1263427734375,-24.742950439453125,-42.70240020751953,6.737735748291016,0.04232820123434067,0.09944282472133636,0.11300365626811981,-0.0048855943605303764,0.016719304025173187,0.04926440864801407,0.056739483028650284,0.06839849054813385,0.10355547070503235,0.02486945502460003,0.0312546044588089,0.1243145763874054,-0.003410646226257086,0.06712374091148376,0.09041207283735275,0.011809194460511208,0.055843375623226166,0.05224642902612686,0.04065033793449402,0.0571146234869957,0.07067545503377914,-0.10432841628789902,-0.09628435224294662,0.05415000393986702,0.0400201790034771,0.01913408190011978,0.046815987676382065,-0.04352903366088867,-0.07230086624622345,0.09944511950016022,-0.03466524928808212,-0.05719083547592163,0.09382271766662598,-0.055314548313617706,-0.03456869721412659,0.0404372364282608,-0.015193037688732147,-0.011596091091632843,0.013560831546783447,-0.16144303977489471,-0.16695980727672577,0.15847842395305634,0.13630452752113342,-0.03501592203974724,0.006795808672904968,-0.06266311556100845,-0.11911685764789581,0.1429741531610489,0.03763561695814133,-0.15663595497608185,0.1284879744052887,0.0018762871623039246,-0.12839141488075256,0.09575178474187851,0.01937565952539444,-0.052033327519893646,0.003596946597099304
0.013931660912930965,-0.020895805209875107,0.05261938273906708,0.0172926876693964,0.006441711448132992,0.0345287062227726,0.013582367449998856,-0.004012507852166891,0.04870254918932915,0.0351097472012043,-0.028086120262742043,0.0446302704513073,0.044412508606910706,-0.009464900009334087,0.0029996687080711126,0.04749603569507599,0.017509011551737785,0.0008331231074407697,0.02483290806412697,-0.03482746705412865,0.03868772089481354,0.038188494741916656,-0.04617767035961151,0.017236018553376198,0.007140656001865864,-0.03854121267795563,0.03512018173933029,0.03912225365638733,-0.07678867131471634,0.009520523250102997,0.0724986270070076,-0.05409517139196396,-0.0414128415286541,0.05696093663573265,0.014509342610836029,-0.046662911772727966,0.007323896512389183,0.023999784141778946,0.07351519167423248,0.073015958070755,-0.08486539125442505,-0.02095247618854046,0.0533183254301548,-0.055777229368686676,0.027979526668787003,0.07766346633434296,-0.11190885305404663,-0.029601730406284332,0.14928729832172394,-0.06361569464206696,-0.1139114648103714,0.11105610430240631,0.05592218413949013,-0.10362385213375092,-0.007185446098446846,0.07066269218921661,0.016675887629389763,0.21876829862594604,0.22059600055217743,0.1218678206205368,0.10083027929067612,0.09958703070878983,0.09229876846075058,0.08817202597856522,0.0924454852938652,0.12096171081066132,0.12767495214939117,0.08928836137056351,0.09532713145017624,0.11066698282957077,0.08900310844182968,0.0705147385597229,0.08199355006217957,0.0886290892958641,0.07171115279197693,0.06714217364788055,0.0018277019262313843,-0.09690047800540924,-0.11976572126150131,-0.02228078991174698,-0.008531510829925537,-0.01141500473022461,0.00014671683311462402,0.0327896848320961,0.03522946685552597,-0.03167334944009781,-0.032347820699214935,0.021378621459007263,-0.006324023008346558,-0.04015224426984787,-0.007009558379650116,0.018114350736141205,-0.010282397270202637,-0.02148691564798355,-0.0045689791440963745,-0.09872817993164062,-0.1215934231877327,0.07461968809366226,0.11123421043157578,0.01086578518152237,0.008678227663040161,0.04420468956232071,0.035082750022411346,-0.06446303427219391,-0.0675772875547409,0.05305197089910507,0.026023797690868378,-0.06153086572885513,-0.0006855353713035583,0.058266595005989075,-0.0032728388905525208,-0.039601266384124756,0.005713418126106262,0.016917936503887177,0.9703103303909302,0.9703103303909302,0.47024011611938477,0.24379444122314453,0.25293102860450745,0.25293102860450745,0.21317876875400543,0.21433120965957642,0.3390835225582123,0.3390835225582123,0.2361546903848648,0.29462698101997375,0.29462698101997375,0.190820574760437,0.18865260481834412,0.22810716927051544,0.22810716927051544,0.2458333522081375,0.2458333522081375,0.0,-0.5000702142715454,-0.7265158891677856,-0.21730908751487732,0.009136587381362915,-0.039752259850502014,-0.03859981894493103,0.12590475380420685,0.12475231289863586,-0.10292883217334747,-0.044456541538238525,0.05847229063510895,-0.10380640625953674,-0.10597437620162964,0.03728659451007843,0.039454564452171326,0.01772618293762207,0.01772618293762207,0.0,-0.5000702142715454,-0.7265158891677856,0.2827611267566681,0.7356524467468262,0.1775568276643753,-0.047736406326293945,0.16565701365470886,0.1633521318435669,-0.22883358597755432,-0.1692088544368744,0.16140112280845642,-0.05934986472129822,-0.1644466668367386,0.14109300076961517,0.14542894065380096,-0.01956041157245636,-0.021728381514549255,-0.01772618293762207,-0.01772618293762207,1.783777117729187,1.783777117729187,0.47024011611938477,0.35997337102890015,0.35997337102890015,0.3029833436012268,0.3029833436012268,0.2868041396141052,0.3390835225582123,0.3390835225582123,0.34906813502311707,0.34906813502311707,0.29462698101997375,0.24027766287326813,0.2225615680217743,0.22810716927051544,0.22810716927051544,0.2458333522081375,0.2458333522081375,0.0,-1.3135370016098022,-1.4238038063049316,-0.11026674509048462,-0.05699002742767334,-0.05699002742767334,-0.016179203987121582,0.036100178956985474,0.052279382944107056,0.009984612464904785,0.009984612464904785,-0.05444115400314331,-0.10879047214984894,-0.07206541299819946,-0.012170493602752686,0.00554560124874115,0.01772618293762207,0.01772618293762207,0.0,-1.3135370016098022,-1.4238038063049316,1.2032701969146729,1.3668137788772583,0.05327671766281128,0.04081082344055176,0.09309020638465881,0.06845858693122864,-0.02611556649208069,-0.04229477047920227,-0.0644257664680481,-0.11877508461475372,-0.017624258995056152,0.09661997854709625,0.07761101424694061,0.029896676540374756,0.01218058168888092,-0.01772618293762207,-0.01772618293762207,-1.783777117729187,-1.783777117729187,-0.3755899667739868,-0.35997337102890015,-0.35997337102890015,-0.3029833436012268,-0.3029833436012268,-0.2868041396141052,-0.2868041396141052,-0.25916042923927307,-0.34906813502311707,-0.34906813502311707,-0.24027766287326813,-0.24027766287326813,-0.2225615680217743,-0.2225615680217743,-0.22104376554489136,-0.22104376554489136,-0.23262429237365723,0.0,1.4081871509552002,1.4238038063049316,0.01561659574508667,0.05699002742767334,0.05699002742767334,0.016179203987121582,0.016179203987121582,0.027643710374832153,-0.06226399540901184,-0.089907705783844,0.10879047214984894,0.10879047214984894,0.017716094851493835,0.017716094851493835,0.0015178024768829346,0.0015178024768829346,-0.01158052682876587,-0.01158052682876587,1.4081871509552002,1.4238038063049316,-1.3925704956054688,-1.3668137788772583,0.04137343168258667,-0.04081082344055176,-0.04081082344055176,0.011464506387710571,-0.07844319939613342,-0.11755141615867615,0.17105446755886078,0.19869817793369293,-0.0910743772983551,-0.0910743772983551,-0.0161982923746109,-0.0161982923746109,-0.013098329305648804,-0.013098329305648804,0.0,0.0013701316202059388,0.0006585045484825969,0.0006585045484825969,0.00036455108784139156,0.00036455108784139156,0.00022311184147838503,0.00022311184147838503,0.00026977143716067076,0.0010264767333865166,0.0011230569798499346,0.00027542957104742527,0.00027542957104742527,0.0007508413982577622,6.723101250827312e-05,6.723101250827312e-05,0.0003613269655033946,0.0006042745662853122,0.00036962234298698604,0.0,-0.0007116270717233419,-0.0007116270717233419,-0.0002939534606412053,-0.0002939534606412053,-0.00014143924636300653,-0.00014143924636300653,4.6659595682285726e-05,0.0008033649064600468,0.0008532855426892638,-0.0007510471623390913,-0.0008476274088025093,0.0004754118272103369,-0.00020819855853915215,-0.0006836103857494891,0.0002940959529951215,0.000537043553777039,8.295377483591437e-06,-0.0006042745662853122,-0.00036962234298698604,0.0,0.00041767361108213663,0.00041767361108213663,0.00015251421427819878,0.00015251421427819878,0.00018809884204529226,0.0009448041673749685,0.0008066259324550629,-0.001554412068799138,-0.0017009129514917731,0.0012264589313417673,0.0006394288502633572,-0.001159022212959826,0.0005022945115342736,0.001220653997734189,-0.00028580057551153004,-0.0011413181200623512,-0.0003779177204705775,0.00023465222329832613,-0.8134667873382568,-0.8134667873382568,0.09465014934539795,-0.11617892980575562,-0.1070423424243927,-0.05005231499671936,-0.08980457484722137,-0.07247292995452881,0.052279382944107056,0.07992309331893921,-0.11291344463825226,-0.05444115400314331,0.05434931814670563,-0.049457088112831116,-0.033908963203430176,0.00554560124874115,0.0070634037256240845,0.024789586663246155,0.013209059834480286,0.0,0.9081169366836548,0.6972878575325012,-0.20169249176979065,0.06612661480903625,0.017237767577171326,-0.022420614957809448,0.14208395779132843,0.15239602327346802,-0.16519282758235931,-0.13436424732208252,0.16726276278495789,0.004984065890312195,-0.0882582813501358,0.055002689361572266,0.04097236692905426,0.019243985414505005,0.006145656108856201,-0.01158052682876587,0.9081169366836548,0.6972878575325012,-1.109809398651123,-0.6311612129211426,0.21893025934696198,-0.0885472297668457,0.1248461902141571,0.17481663823127747,-0.30727678537368774,-0.28676027059555054,0.332455575466156,0.13934831321239471,-0.2555210590362549,0.05001862347126007,0.12923064827919006,-0.03575870394706726,-0.03482671082019806,-0.030824512243270874,-0.01772618293762207,2.754087448120117,2.754087448120117,0.8458300828933716,0.6037678122520447,0.61290442943573,0.5559144020080566,0.516162097454071,0.5011353492736816,0.6258876323699951,0.5982439517974854,0.5852228403091431,0.6436951160430908,0.5349046587944031,0.43109822273254395,0.4112141728401184,0.4506687521934509,0.4491509199142456,0.4668771028518677,0.47845762968063354,0.0,-1.9082573652267456,-2.1503195762634277,-0.2329256534576416,-0.04785341024398804,-0.09674233198165894,-0.054779052734375,0.10972553491592407,0.09710860252380371,-0.04066479206085205,0.04545116424560547,-0.05031818151473999,-0.21259689331054688,-0.12369048595428467,0.019570529460906982,0.0379367470741272,0.016208350658416748,0.02930670976638794,0.01158052682876587,-1.9082573652267456,-2.1503195762634277,1.675331711769104,2.102466106414795,0.13618332147598267,-0.006925642490386963,0.206467866897583,0.1518876552581787,-0.15039032697677612,-0.05165743827819824,-0.00965338945388794,-0.25804805755615234,-0.07337230443954468,0.23216742277145386,0.16162723302841187,-0.0033621788024902344,-0.008630037307739258,-0.004627823829650879,-0.01772618293762207,0.5817762017250061,0.5814751982688904,0.43189695477485657,0.24544204771518707,0.25445887446403503,0.2667129635810852,0.22791460156440735,0.2269454002380371,0.3128700256347656,0.3086405098438263,0.250674307346344,0.3002161383628845,0.2897249460220337,0.20755276083946228,0.22824056446552277,0.25343918800354004,0.24606305360794067,0.2912103831768036,0.2972496747970581,-0.00030100345611572266,-0.14987924695014954,-0.3360331654548645,-0.17743808031082153,0.021270915865898132,-0.026544272899627686,-0.039767563343048096,0.08495542407035828,0.08169510960578918,-0.06219571828842163,-0.008424371480941772,0.0390506386756897,-0.09266337752342224,-0.061484381556510925,0.04588642716407776,0.017822489142417908,0.03777119517326355,0.05118662118911743,0.006039291620254517,-0.1495782434940338,-0.3357321619987488,-0.027558833360671997,0.35730409622192383,0.15089380741119385,-0.06103847920894623,0.11149969696998596,0.12146267294883728,-0.1471511423587799,-0.09011948108673096,0.10124635696411133,-0.08423900604248047,-0.10053502023220062,0.1385498046875,0.07930687069892883,-0.008115231990814209,0.033364132046699524,-0.03173190355300903,-0.045147329568862915,0.015719907358288765,0.16795450448989868,0.017960380762815475,0.007085714023560286,0.0016430701361969113,0.029721997678279877,0.06254837661981583,0.04537199065089226,0.08067507296800613,0.1017075628042221,0.06608512252569199,0.009290050715208054,0.04359407722949982,0.014768572524189949,0.20091260969638824,0.0047091892920434475,0.07733599096536636,0.06742826104164124,0.043803468346595764,0.15223459899425507,0.0022404734045267105,-0.1608687937259674,-0.01631730981171131,0.022636283189058304,0.06090530753135681,0.01564999297261238,0.018126696348190308,0.05633557215332985,-0.014589950442314148,-0.09241750836372375,-0.02249104529619217,0.0054785218089818954,0.15731853246688843,-0.010059382766485214,-0.12357661873102188,0.06271906942129135,-0.0335325226187706,-0.02362479269504547,-0.1499941200017929,-0.3131033778190613,-0.018557783216238022,0.1835050731897354,0.07722261548042297,-0.006986290216445923,-0.042778611183166504,0.04068557918071747,-0.032716646790504456,-0.1487530767917633,-0.007901094853878021,0.0978960320353508,0.1798095703125,-0.01553790457546711,-0.2808951437473297,0.07277844846248627,0.09004409611225128,-0.08634386211633682,0.009907729923725128,3.194397211074829,3.2010161876678467,0.5801339149475098,0.40185511112213135,0.4030028283596039,0.33388906717300415,0.31597834825515747,0.32841750979423523,0.5695619583129883,0.6014298796653748,0.32517504692077637,0.3829341530799866,0.44148579239845276,0.2949557304382324,0.19268597662448883,0.270913690328598,0.30488792061805725,0.20965534448623657,0.19312912225723267,0.006618976593017578,-2.6142632961273193,-2.799160957336426,-0.17713108658790588,-0.0679660439491272,-0.08702448010444641,-0.005471557378768921,0.2535836100578308,0.2730123698711395,-0.24438691139221191,-0.21849572658538818,0.11631074547767639,-0.08797842264175415,-0.24879981577396393,-0.0240420401096344,0.11220194399356842,-0.06125834584236145,-0.11175879836082458,-0.016526222229003906,-2.620882272720337,-2.8057799339294434,2.4371321201324463,2.7311949729919434,0.09010660648345947,0.062494486570358276,0.3406080901622772,0.27848392724990845,-0.4979705214500427,-0.4915080964565277,0.3606976568698883,0.13051730394363403,-0.3651105761528015,0.06393638253211975,0.36100175976753235,-0.03721630573272705,-0.223960742354393,0.044732123613357544,0.09523257613182068,-7.618882955284789e-05,-0.0002512795617803931,-4.270951831131242e-05,4.761993477586657e-05,-0.00012461488950066268,-4.926984911435284e-05,-0.00026653800159692764,-0.00021684124658349901,-6.046776252333075e-05,-0.0002283819339936599,5.600519216386601e-05,2.6293393602827564e-05,0.00038341674371622503,1.173455166281201e-05,0.00033511946094222367,-0.00011465423449408263,-2.932694769697264e-05,-0.00012338707165326923,9.108010272029787e-05,-0.00017509073950350285,3.347931124153547e-05,0.00029889948200434446,-8.190536755137146e-05,-9.68897802522406e-05,-0.00014192311209626496,-0.00016757140110712498,0.0002060702390735969,-1.15406874101609e-05,0.00011647295468719676,0.0002546753385104239,0.0003274115442764014,-1.4558841940015554e-05,-4.829728277400136e-05,-0.00012638878251891583,-0.0003644464013632387,-8.732837159186602e-06,0.00012040705041727051,0.0002144671743735671,0.00020857005438301712,0.0004739902215078473,-0.00011538468243088573,-0.0003957892768085003,-6.00177445448935e-05,-7.068162085488439e-05,0.0003479933366179466,0.00015603071369696409,-8.959728438640013e-05,0.0002662160259205848,0.00021093859686516225,-0.00026923418045043945,-0.00037570882705040276,-0.00011182994057890028,-0.00031614911858923733,0.00011765594535972923,0.0004848534590564668,0.0002232000115327537,9.406012395629659e-05,-25053810.0,-25108980.0,-3822544.75,-2613237.75,-2655909.5,-2087720.25,-1956737.125,-2015763.375,-3829991.5,-4305222.0,-1990292.5,-2483432.25,-2945106.5,-1869574.25,-1093285.125,-1654520.75,-1895186.5,-1256707.875,-1113997.25,-55170.0,21231266.0,22495742.0,1166635.25,525517.5,699172.375,71956.875,-1873254.375,-2289458.5,1839699.0,1821789.75,-954814.0,613858.0,1851821.375,215053.5,-801901.375,397812.875,781189.25,142710.625,21286436.0,22550912.0,-20064630.0,-21970224.0,-467462.875,-453560.625,-2572426.75,-2361415.5,3712953.5,4111248.25,-2794513.0,-1207931.75,2806635.5,-398804.5,-2653722.75,182759.375,1583090.625,-255102.25,-638478.625,0.3457052707672119,0.34569892287254333,0.0001667956094024703,4.5557066187029704e-05,4.685865496867336e-05,2.0061317627551034e-05,2.2291525965556502e-05,1.972640529857017e-05,7.688379992032424e-05,7.510400610044599e-05,3.1837873393669724e-05,4.2526458855718374e-05,2.492960265954025e-05,8.283444003609475e-06,3.914651642844547e-06,9.931932254403364e-06,1.1261259714956395e-05,6.388709607563214e-06,6.348862370941788e-06,-6.3478946685791016e-06,-0.345538467168808,-0.34565335512161255,-0.00011993695807177573,-2.549574855947867e-05,-2.456712900311686e-05,-3.349123289808631e-07,5.4592273954767734e-05,5.5377600801875815e-05,-4.504592652665451e-05,-3.257754724472761e-05,-6.9082707341294736e-06,-3.42430139426142e-05,-2.1014951926190406e-05,1.6484882507938892e-06,7.346608072111849e-06,-3.5432226468401495e-06,-4.912397344014607e-06,-3.984723662142642e-08,-0.3455321192741394,-0.34564700722694397,0.3454185426235199,0.34562787413597107,9.536983270663768e-05,2.5160836230497807e-05,7.91594065958634e-05,5.571251313085668e-05,-9.963820048142225e-05,-8.795515168458223e-05,3.813765579252504e-05,-1.6654666978865862e-06,-1.4106681192060933e-05,3.589150219340809e-05,2.8361559088807553e-05,-5.191710897634039e-06,-1.2259005416126456e-05,3.503375410218723e-06,4.872550107393181e-06,0.006974190939217806,-0.010566962882876396,0.02640405297279358,0.008692724630236626,0.0032000765204429626,0.017318880185484886,0.00674614030867815,-0.002072214614599943,0.024429364129900932,0.01756231300532818,-0.014088338240981102,0.022410936653614044,0.02237117290496826,-0.004748586565256119,0.001566617051139474,0.02381264790892601,0.008777722716331482,0.0003849827335216105,0.012488022446632385,-0.017541153356432915,0.01942986249923706,0.019259687513113022,-0.023203976452350616,0.00862615555524826,0.0035460637882351875,-0.019391095265746117,0.017683222889900208,0.01963452808558941,-0.038517702370882034,0.004848623648285866,0.03645951300859451,-0.027159523218870163,-0.02080455608665943,0.02856123447418213,0.007211105898022652,-0.02342766523361206,0.0037102997303009033,0.012103039771318436,0.036971017718315125,0.03680083900690079,-0.04263383895158768,-0.010633531957864761,0.02675003930926323,-0.028017250820994377,0.01413715910166502,0.039025623351335526,-0.05620092526078224,-0.014785904437303543,0.07497721910476685,-0.03200814872980118,-0.057264067232608795,0.05572075769305229,0.028015661984682083,-0.05198889970779419,-0.0035008061677217484,0.035530705004930496,0.008392740041017532,0.3477790653705597,0.3477907180786133,0.13866056501865387,0.12223086506128311,0.12345831841230392,0.10708806663751602,0.10862027853727341,0.11152944713830948,0.13864877820014954,0.1468794196844101,0.10743176937103271,0.11192240566015244,0.12151771783828735,0.10533841699361801,0.08543086051940918,0.08951980620622635,0.10609166324138641,0.08916449546813965,0.08189237117767334,1.1652708053588867e-05,-0.20911850035190582,-0.22555986046791077,-0.015202246606349945,-0.01514279842376709,-0.014838039875030518,0.004441380500793457,0.03002849966287613,0.035349972546100616,-0.03121700882911682,-0.03495701402425766,0.014085948467254639,-0.006583988666534424,-0.036086857318878174,-0.015818610787391663,0.020660802721977234,-0.00035531073808670044,-0.024199292063713074,-0.007272124290466309,-0.2091301530599594,-0.22557151317596436,0.19391626119613647,0.21041706204414368,0.0003642067313194275,0.019584178924560547,0.04486653953790665,0.03090859204530716,-0.06124550849199295,-0.07030698657035828,0.04530295729637146,0.028373025357723236,-0.05017280578613281,-0.009234622120857239,0.05674766004085541,0.015463300049304962,-0.04486009478569031,-0.006916813552379608,0.016927167773246765,0.12095027416944504,0.12095838785171509,0.01922675222158432,0.014940383844077587,0.015241957269608974,0.01146785356104374,0.011798364110291004,0.012438817881047726,0.01922348514199257,0.021573565900325775,0.011541585437953472,0.012526624836027622,0.014766556210815907,0.011096181347966194,0.007298432290554047,0.008013795129954815,0.011255440302193165,0.007950306870043278,0.006706360261887312,8.113682270050049e-06,-0.10172352194786072,-0.10601800680160522,-0.003984794951975346,-0.003472530283033848,-0.0034435931593179703,0.0009709643200039864,0.007425121031701565,0.00913474801927805,-0.007681899704039097,-0.009046941064298153,0.0032249707728624344,-0.001430443488061428,-0.00746812392026186,-0.0030823862180113792,0.003957008011639118,-6.348825991153717e-05,-0.004549080040305853,-0.0012439466081559658,-0.10173163563013077,-0.10602612048387527,0.09773872792720795,0.10254547744989395,0.0005412017926573753,0.004443494603037834,0.010868714191019535,0.008163783699274063,-0.015107020735740662,-0.018181689083576202,0.010906870476901531,0.007616497576236725,-0.010693094693124294,-0.0016519427299499512,0.011425131931900978,0.003018897958099842,-0.008506087586283684,-0.0011804583482444286,0.003305133432149887,-2.0609397888183594,-1.8311635255813599,-0.578451931476593,-0.6716475486755371,-0.4794095754623413,-0.6889188885688782,-0.5385172963142395,-0.1640838086605072,-0.08773486316204071,0.08863209933042526,-0.1894875168800354,-0.6445068717002869,-0.37222710251808167,-0.07760865986347198,-0.48609617352485657,-0.21396960318088531,-0.0482155978679657,-0.2618926763534546,-0.6850069761276245,0.2297762632369995,1.4824879169464111,1.1595159769058228,0.09904235601425171,-0.017271339893341064,-0.05910772085189819,0.5248351097106934,0.4507824182510376,0.25271591544151306,-0.10175265371799469,-0.7331389784812927,-0.18273958563804626,0.5668982267379761,-0.1138690710067749,-0.13636094331741333,0.43788057565689087,-0.047923073172569275,-0.6367913484573364,-0.4231142997741699,1.2527116537094116,0.9297397136688232,-1.3834455013275146,-1.1767873764038086,-0.1581500768661499,0.5421064496040344,0.5098901391029358,-0.2721191942691803,-0.5525350570678711,-0.9858548641204834,-0.08098693192005157,1.300037145614624,0.06887051463127136,-0.7032591700553894,0.5517496466636658,0.08843787014484406,-1.074671983718872,-0.37519121170043945,0.2136770486831665,10.805413246154785,10.010065078735352,3.8891689777374268,3.1521944999694824,2.931474447250366,3.406160354614258,3.184145212173462,2.566330909729004,2.3963170051574707,2.001032590866089,2.941960334777832,4.088438034057617,2.2913408279418945,2.091658115386963,2.6806700229644775,2.9669103622436523,2.3522047996520996,2.905846118927002,4.095187187194824,-0.7953481674194336,-6.9162445068359375,-6.857870578765869,-0.9576945304870605,0.2539658546447754,0.2526707649230957,-0.8398294448852539,-0.7878282070159912,-0.565298318862915,0.5456433296203613,2.0874054431915283,-0.6506195068359375,-1.9967799186706543,0.389329195022583,0.8752522468566895,-0.32846522331237793,-0.06106424331665039,1.7429823875427246,1.1893410682678223,-6.120896339416504,-6.0625224113464355,5.958549976348877,7.1118364334106445,1.2103652954101562,-1.0937952995300293,-1.040498971939087,0.27453112602233887,1.3334715366363525,2.6527037620544434,-1.1962628364562988,-4.084185600280762,1.0399487018585205,2.8720321655273438,-0.7177944183349609,-0.9363164901733398,2.0714476108551025,1.2504053115844727,-0.5536413192749023,6.993693828582764,-10.489694595336914,26.41493034362793,8.680929183959961,3.233739137649536,17.333410263061523,6.818348407745361,-2.0142788887023926,24.448678970336914,17.625093460083008,-14.09923267364502,22.404396057128906,22.295080184936523,-4.75137996673584,1.5058337450027466,23.84300994873047,8.78952407836914,0.41822779178619385,12.466119766235352,-17.483388900756836,19.421236038208008,19.170623779296875,-23.181190490722656,8.652481079101562,3.584609270095825,-19.347688674926758,17.63033103942871,19.639371871948242,-38.54791259765625,4.779302597045898,36.39431381225586,-27.155776977539062,-20.78924560546875,28.594390869140625,7.283690452575684,-23.424781799316406,3.676595687866211,12.047891616821289,36.904624938964844,36.654014587402344,-42.60242462158203,-10.518142700195312,26.76580047607422,-28.00016975402832,14.045722007751465,38.987060546875,-56.178245544433594,-14.860069274902344,74.94223022460938,-31.93507957458496,-57.18355941772461,55.75016784667969,28.07293701171875,-52.01917266845703,-3.6070947647094727,35.47267150878906,8.371295928955078,0.05855196341872215,0.02473607286810875,0.0775236040353775,0.03577931970357895,0.013417370617389679,0.050479862838983536,0.018702123314142227,-0.008235028944909573,0.052732065320014954,0.033106379210948944,-0.027425535023212433,0.04780252277851105,0.05936279892921448,-0.00881290528923273,0.01627209410071373,0.051742956042289734,0.017953086644411087,0.016923008486628532,0.034183353185653687,-0.0338158905506134,0.01897164061665535,0.0110432468354702,-0.06410623341798782,0.014700543135404587,0.005284752696752548,-0.05871489271521568,0.034029942005872726,0.04134140908718109,-0.08015760034322739,0.014696143567562103,0.08678833395242691,-0.056615427136421204,-0.04309070482850075,0.06055586040019989,0.0016809925436973572,-0.03481994569301605,0.0162302665412426,0.017260344699025154,0.05278753116726875,0.0448591373860836,-0.08307787775993347,0.003657296299934387,0.06939098238945007,-0.07341543585062027,0.028745189309120178,0.10005630552768707,-0.11418753862380981,-0.026645265519618988,0.1669459342956543,-0.0713115707039833,-0.12987904250621796,0.1171712875366211,0.044771697372198105,-0.09537580609321594,0.014549273997545242,0.05208028852939606,0.0010300781577825546
-0.004416439216583967,-0.0887489914894104,0.14176519215106964,-0.011867094784975052,-0.03639867901802063,0.07622524350881577,0.02812335081398487,-0.00108513911254704,0.008704494684934616,-0.011983083561062813,0.09242015331983566,0.023861762136220932,-0.09361676871776581,0.0794333666563034,0.11883019655942917,-0.09128843247890472,-0.0165705643594265,0.1430913358926773,-0.048207301646471024,-0.08433255553245544,0.1461816281080246,0.07688190042972565,-0.17816387116909027,0.08809234201908112,0.06452202796936035,-0.07731038331985474,-0.019418856129050255,-0.010897944681346416,0.08371566236019135,0.035844847559928894,-0.18603691458702087,0.055571604520082474,0.21244695782661438,-0.17072179913520813,-0.13540075719356537,0.23437976837158203,-0.031636737287044525,-0.19129863381385803,0.23051418364048004,0.1612144559621811,-0.32434549927711487,0.011210441589355469,0.24268589913845062,-0.16540272533893585,-0.08394088596105576,0.06641244143247604,0.10313452035188675,0.046742793172597885,-0.269752562046051,0.01972675696015358,0.39848387241363525,-0.2262933999300003,-0.34784770011901855,0.40510156750679016,0.10376401990652084,-0.42567840218544006,-0.1596618890762329,0.35760751366615295,0.28392890095710754,0.1921716034412384,0.1885133981704712,0.1618279665708542,0.1322564333677292,0.153241366147995,0.1646958589553833,0.1876414567232132,0.22803501784801483,0.2232906073331833,0.20697379112243652,0.1790236085653305,0.19366006553173065,0.18706044554710388,0.23134125769138336,0.2755028307437897,0.2110113948583603,0.21762900054454803,-0.07367861270904541,-0.16543591022491455,-0.09541550278663635,-0.030343636870384216,-0.056256964802742004,-0.008586600422859192,0.032439425587654114,0.0344000905752182,0.06333915889263153,0.03564915060997009,-0.021061226725578308,-0.04426699876785278,-0.013313725590705872,0.008036836981773376,0.03768119215965271,0.08844238519668579,-0.02032986283302307,-0.05787383019924164,0.006617605686187744,-0.09175729751586914,-0.021736890077590942,0.13509227335453033,0.03915853798389435,0.021757036447525024,0.08869639039039612,0.04298669099807739,0.030899733304977417,0.001249060034751892,-0.08440038561820984,-0.07991614937782288,0.0077475011348724365,0.05230383574962616,0.05099491775035858,0.08040554821491241,-0.05801105499267578,-0.14631621539592743,0.026947468519210815,0.06449143588542938,0.8304921388626099,0.4729538857936859,0.4749290943145752,0.4749290943145752,0.3837044835090637,0.3837044835090637,0.3789100646972656,0.3819393217563629,0.4343111515045166,0.4343111515045166,0.5106978416442871,0.5106978416442871,0.279825359582901,0.6503276824951172,0.6503276824951172,0.38211533427238464,0.5860283970832825,0.6271024346351624,0.6271024346351624,-0.35753825306892395,-0.35556304454803467,0.0019752085208892822,-0.09122461080551147,-0.09122461080551147,-0.004794418811798096,-0.0017651617527008057,0.05540108680725098,0.052371829748153687,0.07638669013977051,0.07638669013977051,-0.2308724820613861,0.13962984085083008,0.3705023229122162,-0.26821234822273254,-0.06429928541183472,0.2449871003627777,0.04107403755187988,0.0,0.0019752085208892822,0.35951346158981323,0.2643384337425232,-0.09319981932640076,0.08643019199371338,0.08945944905281067,0.06019550561904907,0.05413699150085449,0.02098560333251953,0.02401486039161682,-0.3072591722011566,0.06324315071105957,0.6013748049736023,-0.4078421890735626,-0.4348016083240509,0.5131994485855103,0.1053733229637146,-0.2449871003627777,-0.04107403755187988,0.8304921388626099,0.7062657475471497,0.4749290943145752,0.4865276515483856,0.4865276515483856,0.3837044835090637,0.6277007460594177,0.6277007460594177,1.1558802127838135,1.1558802127838135,1.1382019519805908,0.5106978416442871,0.43352121114730835,0.6503276824951172,0.6503276824951172,0.8376277685165405,0.8376277685165405,0.6271024346351624,0.8628742694854736,-0.1242263913154602,-0.35556304454803467,-0.21973809599876404,0.011598557233810425,-0.1028231680393219,0.1411730945110321,0.243996262550354,0.5281794667243958,0.5281794667243958,-0.017678260803222656,-0.6451823711395264,-0.7046807408332825,0.13962984085083008,0.21680647134780884,0.18730008602142334,0.18730008602142334,-0.21052533388137817,0.025246500968933105,0.23577183485031128,-0.23133665323257446,-0.09551170468330383,0.3671616017818451,0.11691492795944214,0.12957453727722168,0.3468194305896759,0.38700637221336365,0.28418320417404175,-0.5458577275276184,-1.1733617782592773,-0.6870024800300598,0.7848122119903564,0.9214872121810913,0.04767024517059326,-0.029506385326385498,-0.3978254199028015,-0.16205358505249023,0.44629716873168945,0.21052533388137817,-0.7062657475471497,-0.7062657475471497,-0.3625902235507965,-0.4865276515483856,-0.4865276515483856,-0.3175326883792877,-0.6277007460594177,-0.6277007460594177,-1.1558802127838135,-1.1558802127838135,-1.1382019519805908,-0.3841880261898041,-0.43352121114730835,-0.43352121114730835,-0.39507123827934265,-0.8376277685165405,-0.8376277685165405,-0.42995724081993103,-0.8628742694854736,0.0,0.34367552399635315,0.21973809599876404,-0.12393742799758911,0.1689949631690979,-0.1411730945110321,-0.31016805768013,-0.5281794667243958,-0.5281794667243958,0.017678260803222656,0.771692156791687,0.7046807408332825,-0.04933318495750427,0.0384499728679657,-0.4041065573692322,-0.4425565302371979,0.4076705276966095,-0.025246500968933105,-0.4329170286655426,0.34367552399635315,0.21973809599876404,-0.46761295199394226,-0.05074313282966614,-0.017235666513442993,-0.4791630208492279,-0.38700637221336365,-0.21801140904426575,0.5458577275276184,1.2998716831207275,0.6870024800300598,-0.8210253715515137,-0.6662307977676392,-0.3547733724117279,-0.4810065031051636,0.8117771148681641,0.41731002926826477,-0.8405875563621521,-0.4076705276966095,0.013739780522882938,0.00014288467355072498,0.00014288467355072498,0.0006876206025481224,0.0007252413779497147,0.00011891755275428295,0.00011891755275428295,0.00015353772323578596,0.00015353772323578596,4.3809821363538504e-05,4.3809821363538504e-05,0.0012832185020670295,0.0005540273850783706,0.0005540273850783706,2.5087501853704453e-05,2.5087501853704453e-05,0.0002745716483332217,0.0002745716483332217,0.0,-0.013596896082162857,-0.013596896082162857,0.0005447359289973974,0.0005823567043989897,-0.0005687030497938395,-0.0006063238251954317,3.462017048150301e-05,3.462017048150301e-05,-0.00010972790187224746,-0.00010972790187224746,0.0012394087389111519,0.0005102175637148321,-0.0007291911169886589,-0.0005289398832246661,-0.0005289398832246661,0.0002494841464795172,0.0002494841464795172,-0.0002745716483332217,-0.0002745716483332217,0.0,0.014141632243990898,0.01417925301939249,-0.0011134389787912369,-0.0011886805295944214,0.0006033232202753425,0.0006409439956769347,-0.00014434807235375047,-0.00014434807235375047,0.0013491366989910603,0.0006199454655870795,-0.001968599855899811,-0.0010391573887318373,0.00020025123376399279,0.0007784240297041833,0.0007784240297041833,-0.0005240557948127389,-0.0005240557948127389,0.0,0.1242263913154602,-0.23331186175346375,0.11233887076377869,-0.011598557233810425,-0.1028231680393219,0.066171795129776,-0.2487906813621521,-0.2457614243030548,-0.7215690612792969,-0.7215690612792969,-0.6275041103363037,0.12650981545448303,-0.15369585156440735,0.21680647134780884,0.25525644421577454,-0.4555124342441559,-0.25159937143325806,0.19714519381523132,-0.23577183485031128,-0.35753825306892395,-0.011887520551681519,0.22171330451965332,-0.21516203880310059,0.07777035236358643,-0.1459675133228302,-0.3119332194328308,-0.4727783799171448,-0.47580763697624207,0.09406495094299316,0.8480788469314575,0.47380825877189636,0.0902966558933258,0.4089522957801819,-0.6723189353942871,-0.506855845451355,0.6526576280593872,0.015827536582946777,-0.4329170286655426,0.34565073251724243,0.5792515277862549,-0.20327451825141907,-0.1439429521560669,0.06919452548027039,-0.38970357179641724,-0.3268108665943146,-0.16387441754341125,0.5668433308601379,1.323886513710022,0.3797433078289032,-0.7577822208404541,-0.06485596299171448,-0.7626155614852905,-0.9158081412315369,1.3249765634536743,0.5226833820343018,-1.0855746269226074,-0.4487445652484894,1.5367579460144043,1.1792196035385132,0.8375192880630493,0.9614567756652832,0.870232105255127,0.7012372016906738,1.0066108703613281,1.009640097618103,1.59019136428833,1.59019136428833,1.648899793624878,0.8948858976364136,0.7133466005325317,1.0838489532470703,1.0453989505767822,1.2197431325912476,1.4236562252044678,1.057059645652771,1.4899766445159912,-0.3575383424758911,-0.699238657951355,-0.21776282787322998,0.03271281719207764,-0.2602195739746094,0.13637876510620117,0.3084028959274292,0.583580493927002,0.580551266670227,0.05870842933654785,-0.6953054666519165,-0.9355531930923462,0.18896305561065674,0.3320523500442505,0.13589417934417725,0.37825727462768555,-0.16268348693847656,0.06632041931152344,0.4329169988632202,-0.34170031547546387,0.13977551460266113,0.7319514751434326,-0.042456746101379395,0.10366594791412354,0.5686224699020386,0.4472017288208008,0.27214837074279785,-0.5248720645904541,-1.2758567333221436,-0.994261622428894,0.8842685222625732,1.2676055431365967,-0.05306887626647949,0.04620492458343506,-0.2985776662826538,-0.3119368553161621,0.5956004858016968,0.3665965795516968,0.46654075384140015,0.2880775034427643,0.349496990442276,0.35669970512390137,0.3087117075920105,0.3385176956653595,0.2968319356441498,0.2932702302932739,0.3091374933719635,0.27916812896728516,0.34257641434669495,0.3719368875026703,0.2161986231803894,0.46670758724212646,0.4711034595966339,0.24602390825748444,0.35788360238075256,0.4361880123615265,0.4143027365207672,-0.17846325039863586,-0.11704376339912415,0.06862220168113708,-0.0407852828502655,-0.01818200945854187,-0.011879771947860718,-0.04524746537208557,0.01230555772781372,-0.01410210132598877,0.033438920974731445,0.09276875853538513,-0.12637779116630554,0.09477069973945618,0.2549048364162445,-0.22068367898464203,-0.11321985721588135,0.19016410410404205,0.05641913414001465,-0.021885275840759277,0.06141948699951172,0.24708545207977295,0.07625848054885864,-0.08680421113967896,0.028905510902404785,-0.0270654559135437,0.02418532967567444,0.031145364046096802,0.021133363246917725,0.1068708598613739,-0.159816712141037,0.002001941204071045,0.38128262758255005,-0.315454363822937,-0.36812469363212585,0.4108477830886841,0.169638991355896,-0.21204937994480133,-0.07830440998077393,0.2325403094291687,0.24902720749378204,0.01869896426796913,0.4749290943145752,0.10080204904079437,0.010506114922463894,0.06350628286600113,0.33265504240989685,0.08719462156295776,0.3817806839942932,1.1382019519805908,0.18342040479183197,0.25942501425743103,0.3568260073661804,0.2981715798377991,0.22589550912380219,0.3745950758457184,0.2240910828113556,0.2681747078895569,0.016486898064613342,-0.21384134888648987,0.22590188682079315,0.08210308849811554,-0.46442297101020813,-0.03729576617479324,0.3221489191055298,0.023688338696956635,0.04912564158439636,1.0510072708129883,-0.19836027920246124,-0.8787769079208374,0.17340560257434845,0.03874656558036804,-0.13093049824237823,0.07642349600791931,-0.0018044263124465942,-0.1064203679561615,0.044083625078201294,-0.2303282469511032,0.2094149887561798,0.2959444522857666,-0.6903248429298401,-0.11939885467290878,0.7865718603134155,0.06098410487174988,-0.2730232775211334,1.0273189544677734,-0.2474859207868576,-1.9297841787338257,0.3717658817768097,0.9175235033035278,-0.3043361008167267,0.03767693042755127,0.12912607192993164,-0.1828438639640808,0.04588805139064789,0.1505039930343628,4.145280361175537,2.9992172718048096,1.4077045917510986,1.297400951385498,0.9852474331855774,0.6814468502998352,1.0961555242538452,1.187614917755127,1.6083009243011475,2.4183034896850586,2.0389022827148438,1.4674023389816284,1.1585283279418945,1.5563945770263672,1.4991120100021362,2.4023635387420654,2.968093156814575,1.7637180089950562,2.1669702529907227,-1.1460630893707275,-2.7375757694244385,-1.7018163204193115,-0.42245715856552124,-0.6159541010856628,0.11090809106826782,0.5061680674552917,0.5121454000473022,1.2306885719299316,0.4306013584136963,-0.9509011507034302,-0.8803739547729492,0.08899223804473877,0.3405836820602417,0.8459689617156982,1.468981146812439,-0.6386455297470093,-0.8011229038238525,0.4032522439956665,-1.591512680053711,-0.555753231048584,2.3151185512542725,1.085862159729004,0.5333652496337891,1.1221221685409546,0.4012373089790344,0.7245205044746399,-0.08154404163360596,-2.1815896034240723,-1.3109753131866455,1.039893388748169,1.220957636833191,0.7569767236709595,1.1283974647521973,-1.4846144914627075,-2.270103931427002,1.0418977737426758,1.204375147819519,-0.00025823971373029053,-0.0008690859540365636,0.00016634733765386045,-0.0005332662840373814,0.0001384441420668736,0.0008126772008836269,7.788921720930375e-06,0.0004128541040699929,0.005152862519025803,-0.000834256352391094,0.004483038559556007,0.0006922308821231127,-0.0007774356636218727,0.0006122304475866258,0.0004991568857803941,-0.000628960900940001,0.0006529163802042603,0.0008278164896182716,-0.0003909502411261201,-0.0006108462112024426,0.000424587051384151,0.0003358196699991822,-2.790319558698684e-05,0.0013459434267133474,-0.00013065521488897502,-0.00039982309681363404,0.005145073402673006,-0.0012471104273572564,-0.0006698239594697952,0.0015264872927218676,-0.005260474048554897,-8.000043453648686e-05,0.0012765924911946058,-0.001241191290318966,0.00015375949442386627,0.0014567773323506117,-0.0010438666213303804,-0.0012187666725367308,0.0010354332625865936,0.0009466658812016249,-0.0004524902324192226,0.0010101237567141652,-0.00010275201930198818,-0.001745766494423151,0.0052757286466658115,-0.0008472873596474528,-0.005814897362142801,0.002773597836494446,-0.004590650089085102,-0.0016064876690506935,0.006537066772580147,-0.00116119091399014,-0.0011228329967707396,0.0026979686226695776,-0.0011976261157542467,-0.0026755440048873425,-0.00017490005120635033,-39183120.0,-26199986.0,-11017681.0,-10349899.0,-7245760.0,-4682298.0,-7930685.5,-8712549.0,-12326244.0,-20438258.0,-15510396.0,-12300409.0,-8935777.0,-12010722.0,-11592745.0,-20044634.0,-24733416.0,-13715712.0,-17580632.0,12983134.0,28165440.0,15850087.0,3771921.0,5667601.0,-684925.5,-4030251.0,-4395558.5,-11725709.0,-3184152.0,8137849.0,6574619.0,289687.0,-2656968.0,-8033912.0,-13140671.0,6328922.0,7152784.0,-3864920.0,15182306.0,2866953.0,-24393520.0,-10182486.0,-4456846.5,-9697852.0,-3710633.0,-7695458.0,1211406.5,19863558.0,9758771.0,-7848162.0,-9231587.0,-8323599.0,-10483703.0,14362834.0,20293456.0,-10193842.0,-11017704.0,0.01627681963145733,0.00829724594950676,0.0008654012926854193,0.0007050490821711719,0.0004739899013657123,0.00015522477042395622,0.0016562032978981733,0.0017042995896190405,0.02330673299729824,0.04078099504113197,0.0181575957685709,0.0007566062267869711,0.0004399348981678486,0.002538116881623864,0.0024481136351823807,0.011969763785600662,0.012951120734214783,0.0023335921578109264,0.011711769737303257,-0.00797957368195057,-0.015411417931318283,-0.0075921970419585705,-0.00039141139131970704,-0.0005498243262991309,0.0011822134256362915,0.0015490747755393386,0.021650530397892,0.03907669708132744,-0.005149137228727341,-0.04002438858151436,-0.01771766133606434,0.001781510654836893,0.002008178737014532,0.009431647136807442,0.010503007099032402,-0.009636171162128448,-0.0012393509969115257,0.009378178045153618,-0.007431844249367714,0.00038737663999199867,0.015020006336271763,0.007042372599244118,0.001573624787852168,0.0020988991018384695,0.020468316972255707,0.037527620792388916,-0.02679966762661934,-0.0791010856628418,-0.012568524107336998,0.041805900633335114,0.019725840538740158,0.007650136481970549,0.008494827896356583,-0.01906781829893589,-0.011742358095943928,0.019014349207282066,0.010617529042065144,-0.002309984527528286,-0.04491296410560608,0.07120585441589355,-0.006204092875123024,-0.01824340596795082,0.03841857984662056,0.014116075821220875,-0.0005693953717127442,0.004991195164620876,-0.006326776463538408,0.04684321582317352,0.012069125659763813,-0.04726147651672363,0.039939235895872116,0.0596749410033226,-0.046024568378925323,-0.008255756460130215,0.07192789763212204,-0.024334140121936798,-0.04260297864675522,0.07351583987474442,0.038708873093128204,-0.08944925665855408,0.04462267458438873,0.03235948085784912,-0.03898797556757927,-0.009124880656599998,-0.005757381208240986,0.04185201972723007,0.01839590258896351,-0.09410469233989716,0.027870111167430878,0.10693641752004623,-0.08596380054950714,-0.06793069839477539,0.11795246601104736,-0.01607838273048401,-0.09626203775405884,0.11611881852149963,0.08131185173988342,-0.1629650890827179,0.0059138014912605286,0.1218087375164032,-0.0836106538772583,-0.04148436337709427,0.03323059529066086,0.05097690224647522,0.02415328472852707,-0.13595670461654663,0.009474208578467369,0.2010411024093628,-0.11383391171693802,-0.17486712336540222,0.2039162665605545,0.05185231566429138,-0.2142145037651062,-0.08018365502357483,0.3964676558971405,0.32534685730934143,0.1823417842388153,0.22149871289730072,0.1898346096277237,0.14149704575538635,0.201936274766922,0.21222186088562012,0.24681474268436432,0.30260249972343445,0.2622310221195221,0.23469021916389465,0.18749573826789856,0.229570671916008,0.2066488116979599,0.2876758575439453,0.3350929021835327,0.2153404802083969,0.282580703496933,-0.07112079858779907,-0.2141258716583252,-0.10384814441204071,0.007492825388908386,-0.08000166714191437,0.012101665139198303,0.07072481513023376,0.04487846791744232,0.09038063883781433,0.015416279435157776,-0.0679122805595398,-0.07473528385162354,-0.005119547247886658,0.01915307343006134,0.05810518562793732,0.12844409048557281,-0.0723353773355484,-0.05251219868659973,0.06724022328853607,-0.14300507307052612,-0.03272734582424164,0.22161869704723358,0.023846477270126343,0.004608839750289917,0.15072648227214813,0.03277680277824402,0.019655823707580566,-0.029462188482284546,-0.15829291939735413,-0.09015156328678131,0.06279273331165314,0.09388835728168488,0.06322473287582397,0.10929101705551147,-0.13044056296348572,-0.18095628917217255,0.13957560062408447,0.1197524219751358,0.1571865975856781,0.10585058480501175,0.033248525112867355,0.04906168207526207,0.036037176847457886,0.020021414384245872,0.0407782606780529,0.045038118958473206,0.06091751903295517,0.09156826883554459,0.06876511126756668,0.05507949739694595,0.03515465185046196,0.05270269513130188,0.04270373284816742,0.0827573910355568,0.1122872456908226,0.046371519565582275,0.07985185831785202,-0.05133601278066635,-0.12393806874752045,-0.05678890272974968,0.0027886517345905304,-0.029040267691016197,0.0047410838305950165,0.025016704574227333,0.020139258354902267,0.04653014987707138,0.007847592234611511,-0.03648877143859863,-0.03361045941710472,-0.0023768022656440735,0.00754908099770546,0.030054695904254913,0.06958351284265518,-0.03638587146997452,-0.03243538737297058,0.033480338752269745,-0.0726020559668541,-0.005452889949083328,0.12672671675682068,0.027748635038733482,0.001952432096004486,0.05405697226524353,0.015398174524307251,0.021513445302844048,-0.012291666120290756,-0.08301892131567001,-0.04145805165171623,0.03411196917295456,0.04115954041481018,0.03243149816989899,0.06203443184494972,-0.06644056737422943,-0.10201890021562576,0.06986621022224426,0.06591572612524033,-0.07884152978658676,-0.13051582872867584,-0.4146413505077362,0.021589118987321854,-0.07318449765443802,-0.10611115396022797,-1.146872878074646,-0.8796847462654114,-1.3009616136550903,-1.2315261363983154,-1.6380404233932495,-0.008681651204824448,0.11109854280948639,-0.011021354235708714,0.060380518436431885,-0.6573390364646912,-0.5561719536781311,-0.22713865339756012,-0.44319912791252136,-0.05167429894208908,-0.33579981327056885,0.1521049439907074,0.3414568603038788,-0.12770026922225952,-1.0736883878707886,-0.7735735774040222,-0.15408873558044434,-0.35184139013290405,-0.3370788097381592,1.2228444814682007,1.7491389513015747,-0.002339703030884266,-0.050718024373054504,-0.6463176608085632,-0.616552472114563,0.43020039796829224,0.11297282576560974,-0.21606047451496124,-0.28412550687789917,0.20377925038337708,0.67725670337677,-0.2798052132129669,-1.4151452779769897,-0.6458733081817627,0.9195996522903442,0.42173218727111816,-0.18299007415771484,1.57468581199646,2.0862178802490234,-1.2251842021942139,-1.7998570203781128,-0.64397794008255,-0.5658344626426697,1.0765180587768555,0.7295253276824951,-0.6462608575820923,-0.3290333151817322,1.7785148620605469,1.8283271789550781,2.71738338470459,2.1024017333984375,2.3792357444763184,2.610616683959961,4.566737174987793,3.465543270111084,6.732780456542969,5.038558483123779,6.731790542602539,1.8021345138549805,1.830125093460083,2.9023985862731934,3.0407638549804688,2.545513153076172,2.3901405334472656,2.711291551589966,3.388908863067627,0.04981231689453125,0.938868522644043,0.2740745544433594,-0.3381476402282715,0.5082149505615234,2.1875014305114746,0.854926586151123,2.166043281555176,1.5730152130126953,-0.0009899139404296875,-3.236423969268799,-4.901665687561035,1.100264072418213,1.2106387615203857,-0.3568854331970215,-0.6506233215332031,0.16577839851379395,0.9987683296203613,0.6776173114776611,0.8890562057495117,0.22426223754882812,-1.2770161628723145,0.23414039611816406,2.525649070739746,0.3467116355895996,-0.021458148956298828,0.7180886268615723,-2.1670331954956055,-4.809439182281494,-4.9006757736206055,4.336688041687012,6.1123046875,-1.4571495056152344,-1.8612620830535889,0.5226638317108154,1.6493916511535645,0.5118389129638672,-0.3211510181427002,-2.217052459716797,-44.55199432373047,71.16613006591797,-5.957281589508057,-18.272136688232422,38.265071868896484,14.117921829223633,-0.544739842414856,4.369656562805176,-6.01550817489624,46.39491653442383,11.978604316711426,-46.9956169128418,39.87554931640625,59.65275955200195,-45.8267936706543,-8.3184232711792,71.83184814453125,-24.20006561279297,-42.33494186401367,73.3831787109375,38.59471130371094,-89.43826293945312,44.222354888916016,32.39006042480469,-38.809810638427734,-9.748265266418457,-5.470768451690674,42.02526092529297,17.994112014770508,-93.39053344726562,27.89694595336914,106.64837646484375,-85.70234680175781,-67.97118377685547,117.65864562988281,-15.88164234161377,-96.03191375732422,115.71812438964844,80.92965698242188,-162.82144165039062,5.627643585205078,121.82832336425781,-83.03216552734375,-42.13832473754883,33.33904266357422,51.77352523803711,23.464879989624023,-135.41580200195312,9.902833938598633,200.03890991210938,-113.59928894042969,-174.61956787109375,203.36099243164062,52.089542388916016,-213.6905517578125,-80.1502685546875,0.11792826652526855,-0.056529588997364044,0.17359822988510132,-0.01754368096590042,-0.04822665825486183,0.08095365017652512,0.06425553560256958,0.0455545075237751,0.05600089579820633,0.04524136334657669,0.15513747930526733,0.0358072891831398,-0.08852368593215942,0.08476778864860535,0.11229608952999115,-0.016613269224762917,0.0445019006729126,0.15549790859222412,-0.013768992386758327,-0.174457848072052,0.055669963359832764,0.03898590803146362,-0.22182488441467285,0.09849733114242554,0.11248219013214111,-0.035399142652750015,-0.00825463980436325,-0.00031314417719841003,0.099136583507061,-0.00943407416343689,-0.24366116523742676,0.048960499465465546,0.20081977546215057,-0.10138105601072311,-0.06779418885707855,0.17211118340492249,-0.0582708939909935,-0.16926689445972443,0.23012781143188477,0.21344375610351562,-0.2774948477745056,0.059511423110961914,0.33430707454681396,-0.13389647006988525,-0.12073682993650436,0.035085998475551605,0.10739122331142426,-0.00912092998623848,-0.34279775619506836,0.058394573628902435,0.4444809556007385,-0.15034155547618866,-0.2686139643192291,0.2734922468662262,0.009523294866085052,-0.3413780927658081,-0.11099600046873093
0.04016629979014397,0.0038059588987380266,-0.032967109233140945,-0.012871436774730682,0.032230719923973083,0.009183818474411964,-0.08819924294948578,0.0506858229637146,0.080457404255867,-0.08210703730583191,-0.01637698896229267,0.04993681237101555,-0.009904610924422741,-0.04518761858344078,0.002916147466748953,0.0676187202334404,-0.0143178915604949,-0.07048659771680832,0.05496411770582199,-0.03636034205555916,-0.07313340902328491,-0.01667739637196064,0.06519782543182373,0.022055255249142647,-0.12042996287345886,0.041502006351947784,0.16865664720535278,-0.1327928602695465,-0.09683439135551453,0.13204385340213776,0.00647237803786993,-0.09512443095445633,0.012820757925510406,0.11280633509159088,-0.017234038561582565,-0.13810531795024872,0.06928201019763947,0.1254507154226303,-0.036773066967725754,0.01968294568359852,0.13833123445510864,0.03873265162110329,-0.1856277883052826,0.019446751102805138,0.28908661007881165,-0.1742948591709137,-0.2654910385608673,0.26483672857284546,0.10330677032470703,-0.22716829180717468,0.006348379887640476,0.2079307734966278,-0.030054796487092972,-0.2509116530418396,0.08651605248451233,0.26355603337287903,0.056168705224990845,0.1069570779800415,0.10613992810249329,0.14914372563362122,0.17005963623523712,0.13943788409233093,0.14332838356494904,0.17353080213069916,0.19460304081439972,0.17663441598415375,0.1589542180299759,0.15477526187896729,0.1404425948858261,0.13296838104724884,0.12177398055791855,0.13511346280574799,0.14369843900203705,0.1507399082183838,0.13589277863502502,0.15617860853672028,-0.0008171498775482178,0.04218664765357971,0.06391970813274384,-0.009705841541290283,-0.026731252670288086,0.034092918038368225,0.051274657249450684,0.00310361385345459,-0.03564882278442383,-0.021859154105186462,-0.01851162314414978,-0.021806880831718445,-0.018668614327907562,0.0021450817584991455,0.0219244584441185,0.015626445412635803,-0.007805660367012024,0.005438700318336487,0.02028582990169525,0.04300379753112793,0.06473685801029205,-0.051892489194869995,-0.09065096080303192,0.04379875957965851,0.07800590991973877,-0.030989304184913635,-0.08692348003387451,-0.024962767958641052,0.017137199640274048,5.227327346801758e-05,-0.00015699118375778198,0.02395196259021759,0.04059307277202606,0.013481363654136658,-0.029730118811130524,-0.010187745094299316,0.028091490268707275,0.014847129583358765,0.30419209599494934,0.2544673681259155,0.38206133246421814,0.38206133246421814,0.3195838928222656,0.5999485850334167,0.5999485850334167,0.550571620464325,0.550571620464325,0.4351039230823517,0.3942761719226837,0.3942761719226837,0.38890954852104187,0.3651898503303528,0.47591379284858704,0.47591379284858704,0.3876182436943054,0.2369350790977478,0.43127137422561646,-0.049724727869033813,0.0778692364692688,0.1275939643383026,-0.062477439641952515,0.2178872525691986,0.2803646922111511,-0.0493769645690918,-0.0493769645690918,-0.11546769738197327,-0.15629544854164124,-0.04082775115966797,-0.005366623401641846,-0.029086321592330933,0.08700424432754517,0.11072394251823425,-0.08829554915428162,-0.23897871375083923,0.043653130531311035,0.19433629512786865,0.1275939643383026,0.17731869220733643,-0.1403466761112213,0.090293288230896,0.34284213185310364,-0.2672642171382904,-0.3297416567802429,-0.06609073281288147,-0.10691848397254944,0.0746399462223053,0.1509288251399994,0.011741429567337036,0.09237086772918701,0.13981026411056519,-0.17529979348182678,-0.3497026562690735,0.13194867968559265,0.4333150088787079,0.15068316459655762,0.3276411294937134,0.42577072978019714,0.42577072978019714,0.7043920755386353,0.7043920755386353,0.5999485850334167,0.5999485850334167,0.550571620464325,0.550571620464325,0.6880906224250793,0.6880906224250793,0.3942761719226837,0.38890954852104187,0.3651898503303528,0.47591379284858704,0.47591379284858704,0.3942336440086365,0.49298885464668274,0.49298885464668274,0.09812960028648376,0.09812960028648376,0.2786213457584381,0.2786213457584381,-0.1044434905052185,-0.1044434905052185,-0.0493769645690918,-0.0493769645690918,0.1375190019607544,0.1375190019607544,-0.29381445050239563,-0.2991810739040375,-0.029086321592330933,0.08700424432754517,0.11072394251823425,-0.08168014883995056,0.017075061798095703,0.09875521063804626,0.0,0.0,0.18049174547195435,0.18049174547195435,-0.3830648362636566,-0.3830648362636566,0.05506652593612671,0.05506652593612671,0.1868959665298462,0.1868959665298462,-0.43133345246315,-0.43670007586479187,0.2647281289100647,0.38618531823158264,0.13981026411056519,-0.16868439316749573,-0.09364888072013855,0.18043535947799683,-0.017075061798095703,-0.09875521063804626,-0.3276411294937134,-0.42577072978019714,-0.42577072978019714,-0.7043920755386353,-0.7043920755386353,-0.4732428193092346,-0.4732428193092346,-0.46248477697372437,-0.36580029129981995,-0.6880906224250793,-0.6880906224250793,-0.34335699677467346,-0.359769344329834,-0.359769344329834,-0.3016775846481323,-0.3942336440086365,-0.3942336440086365,-0.49298885464668274,-0.49298885464668274,-0.09812960028648376,-0.09812960028648376,-0.2786213457584381,-0.2786213457584381,0.23114925622940063,0.23114925622940063,0.010758042335510254,0.10744252800941467,-0.22560584545135498,-0.3222903311252594,0.3447336256504059,0.32832127809524536,-0.016412347555160522,0.05809175968170166,-0.03446429967880249,-0.09255605936050415,-0.09875521063804626,-0.09875521063804626,0.0,0.0,-0.18049174547195435,-0.18049174547195435,0.5097706317901611,0.5097706317901611,-0.22039121389389038,-0.12370672821998596,-0.23636388778686523,-0.4297328591346741,0.5703394412994385,0.6506116390228271,-0.3611459732055664,-0.2702295184135437,-0.018051952123641968,-0.1506478190422058,-0.06429091095924377,-0.006199151277542114,0.09875521063804626,0.09875521063804626,0.0003600107738748193,0.001290363958105445,0.001290363958105445,0.0002241348847746849,0.0002241348847746849,0.001816991250962019,0.0011309663532301784,0.0011309663532301784,0.0008974776137620211,0.0008974776137620211,0.0003576972521841526,0.0003576972521841526,0.00036860175896435976,0.00025524268858134747,0.00025524268858134747,0.00030208146199584007,0.0005361463990993798,0.00021936485427431762,0.0,0.0009303531842306256,0.0009303531842306256,-0.00106622907333076,-0.00106622907333076,0.001592856366187334,0.0009068314684554935,-0.0006860248977318406,-0.0002334887394681573,-0.0002334887394681573,-0.0005397803615778685,-0.0005397803615778685,1.0904506780207157e-05,-0.00010245456360280514,-0.0001133590703830123,4.683877341449261e-05,0.0002809037105180323,-8.271660772152245e-05,-0.0005361463990993798,-0.00021936485427431762,0.0,-0.0019965823739767075,-0.0019965823739767075,0.002659085439518094,0.0019730604253709316,-0.002278881147503853,-0.0011403202079236507,0.0004525361582636833,-0.00030629162210971117,-0.00030629162210971117,0.0005506848683580756,0.0004373257979750633,-0.00012426357716321945,0.00014929333701729774,0.0003942627809010446,-0.00012955538113601506,-0.0008170501096174121,-0.00013664824655279517,0.00031678154482506216,-0.023449033498764038,-0.17130336165428162,-0.043709397315979004,-0.3223307430744171,-0.38480818271636963,0.12670576572418213,0.12670576572418213,0.08808684349060059,0.184771329164505,-0.25298669934272766,-0.29381445050239563,0.050919175148010254,0.029140204191207886,0.005420506000518799,0.1742362082004547,0.08168014883995056,-0.006615400314331055,-0.25605377554893494,-0.061717480421066284,-0.14785432815551758,-0.020260363817214966,-0.1510273814201355,-0.3410987854003906,0.44903650879859924,0.5115139484405518,-0.03861892223358154,0.058065563440322876,-0.34107354283332825,-0.47858577966690063,0.3039058744907379,0.3229546546936035,-0.045498669147491455,0.14509600400924683,0.07625964283943176,-0.18085160851478577,-0.3377339243888855,-0.05510208010673523,0.19433629512786865,0.1275939643383026,-0.00317305326461792,-0.32083842158317566,0.6000639200210571,0.8526127338409424,-0.4876554310321808,-0.4534483850002289,-0.3024546205997467,-0.5366513729095459,0.6449794173240662,0.8015404343605042,-0.34940454363822937,-0.1778586506843567,0.12175831198692322,-0.3259476125240326,-0.41399356722831726,0.12574952840805054,0.5320702195167542,0.24943837523460388,0.6318331956863403,0.6802381277084351,0.8078320622444153,1.0864534378051758,1.0239759683609009,1.0731914043426514,1.0731914043426514,1.0130563974380493,0.9163719415664673,1.1231945753097534,1.0823668241500854,0.7376331686973572,0.7486789226531982,0.7249591946601868,0.777591347694397,0.8701474666595459,0.7818518877029419,0.7299239635467529,0.9242602586746216,0.04840493202209473,0.17599886655807495,0.4062153100967407,0.2161439061164856,-0.013262033462524414,0.04921543598175049,-0.06013500690460205,-0.15681946277618408,0.1101381778717041,0.16599488258361816,-0.38556140661239624,-0.3336879014968872,-0.01267397403717041,0.02891242504119873,0.14518827199935913,0.004260540008544922,-0.14022350311279297,0.1424083709716797,0.19433629512786865,0.12759393453598022,0.357810378074646,0.040145039558410645,-0.41947734355926514,-0.1669284701347351,-0.04687297344207764,-0.20603489875793457,0.17027318477630615,0.32281434535980225,-0.49569958448410034,-0.49968278408050537,0.37288743257522583,0.36260032653808594,0.15786224603652954,-0.02465188503265381,-0.2854117751121521,0.13814783096313477,0.3345597982406616,0.051927924156188965,0.299649178981781,0.2454349249601364,0.3161126375198364,0.2922400236129761,0.26317673921585083,0.5029186010360718,0.45431554317474365,0.39861860871315,0.41744568943977356,0.33417564630508423,0.3071648180484772,0.3379822373390198,0.3366476893424988,0.32728347182273865,0.41258910298347473,0.39768561720848083,0.32054606080055237,0.20289981365203857,0.3422492444515228,-0.05421425402164459,0.01646345853805542,0.04680509865283966,-0.052935898303985596,0.2106785774230957,0.19113880395889282,-0.10429999232292175,-0.03686985373497009,-0.0644429624080658,-0.11028087139129639,0.003806591033935547,0.029482871294021606,-0.010698765516281128,0.07594141364097595,0.07040214538574219,-0.09204304218292236,-0.19478580355644226,0.02170318365097046,0.13934943079948425,0.07067771255970001,0.10101935267448425,-0.06939935684204102,0.16387347877025604,0.24407470226287842,-0.31497856974601746,-0.22800865769386292,0.03985702991485596,-0.0734110176563263,0.06824955344200134,0.139763742685318,-0.014505356550216675,0.046458542346954346,0.08110091090202332,-0.16798445582389832,-0.26518794894218445,0.11374622583389282,0.3341352343559265,0.1176462471485138,0.035381995141506195,0.006741678342223167,0.16502690315246582,0.15712174773216248,0.09606919437646866,0.13031220436096191,0.08975646644830704,0.10350658744573593,0.12200673669576645,0.32807230949401855,0.10168711096048355,0.13710948824882507,0.2620527744293213,0.3470267355442047,0.025324096903204918,0.130898579955101,0.05998867005109787,0.20288343727588654,0.08238939940929413,-0.028640316799283028,0.12964490056037903,0.15038007497787476,-0.06895770877599716,-0.02680954337120056,-0.006312727928161621,-0.026805616915225983,0.03225027024745941,0.22456571459770203,-0.020319625735282898,-0.19096282124519348,0.16036567091941833,0.20991724729537964,-0.23672868311405182,-0.2161281555891037,0.0346645712852478,0.07198485732078552,0.02240072935819626,-0.12049403786659241,0.1582852154970169,0.17902038991451263,-0.1986026167869568,-0.17718961834907532,0.06264498084783554,3.926455974578857e-06,0.03856299817562103,0.2513713240623474,-0.05256989598274231,-0.4155285358428955,0.18068529665470123,0.4008800685405731,-0.39709436893463135,-0.42604541778564453,0.2713932394981384,0.288112998008728,-0.012263841927051544,-0.19247889518737793,-0.14289477467536926,0.4384393095970154,0.47703829407691956,0.8809170722961426,1.205990195274353,0.8976759910583496,0.8360563516616821,1.2554396390914917,1.502432942390442,1.2491811513900757,1.186432123184204,1.120692253112793,0.7645339369773865,0.7352955341339111,0.6399537920951843,0.7308230996131897,0.8466885089874268,0.8827246427536011,0.7676459550857544,1.0408848524093628,0.038598984479904175,0.4424777626991272,0.7289519309997559,0.01675891876220703,-0.3699338436126709,0.3577636480331421,0.6663765907287598,-0.006258487701416016,-0.3160008192062378,-0.12848889827728271,-0.4218981862068176,-0.38539671897888184,-0.12458014488220215,-0.0044724345207214355,0.20673471689224243,0.15190154314041138,-0.07904255390167236,0.15816020965576172,0.2732388973236084,0.403878778219223,0.6903529167175293,-0.42571884393692017,-1.0988857746124268,0.34100472927093506,1.0363104343414307,-0.3640221357345581,-0.9823774099349976,-0.1222304105758667,-0.10589736700057983,-0.2569078207015991,0.2973180413246155,0.3809242844581604,0.3313148617744446,0.1563739776611328,-0.2857772707939148,0.006258666515350342,0.35228145122528076,0.11507868766784668,0.0004325165937189013,0.00037317012902349234,0.00021040596766397357,0.0001303033932344988,-0.0003329790197312832,-0.0004312821547500789,-0.0004311910888645798,-0.0006036557606421411,-0.00036508936318568885,-0.00012917653657495975,-0.0005787910195067525,-0.0001337363792117685,-0.0004329191579017788,-4.601805267157033e-05,4.108626308152452e-05,-4.2544419557088986e-05,0.0003124612558167428,0.0001311330997850746,0.00017764425138011575,-5.934646469540894e-05,-0.0002221106260549277,-0.00024286673578899354,-0.0005433849873952568,-0.0005615855334326625,-9.821206913329661e-05,-0.0001723736058920622,6.610172567889094e-05,0.00047447922406718135,-0.00021370165632106364,-4.559842636808753e-06,0.00014587186160497367,8.771832654019818e-05,0.0004740054137073457,3.473633114481345e-06,0.00027137500001117587,0.00017367751570418477,-0.00013481700443662703,4.6511151595041156e-05,-0.00016276416135951877,-0.0001835202710935846,-0.00032127436134032905,-0.0003187187830917537,0.00044517291826196015,0.0003892119275406003,0.00016431379481218755,0.0006468528299592435,-0.0002798033819999546,-0.0004790390667039901,0.0003595735179260373,9.227816917700693e-05,0.00032813355210237205,-8.424468978773803e-05,-0.00020263041369616985,0.00017020388622768223,-0.0004061920044478029,-0.00012716636410914361,0.00018132815603166819,-2840384.25,-3130466.5,-6036447.5,-8913274.0,-6281025.0,-5958302.0,-9536574.0,-11758242.0,-9668823.0,-8681409.0,-8282746.0,-5249985.5,-5050044.0,-4278350.5,-5095580.0,-6178800.0,-6404111.5,-5335138.0,-7593587.0,-290082.25,-3196063.25,-5782807.5,-244577.5,2954972.0,-3255549.0,-5799940.0,-132249.0,3076833.0,1386077.0,3431423.5,3232702.0,971635.0,-45536.0,-1900449.5,-1308531.5,843662.0,-1189475.5,-2258449.0,-2905981.0,-5492725.0,2951485.75,8737780.0,-3010971.5,-8754912.0,3123300.0,8876773.0,1518326.0,354590.5,1846625.0,-2459788.5,-3278238.0,-2872084.5,-1262995.5,2744111.5,119056.0,-3102111.0,-1068973.5,3.838463453575969e-05,0.00011358449410181493,0.0003193999291397631,0.00260681239888072,0.002414589747786522,0.0007089299615472555,0.0012351000914350152,0.0012958275619894266,0.0009227492846548557,0.002422698074951768,0.002369186608120799,0.0002147044870071113,0.00021576260041911155,0.0001552637986605987,0.0002485938312020153,0.0003572859859559685,0.0002605693298391998,0.0003251662419643253,0.0006254964973777533,7.519985956605524e-05,0.00028101529460400343,0.002493227832019329,0.0020951898768544197,-0.0018978824373334646,-0.0011794896563515067,0.0005868976004421711,-0.0003123508067801595,0.0011268705129623413,0.0014464373234659433,-0.0022079935297369957,-0.0021534240804612637,-5.9440688346512616e-05,3.283123078290373e-05,0.0002020221872953698,1.19754986371845e-05,-3.211974399164319e-05,0.0003649271675385535,0.00030033025541342795,0.0002058154350379482,0.0024180279579013586,0.0018141745822504163,-0.004391110502183437,-0.0032746796496212482,0.0024847800377756357,0.0008671388495713472,0.0005399729125201702,0.0017587881302461028,-0.003334864042699337,-0.003599861403927207,0.0021485527977347374,0.002186255296692252,0.0002614628756418824,-2.085573214571923e-05,-0.000234141931287013,0.000352951668901369,0.00033244999940507114,-6.459691212512553e-05,0.020259229466319084,0.001992045436054468,-0.01651487872004509,-0.006450141314417124,0.016087759286165237,0.004486716818064451,-0.044401153922080994,0.02524222433567047,0.040287088602781296,-0.04131331294775009,-0.008409416303038597,0.024968920275568962,-0.005115414038300514,-0.022770985960960388,0.0014729597605764866,0.03390200808644295,-0.0071146306581795216,-0.03539019823074341,0.027633190155029297,-0.018267184495925903,-0.036774106323719025,-0.008442186750471592,0.03260263800621033,0.010936858132481575,-0.06048891320824623,0.020755507051944733,0.08468824625015259,-0.06655553728342056,-0.048696503043174744,0.0662822350859642,0.003294002264738083,-0.0477399080991745,0.006588373798877001,0.056672994047403336,-0.008587590418756008,-0.06929220259189606,0.03474782034754753,0.0630233883857727,-0.01850692182779312,0.009824997745454311,0.06937674432992935,0.01937904581427574,-0.09309154748916626,0.009818648919463158,0.14517715573310852,-0.0873110443353653,-0.13338474929332733,0.13283777236938477,0.05199050530791283,-0.1140221431851387,0.003294371534138918,0.10441289842128754,-0.015175964683294296,-0.1259651929140091,0.043335411697626114,0.13231559097766876,0.028275568038225174,0.1225188747048378,0.1344498246908188,0.1797749102115631,0.2134716659784317,0.1816665232181549,0.17782630026340485,0.19954168796539307,0.233247309923172,0.20220743119716644,0.19554901123046875,0.20550565421581268,0.16277486085891724,0.16669481992721558,0.1490761786699295,0.16645516455173492,0.16591715812683105,0.18240387737751007,0.15535135567188263,0.19091255962848663,0.011930949985980988,0.05725603550672531,0.07902184128761292,0.0018916130065917969,-0.035645365715026855,0.01787516474723816,0.05542100965976715,0.0026657432317733765,-0.03769829869270325,0.0032982230186462402,-0.032774150371551514,-0.03881083428859711,-0.013698682188987732,-0.00023965537548065186,0.01684097945690155,0.015948712825775146,-0.010565802454948425,0.008508682250976562,0.035561203956604004,0.045325085520744324,0.06709089130163193,-0.055364422500133514,-0.11466720700263977,0.015983551740646362,0.091066375374794,-0.015209421515464783,-0.0931193083524704,0.0006324797868728638,0.004924148321151733,-0.04210905730724335,0.019075468182563782,0.038571178913116455,0.030539661645889282,0.0161883682012558,-0.027406781911849976,-0.007440030574798584,0.04612700641155243,0.02705252170562744,0.015010873787105083,0.018076755106449127,0.032319020479917526,0.04557015001773834,0.03300272300839424,0.03162219375371933,0.03981688618659973,0.05440431088209152,0.04088784381747246,0.03823941573500633,0.04223257303237915,0.02649565599858761,0.027787163853645325,0.022223709151148796,0.02770732343196869,0.02752850390970707,0.033271174877882004,0.024134043604135513,0.03644760698080063,0.0030658813193440437,0.017308145761489868,0.027493394911289215,0.0006837025284767151,-0.013947956264019012,0.00681416317820549,0.022782117128372192,0.0010709576308727264,-0.01616489514708519,0.0013447292149066925,-0.011743759736418724,-0.014445409178733826,-0.004271946847438812,-7.984042167663574e-05,0.005304794758558273,0.005563851445913315,-0.003394460305571556,0.003176432102918625,0.012313563376665115,0.014242264442145824,0.024427514523267746,-0.016624443233013153,-0.04144135117530823,0.006130460649728775,0.036730073392391205,-0.005743205547332764,-0.03894701227545738,0.00027377158403396606,0.004421135410666466,-0.015790138393640518,0.007471812888979912,0.01436556875705719,0.009576741605997086,0.0056436918675899506,-0.00869925506412983,-0.00238741934299469,0.01570802368223667,0.00913713127374649,-0.572892427444458,-0.6662660241127014,0.11405513435602188,-0.718543529510498,-1.6643495559692383,0.11136480420827866,0.48937779664993286,-0.36925867199897766,-0.020579224452376366,-0.37070104479789734,-0.8141345381736755,-0.20001083612442017,-0.027868861332535744,0.12024056911468506,0.331470251083374,-0.11837506294250488,-0.04084442928433418,-0.28590744733810425,-0.2428739368915558,-0.09337359666824341,0.6869475841522217,-0.05227750539779663,-1.778404712677002,0.8299083113670349,2.1537272930145264,-0.4806234836578369,-0.5099570155143738,-0.0014423727989196777,-0.7935553193092346,0.17069020867347717,0.7862656712532043,0.3202514052391052,0.3593391180038452,-0.23861563205718994,-0.3723146915435791,-0.16753238439559937,-0.2020295113325119,0.04303351044654846,0.7803211808204651,0.04109609127044678,-2.4653522968292236,0.8821858167648315,3.9321320056915283,-1.3105318546295166,-2.663684368133545,0.47918111085891724,-0.28359830379486084,0.17213258147239685,1.579820990562439,0.14956119656562805,-0.42692655324935913,-0.5588670372962952,-0.7316538095474243,0.07108324766159058,0.1702851802110672,0.21056589484214783,0.24506302177906036,3.0048460960388184,3.412604570388794,2.5755221843719482,3.676189422607422,7.016624927520752,3.4066200256347656,3.7413482666015625,2.6116273403167725,2.420781135559082,3.850229024887085,4.0707106590271,2.6961560249328613,2.736489772796631,2.974264621734619,2.6795763969421387,2.9057559967041016,2.2921833992004395,2.4754722118377686,3.025583267211914,0.4077584743499756,-0.4293239116668701,0.26358485221862793,4.441102981567383,-0.26956939697265625,-3.2752766609191895,-0.7949926853179932,-1.3205671310424805,1.2386016845703125,1.6499295234680176,-1.1540729999542236,-1.3342208862304688,0.2781085968017578,-0.05691337585449219,-0.06850862503051758,-0.3873929977416992,-0.430283784866333,0.7333998680114746,0.5501110553741455,-0.8370823860168457,-0.14417362213134766,4.870427131652832,-0.5331542491912842,-7.716379642486572,-0.5254232883453369,1.954709529876709,2.0335943698883057,2.970496654510498,-2.392674684524536,-2.9841504096984863,1.4321815967559814,1.2773075103759766,-0.3466172218322754,-0.33047962188720703,-0.36177515983581543,1.1207928657531738,0.9803948402404785,-0.1832888126373291,20.163482666015625,1.9105913639068604,-16.549488067626953,-6.461461067199707,16.179821014404297,4.610276699066162,-44.27602005004883,25.44428253173828,40.389617919921875,-41.21773147583008,-8.221248626708984,25.068279266357422,-4.972114562988281,-22.684185028076172,1.4639060497283936,33.94459915161133,-7.187581539154053,-35.384273529052734,27.59198760986328,-18.252891540527344,-36.71297073364258,-8.372052192687988,32.72930908203125,11.071737289428711,-60.455841064453125,20.83400535583496,84.66563415527344,-66.66201782226562,-48.61086654663086,66.2860107421875,3.249134063720703,-47.752464294433594,6.436020851135254,56.6287841796875,-8.651487350463867,-69.32887268066406,34.77956771850586,62.976261138916016,-18.460079193115234,9.880839347839355,69.44227600097656,19.443790435791016,-93.18515014648438,9.76226806640625,145.12147521972656,-87.49602508544922,-133.27650451660156,132.94802856445312,51.86000061035156,-114.0384750366211,3.186886787414551,104.3812484741211,-15.087508201599121,-125.95765686035156,43.431053161621094,132.3051300048828,28.196693420410156,0.05562921613454819,0.006019295193254948,-0.048921212553977966,-0.002158965216949582,0.06625121831893921,0.017318908125162125,-0.09890973567962646,0.08027683198451996,0.08235578238964081,-0.06163332611322403,0.013172791339457035,0.07214194536209106,0.004193576984107494,-0.03457285463809967,-0.012337969616055489,0.07480709999799728,-0.0035866755060851574,-0.057237137109041214,0.058904558420181274,-0.049609921872615814,-0.10455042868852615,-0.008178260177373886,0.11517243087291718,0.019477874040603638,-0.16516095399856567,0.06295792758464813,0.18126551806926727,-0.14191016554832458,-0.06918299198150635,0.1337752640247345,-0.00897921435534954,-0.10671480000019073,-0.01653154566884041,0.10937995463609695,0.008751293644309044,-0.1320442408323288,0.06249123439192772,0.11614169180393219,-0.05494050681591034,0.04143166169524193,0.21972286701202393,0.027656134217977524,-0.28033339977264404,0.043480053544044495,0.34642648696899414,-0.20486809313297272,-0.2504485249519348,0.2756854295730591,0.06020377576351166,-0.24049006402492523,-0.007552331313490868,0.2160947620868683,0.025282839313149452,-0.24142420291900635,0.053739942610263824,0.248185932636261,0.05365045741200447
-0.029130930081009865,-0.06751608848571777,0.11427012085914612,0.00016649632016196847,-0.04509350284934044,0.11531532555818558,-0.021798841655254364,-0.03239002078771591,0.11201158910989761,-0.09004901349544525,0.021410657092928886,0.12401178479194641,-0.13137145340442657,0.08546824008226395,0.14076241850852966,-0.1806015521287918,0.02078866958618164,0.19538158178329468,-0.12010721117258072,-0.03838516026735306,0.14340105652809143,0.06768258661031723,-0.15936362743377686,0.11514882743358612,0.023294661194086075,-0.1477053463459015,0.13381043076515198,-0.05765899270772934,-0.09060093015432358,0.21406079828739166,-0.1527821123600006,-0.038543544709682465,0.27213388681411743,-0.26606979966163635,-0.11997374892234802,0.3759831190109253,-0.14089587330818176,-0.3154887855052948,0.1817862093448639,0.10606774687767029,-0.3027646839618683,0.04746624082326889,0.18265828490257263,-0.2628541588783264,0.1105157732963562,0.09004635363817215,-0.22441136837005615,0.2717197835445404,-0.06218118220567703,-0.25260433554649353,0.42491599917411804,-0.2275262475013733,-0.39210763573646545,0.6420528888702393,-0.02092212438583374,-0.6914719343185425,-0.17459291219711304,0.18573229014873505,0.17286749184131622,0.17118148505687714,0.21093958616256714,0.1656128317117691,0.14734996855258942,0.17835400998592377,0.16729848086833954,0.13914744555950165,0.22526952624320984,0.3249540328979492,0.2452205866575241,0.232906311750412,0.33160367608070374,0.2563135325908661,0.2526036202907562,0.33916646242141724,0.26732537150382996,0.2507370710372925,-0.012864798307418823,-0.01455080509185791,0.038072094321250916,-0.005568653345108032,-0.06358961760997772,0.012741178274154663,0.019948512315750122,-0.03920656442642212,0.0579710453748703,0.18580658733844757,0.01995106041431427,-0.09204772114753723,0.08638308942317963,0.0234072208404541,-0.07900005578994751,0.08285292983055115,0.01472175121307373,-0.08842939138412476,-0.016588300466537476,-0.001686006784439087,0.05093689262866974,0.008982151746749878,-0.10166171193122864,0.018309831619262695,0.08353812992572784,-0.05194774270057678,0.03802253305912018,0.2250131517648697,-0.03801998496055603,-0.277854323387146,0.06643202900886536,0.11545494198799133,-0.16538314521312714,0.059445708990097046,0.09372180700302124,-0.1712823212146759,-0.031310051679611206,0.07184109091758728,0.4268726110458374,0.41617172956466675,0.46462416648864746,0.46462416648864746,0.28235211968421936,0.40161988139152527,0.40161988139152527,0.3814068138599396,0.5381818413734436,0.5381818413734436,0.5727616548538208,0.5727616548538208,0.35908496379852295,0.6832945942878723,0.6832945942878723,0.2896503806114197,0.6231452822685242,0.6231452822685242,0.4581250250339508,-0.010700881481170654,0.03775155544281006,0.04845243692398071,-0.1822720468044281,-0.06300428509712219,0.11926776170730591,-0.020213067531585693,0.13656195998191833,0.15677502751350403,0.0345798134803772,0.0345798134803772,-0.21367669105529785,0.11053293943405151,0.32420963048934937,-0.39364421367645264,-0.060149312019348145,0.3334949016571045,-0.16502025723457336,-0.16502025723457336,0.04845243692398071,0.05915331840515137,-0.22002360224723816,-0.1114567220211029,0.301539808511734,0.0427912175655365,0.017294198274612427,0.17698809504508972,-0.10198214650154114,-0.12219521403312683,-0.24825650453567505,0.07595312595367432,0.5378863215446472,-0.5041771531105042,-0.3843589425086975,0.7271391153335571,-0.10487094521522522,-0.49851515889167786,0.0,0.5374971628189087,0.5374971628189087,0.46462416648864746,0.625484049320221,0.625484049320221,0.40161988139152527,0.5171213746070862,0.5171213746070862,0.5381818413734436,0.6986261606216431,0.6986261606216431,0.6315903663635254,0.6315903663635254,0.6832945942878723,0.6832945942878723,0.685217559337616,0.685217559337616,0.6231452822685242,0.6598241925239563,0.0,-0.07287299633026123,0.08798688650131226,0.1608598828315735,-0.22386416792869568,-0.10836267471313477,0.11550149321556091,0.021060466766357422,0.18150478601455688,0.16044431924819946,-0.06703579425811768,-0.06703579425811768,0.051704227924346924,0.051704227924346924,0.0019229650497436523,0.0019229650497436523,-0.0620722770690918,-0.025393366813659668,0.03667891025543213,-0.07287299633026123,0.08798688650131226,0.23373287916183472,-0.31185105443000793,-0.26922255754470825,0.3393656611442566,0.1294231414794922,0.06600329279899597,0.13938385248184204,-0.24854058027267456,-0.22748011350631714,0.1187400221824646,0.1187400221824646,-0.04978126287460327,-0.04978126287460327,-0.06399524211883545,-0.02731633186340332,0.09875118732452393,0.0620722770690918,-0.5374971628189087,-0.5374971628189087,-0.2993621230125427,-0.625484049320221,-0.625484049320221,-0.37281370162963867,-0.5171213746070862,-0.5171213746070862,-0.14371882379055023,-0.6986261606216431,-0.6986261606216431,-0.6315903663635254,-0.6315903663635254,-0.6183250546455383,-0.44442546367645264,-0.685217559337616,-0.685217559337616,-0.4111001789569855,-0.6598241925239563,0.0,0.23813503980636597,-0.08798688650131226,-0.3261219263076782,0.2526703476905823,0.10836267471313477,-0.1443076729774475,0.37340253591537476,-0.18150478601455688,-0.5549073219299316,0.06703579425811768,0.06703579425811768,0.01326531171798706,0.18716490268707275,-0.06689250469207764,-0.24079209566116333,0.2741173803806305,0.025393366813659668,-0.24872401356697083,0.23813503980636597,-0.08798688650131226,-0.5642569661140442,0.34065723419189453,0.434484601020813,-0.3969780206680298,0.26503986120224,-0.037197113037109375,-0.9283098578453064,0.24854058027267456,0.6219431161880493,-0.053770482540130615,0.12012910842895508,-0.0801578164100647,-0.4279569983482361,0.34100988507270813,0.266185462474823,-0.5228413939476013,-0.2741173803806305,0.0003476328565739095,0.0006016179686412215,0.0006016179686412215,0.0008862699032761157,0.00026344694197177887,0.00026344694197177887,0.0019676536321640015,0.0006075137061998248,0.00013274059165269136,0.0001242728903889656,0.0001242728903889656,7.94745865277946e-05,7.94745865277946e-05,0.003352122148498893,0.0018439688719809055,0.0018439688719809055,0.00500089954584837,0.000521903159096837,0.0,0.000253985112067312,0.000253985112067312,0.00028465193463489413,-0.00033817102666944265,-0.0006228229613043368,0.0017042066901922226,0.00034406676422804594,-0.00183491304051131,-0.0004832408158108592,-8.467701263725758e-06,-4.479830386117101e-05,-4.479830386117101e-05,0.0032726475037634373,0.00176449422724545,-0.0015081532765179873,0.003156930673867464,-0.0013220657128840685,-0.00500089954584837,-0.000521903159096837,0.0,3.066682256758213e-05,-0.0005921561387367547,-0.0009074748959392309,0.002042377833276987,0.0009668897255323827,-0.0035391198471188545,-0.0008273075800389051,0.0018264453392475843,0.0004384425119496882,-3.633060259744525e-05,0.0033174457494169474,0.0018092924728989601,-0.004780801013112068,0.001392436446622014,0.00018608756363391876,-0.008157830685377121,0.0008001625537872314,0.004478996619582176,-0.11062455177307129,-0.12132543325424194,0.16526204347610474,-0.1608598828315735,-0.3431319296360016,0.028806179761886597,-0.11550149321556091,-0.1357145607471466,0.3944630026817322,-0.16044431924819946,-0.12586450576782227,-0.05882871150970459,-0.27250540256500244,0.06496953964233398,0.23886913061141968,-0.3955671787261963,-0.0620722770690918,0.2120451033115387,-0.2016991674900055,-0.010700881481170654,0.275886595249176,-0.03953444957733154,-0.5083940029144287,0.18966606259346008,0.22763043642044067,-0.1645207405090332,0.5099644660949707,-0.024729758501052856,-0.5203275084495544,0.10161560773849487,-0.14664089679718018,0.12379825115203857,0.5113745331764221,-0.4605367183685303,-0.3009414076805115,0.6076122522354126,-0.1396268904209137,-0.4137442708015442,0.2865874767303467,-0.02883356809616089,-0.7842805981636047,0.22920051217079163,0.7360244393348694,-0.3541868031024933,0.28233402967453003,0.13979098200798035,-1.03029203414917,0.12634536623954773,0.37368661165237427,0.0221826434135437,0.6580154299736023,-0.5843349695205688,-0.8123159408569336,1.0681489706039429,0.16131451725959778,-1.0213565826416016,-0.2741173803806305,0.9643697738647461,0.9536688923835754,0.7639862895011902,1.0901081562042236,0.9078361988067627,0.7744336128234863,0.9187412261962891,0.8985282182693481,0.681900680065155,1.2368080615997314,1.2713878154754639,1.2043520212173462,0.9906753301620483,1.3016196489334106,1.1277201175689697,0.9748679399490356,1.3083628416061401,1.034245491027832,1.1179492473602295,-0.010700881481170654,-0.2003834843635559,0.1364392638206482,0.1438499093055725,-0.3156745433807373,0.010905027389526367,0.12409460544586182,-0.23684054613113403,0.3382798433303833,0.5894871354103088,-0.032456040382385254,-0.2807124853134155,0.09726762771606445,0.1370447874069214,-0.326751708984375,0.1806427240371704,0.05937755107879639,-0.19041359424591064,0.08370375633239746,-0.18968260288238525,0.14714014530181885,0.3442333936691284,-0.4521138072013855,-0.13294488191604614,0.4397691488265991,-0.2477455735206604,0.21418523788452148,0.8263276815414429,-0.37073588371276855,-0.8701996207237244,0.1297236680984497,0.4177572727203369,-0.42401933670043945,0.04359793663024902,0.3861292600631714,-0.37105631828308105,0.024326205253601074,0.2741173505783081,0.31454771757125854,0.31485429406166077,0.3603067100048065,0.32766884565353394,0.22021593153476715,0.34082791209220886,0.3046080470085144,0.29621371626853943,0.45661935210227966,0.3569169342517853,0.33752527832984924,0.37297847867012024,0.23616984486579895,0.39779505133628845,0.4396296739578247,0.18728099763393402,0.35819241404533386,0.39305588603019714,0.29866665601730347,0.0003065764904022217,0.045758992433547974,0.012814551591873169,-0.14009077847003937,0.013159066438674927,0.08439211547374725,-0.044614195823669434,0.15201130509376526,0.06070321798324585,-0.11909407377243042,0.01606154441833496,-0.10135543346405029,0.024816572666168213,0.20345982909202576,-0.21051405370235443,-0.08143725991249084,0.20577488839626312,-0.059525758028030396,-0.09438923001289368,0.04545241594314575,0.012507975101470947,-0.18584977090358734,0.0003445148468017578,0.22448289394378662,-0.05777326226234436,0.067619189620018,0.10531741380691528,-0.2711053788661957,-0.04464167356491089,0.017738640308380127,0.008755028247833252,0.30481526255607605,-0.23533062636852264,-0.2848970890045166,0.41628894209861755,0.02191150188446045,-0.3001641035079956,-0.03486347198486328,0.21185904741287231,0.05789170786738396,0.15151803195476532,0.02043229714035988,0.11615204066038132,0.37281370162963867,0.26979902386665344,0.03024507686495781,0.10422617197036743,0.055427685379981995,0.023891130462288857,0.33120444416999817,0.23484204709529877,0.593411386013031,0.1329731047153473,0.2896503806114197,0.34911367297172546,0.09649055451154709,0.4138599634170532,-0.15396733582019806,-0.060341015458106995,-0.03745941072702408,-0.035365991294384,0.3523814082145691,0.15364697575569153,-0.34256863594055176,-0.165572851896286,0.025182608515024185,-0.08033504337072372,0.275776743888855,0.21095091104507446,0.26220694184303284,-0.10186894237995148,-0.30376100540161133,0.21614056825637817,-0.193159818649292,0.06474629044532776,0.31736940145492554,0.09362632036209106,0.11650792509317398,0.024975024163722992,0.3898408114910126,0.18901297450065613,-0.6949500441551208,-0.31921982765197754,0.36775124073028564,0.08523780852556229,0.2505941390991211,0.2912859618663788,-0.013569802045822144,-0.31281983852386475,-0.5659679174423218,0.31800949573516846,0.11060118675231934,-0.15139427781105042,0.5105292201042175,0.2526231110095978,1.4002872705459595,1.2601491212844849,1.1415318250656128,1.6689248085021973,1.1156792640686035,0.7959582805633545,1.2475714683532715,1.1347581148147583,0.7966524958610535,2.1341142654418945,3.4232659339904785,2.2957828044891357,2.2062838077545166,3.5938878059387207,2.4090957641601562,2.3620636463165283,3.781480550765991,2.6080150604248047,2.2853844165802,-0.1401381492614746,-0.2587554454803467,0.4087756872177124,-0.025852560997009277,-0.8729665279388428,0.13189220428466797,0.3387998342514038,-0.450918972492218,0.9993561506271362,2.6266133785247803,0.1616685390472412,-1.216982126235962,1.298105001449585,0.20281195640563965,-1.2318241596221924,1.372384786605835,0.24595141410827637,-1.496096134185791,-0.3226306438446045,-0.11861729621887207,0.548913836479187,0.2329028844833374,-1.2817422151565552,0.15774476528167725,1.2117663621902466,-0.582811176776886,0.6605563163757324,3.0775322914123535,-0.837687611579895,-3.843595504760742,1.1364364624023438,1.4197940826416016,-2.5299291610717773,1.1695728302001953,1.4777755737304688,-2.868480920791626,-0.5685820579528809,1.1734654903411865,2.257692176499404e-05,-2.4009064873098396e-05,0.0005859488155692816,0.0012704037362709641,-0.00012278759095352143,0.000958311662543565,-0.0001490746217314154,-0.00021117785945534706,0.00027992078685201705,-0.0005249356618151069,-0.0002851160243153572,0.0015030672075226903,-0.0005916538648307323,0.0014571164501830935,0.0006750114844180644,-0.0005972220096737146,0.00045309451525099576,0.0008080444531515241,-0.00048322687507607043,-4.658598481910303e-05,0.0005633718683384359,0.0012944127665832639,-0.0007087364210747182,-0.0003120920737273991,-2.628703077789396e-05,-0.0011694894637912512,0.00042899540858343244,-0.0003137578023597598,-0.0005650367820635438,0.002028002869337797,-0.00030653784051537514,-4.595075733959675e-05,0.0012666652910411358,-0.0020543383434414864,-0.0002219169691670686,0.0014052664628252387,-0.0009363213903270662,-0.001291271299123764,0.0006099578458815813,0.0013409988023340702,-0.0012721082894131541,-0.001606504898518324,0.000682449375744909,-0.0008573973900638521,0.0004552824539132416,0.0008557316614314914,-0.0009940322488546371,0.002341760788112879,0.00025849894154816866,-0.002073953626677394,0.001573203131556511,-0.0020083875861018896,-0.001488582231104374,0.003459604922682047,-0.0007144043920561671,-0.0026965378783643246,-0.00035494990879669785,-11277854.0,-9940222.0,-8765864.0,-13318545.0,-8090450.0,-5914584.5,-9813595.0,-9169520.0,-6003943.0,-18068728.0,-32079444.0,-18726652.0,-18501052.0,-31480196.0,-21214228.0,-19813802.0,-34258712.0,-22481318.0,-19292426.0,1337632.0,2511990.0,-3378323.0,675414.0,7403960.5,-1723145.0,-3254935.5,3809652.0,-8899208.0,-26075500.0,-657924.0,13578392.0,-12753544.0,-2713176.0,11666394.0,-13044484.0,-2667516.0,14966286.0,3188892.0,1174358.0,-4715955.0,-1836576.0,10782284.0,-2398559.0,-10658896.0,5532797.0,-5644272.5,-29885152.0,8241284.0,39653892.0,-12095620.0,-16291568.0,24419938.0,-10331308.0,-14333910.0,28010770.0,5856408.0,-11777394.0,0.001250652247108519,0.001200780738145113,0.0006464958423748612,0.001821525045670569,0.0012857328401878476,0.0001946488773683086,0.0009673077729530632,0.0008762222714722157,0.0004766964993905276,0.004745906218886375,0.006543031428009272,0.0037458722945302725,0.004574902355670929,0.009286867454648018,0.0064109438098967075,0.004767976701259613,0.008920319378376007,0.0047885640524327755,0.0038290151860564947,-4.9871508963406086e-05,-0.0006041564047336578,0.000620744307525456,0.0006392369978129864,-0.0016268761828541756,-0.00031842506723478436,0.0006815734086558223,-0.0004906113026663661,0.0038696839474141598,0.0060663348995149136,-0.001000033924356103,-0.0019681290723383427,0.005540994927287102,0.0018360414542257786,-0.004518890753388405,0.0025093755684792995,2.058735117316246e-05,-0.005091303959488869,-0.0009595488663762808,-0.0005542848957702518,0.000670615816488862,0.0012433934025466442,-0.0022476203739643097,-0.0009576620650477707,0.0023084497079253197,-0.00017218623543158174,0.0031881104223430157,0.0065569463185966015,-0.004869718104600906,-0.008034463971853256,0.006541028618812561,0.0038041705265641212,-0.010059885680675507,0.000673334114253521,0.004539478104561567,-0.007600679527968168,-0.0009801362175494432,0.004131754860281944,-0.0146524328738451,-0.03390161320567131,0.05749339237809181,0.00030934446840547025,-0.022707708179950714,0.05805885046720505,-0.011022876016795635,-0.01631675288081169,0.05629432201385498,-0.04538380354642868,0.010653629899024963,0.062391988933086395,-0.0661337673664093,0.0430465042591095,0.07076582312583923,-0.09085933864116669,0.010400704108178616,0.09821423143148422,-0.06050076335668564,-0.01924918033182621,0.07214582711458206,0.03421095758676529,-0.08020110428333282,0.05774950608611107,0.011684832163155079,-0.07437559962272644,0.06731719523668289,-0.02906705066561699,-0.04564069211483002,0.10777579247951508,-0.07678739726543427,-0.019345484673976898,0.13689959049224854,-0.13390584290027618,-0.06036511808633804,0.1890735626220703,-0.07090146839618683,-0.15871499478816986,0.09139500558376312,0.05346013605594635,-0.15234693884849548,0.02353854849934578,0.09188593924045563,-0.1321251094341278,0.05563236400485039,0.04530854895710945,-0.11295788735151291,0.13684284687042236,-0.031146705150604248,-0.12712126970291138,0.2136869877576828,-0.11456035822629929,-0.19726470112800598,0.3229793906211853,-0.010536350309848785,-0.34778857231140137,-0.08781352639198303,0.2285921722650528,0.20790033042430878,0.1738041788339615,0.25158023834228516,0.20068307220935822,0.12985321879386902,0.21641846001148224,0.20489884912967682,0.13281844556331635,0.26983216404914856,0.35967370867729187,0.2676863670349121,0.25764036178588867,0.35913193225860596,0.26741212606430054,0.2385314255952835,0.3781221807003021,0.2462855875492096,0.2687317430973053,-0.02069184184074402,-0.05478799343109131,0.04367990791797638,0.02687889337539673,-0.12172701954841614,0.015735387802124023,0.0750456303358078,-0.0836000144481659,0.06493331491947174,0.22685526311397552,-0.00214579701423645,-0.1020333468914032,0.09144556522369385,0.009771764278411865,-0.12060050666332245,0.11071005463600159,0.007754161953926086,-0.10939043760299683,0.022446155548095703,-0.03409615159034729,0.0643717497587204,0.08166688680648804,-0.16540692746639252,-0.011143505573272705,0.19677264988422394,-0.09933540225028992,-0.01011231541633606,0.3104552626609802,-0.06707911193370819,-0.32888859510421753,0.0935913622379303,0.11180511116981506,-0.2120460718870163,0.10093829035758972,0.12835466861724854,-0.2201004922389984,0.014691993594169617,0.13183659315109253,0.05225437879562378,0.04322255030274391,0.03020789474248886,0.06329261511564255,0.040273696184158325,0.01686185970902443,0.04683694988489151,0.04198354110121727,0.0176407378166914,0.07280939072370529,0.12936517596244812,0.0716559961438179,0.06637856364250183,0.1289757341146469,0.07150924205780029,0.05689724162220955,0.14297638833522797,0.06065658852458,0.07221674174070358,-0.009031828492879868,-0.022046484053134918,0.020070064812898636,0.010065801441669464,-0.04643075540661812,0.006563253700733185,0.02512168139219284,-0.02919621206820011,0.030825849622488022,0.11172443628311157,-0.0011533945798873901,-0.06298661231994629,0.05731973797082901,0.005130678415298462,-0.07207849621772766,0.07146714627742767,0.003759346902370453,-0.07075964659452438,0.011560153216123581,-0.01301465556025505,0.029101893305778503,0.03211228549480438,-0.06650082021951675,-0.0035025477409362793,0.07155244052410126,-0.03575946390628815,0.005704168230295181,0.14092065393924713,-0.03197924420237541,-0.17471104860305786,0.0584731325507164,0.06811729073524475,-0.12939822673797607,0.06633646786212921,0.07583784312009811,-0.14222678542137146,0.007800806313753128,0.08231979608535767,-0.40766167640686035,-0.2997143864631653,-0.05987359210848808,-0.12112747877836227,-0.5686734914779663,-0.54584139585495,-0.268941193819046,-0.3461867570877075,0.39133670926094055,-0.21152132749557495,-0.24783892929553986,-0.5420429706573486,-0.12946847081184387,-0.4327428638935089,0.018918940797448158,0.0520998015999794,-0.1754104048013687,-0.4501064717769623,0.31610849499702454,0.10794728994369507,0.34778809547424316,0.1785869002342224,-0.5087999105453491,-0.4247139096260071,0.2997322976589203,0.19965463876724243,0.6602779030799866,0.13466542959213257,-0.6391756534576416,-0.3305216431617737,0.11837045848369598,0.10930010676383972,0.14838741719722748,0.4848426580429077,-0.19432935118675232,-0.5022062659263611,0.49151891469955444,0.7662149667739868,0.2398408055305481,0.07063961029052734,-0.8565880060195923,-0.6033008098602295,0.8085322380065918,0.6243685483932495,0.3605456054210663,-0.06498920917510986,-1.2994534969329834,-0.46518707275390625,0.7575461268424988,0.4398217499256134,0.030016958713531494,0.375542551279068,-0.3427167534828186,-0.9870489239692688,0.6858482360839844,1.2684211730957031,0.2746960520744324,2.2686502933502197,2.459184169769287,2.3835339546203613,2.2720017433166504,2.733384609222412,3.710517406463623,2.4466986656188965,2.531223773956299,3.13774037361145,2.2238588333129883,1.5927622318267822,2.7799179553985596,2.0200116634368896,1.973183512687683,2.216902494430542,1.96709144115448,1.6279470920562744,2.5218634605407715,2.3092164993286133,0.19053387641906738,0.1148836612701416,-0.18718242645263672,0.3498506546020508,1.4385156631469727,-0.2866859436035156,-1.1792936325073242,0.6910417079925537,-0.30736494064331055,-1.544978141784668,0.5560591220855713,0.4272494316101074,-0.8067344427108765,0.19689083099365234,-0.006092071533203125,-0.5889554023742676,0.5547720193862915,0.6812694072723389,-0.2126469612121582,-0.07565021514892578,-0.3777163028717041,0.23496699333190918,1.6256980895996094,-0.6365365982055664,-2.617809295654297,0.9777276515960693,0.8719286918640137,-2.2360198497772217,0.8634240627288818,1.9722275733947754,-1.3627935647964478,-0.23035860061645508,0.8006423711776733,-0.7858462333679199,0.5608640909194946,1.2702248096466064,-0.7674189805984497,-0.8939163684844971,-14.623726844787598,-33.8930778503418,57.36360168457031,0.08358114957809448,-22.636938095092773,57.8882942199707,-10.943018913269043,-16.259790420532227,56.22981643676758,-45.20460510253906,10.748149871826172,62.2539176940918,-65.94847106933594,42.90505599975586,70.66273498535156,-90.66197967529297,10.435912132263184,98.08155059814453,-60.293819427490234,-19.269351959228516,71.9873275756836,33.97665786743164,-80.00054168701172,57.80471420288086,11.69391918182373,-74.14808654785156,67.17283630371094,-28.944814682006836,-45.481666564941406,107.45852661132812,-76.69662475585938,-19.348861694335938,136.6112060546875,-133.56703186035156,-60.22682189941406,188.7435302734375,-70.72972869873047,-158.3753662109375,91.25668334960938,53.246009826660156,-151.9878692626953,23.82805633544922,91.6944580078125,-131.9528045654297,55.47891616821289,45.203269958496094,-112.65450286865234,136.40333557128906,-31.21495819091797,-126.80738830566406,213.30783081054688,-114.21817016601562,-196.83802795410156,322.310546875,-10.502906799316406,-347.118896484375,-87.64563751220703,0.002671351656317711,-0.04066460207104683,0.11166360974311829,-0.018695253878831863,-0.03194648027420044,0.1326012909412384,0.005294772796332836,-0.0271309744566679,0.1047622412443161,-0.026981573551893234,0.06921829283237457,0.13061287999153137,-0.10765765607357025,0.2012670487165451,0.1571614146232605,-0.17024022340774536,0.1159052699804306,0.2079104483127594,-0.16576440632343292,-0.04333595186471939,0.10899225622415543,0.021969348192214966,-0.14361009001731873,0.15129654109477997,0.03724125400185585,-0.15973226726055145,0.09946747124195099,0.00014940090477466583,-0.03554394841194153,0.1575944572687149,-0.17687594890594482,0.07065416872501373,0.26481908559799194,-0.37150728702545166,-0.041256144642829895,0.37815067172050476,-0.2816696763038635,-0.3736748695373535,0.15232820808887482,0.06530530005693436,-0.25260233879089355,0.129327192902565,0.18085134029388428,-0.3110288083553314,0.06222621724009514,0.15988166630268097,-0.13501141965389252,0.1574450582265854,-0.1413320004940033,-0.08694028854370117,0.44169503450393677,-0.4421614408493042,-0.30607521533966064,0.7496579885482788,-0.24041353166103363,-0.7518255710601807,-0.09200519323348999
-0.027993090450763702,0.06484518945217133,0.06128088757395744,-0.027368752285838127,0.01188150979578495,0.09056910127401352,-0.009749680757522583,-0.05429382622241974,0.126374751329422,-0.007604856975376606,-0.027917470782995224,0.08656517416238785,-0.002004084410145879,0.003251708345487714,0.04828280583024025,0.04493407905101776,-0.004646513611078262,-0.01973520591855049,0.10180331766605377,0.09283827990293503,0.08927397429943085,-0.0922139436006546,-0.049399375915527344,0.1179378554224968,-0.021631190553307533,-0.14486292004585266,0.13612443208694458,0.04668897017836571,-0.15429222583770752,0.09417003393173218,0.025913385674357414,-0.0833134651184082,0.05028688907623291,0.041682370007038116,-0.05292931944131851,-0.06466928124427795,0.10644982755184174,0.12153851985931396,-0.003564305603504181,-0.18505221605300903,-0.1386733502149582,0.2101517915725708,0.02776818536221981,-0.26280078291893005,0.15775562822818756,0.19155189394950867,-0.2904166579246521,0.04748106375336647,0.18020561337471008,-0.17748349905014038,0.024373503401875496,0.12499583512544632,-0.10321620851755142,-0.10635165125131607,0.15937915444374084,0.18620780110359192,0.015088692307472229,0.14123448729515076,0.17259815335273743,0.21912063658237457,0.173556849360466,0.12912848591804504,0.1545303761959076,0.200211301445961,0.1837412565946579,0.16749297082424164,0.2081117182970047,0.20348066091537476,0.16110774874687195,0.14901606738567352,0.15758194029331207,0.1465911716222763,0.16356518864631653,0.16328392922878265,0.15062633156776428,0.1809234321117401,0.03136366605758667,0.07788614928722382,0.0009586960077285767,-0.08999215066432953,-0.01902647316455841,0.07108281552791595,0.029210880398750305,-0.03271833062171936,0.024370461702346802,0.03598769009113312,-0.04700396955013275,-0.05446459352970123,-0.0035258084535598755,-0.002424895763397217,0.005983248353004456,0.016692757606506348,-0.012938857078552246,0.01763950288295746,0.03029710054397583,0.046522483229637146,-0.030404970049858093,-0.16787829995155334,-0.019985169172286987,0.16107496619224548,0.048237353563308716,-0.10380114614963531,-0.004840418696403503,0.06870602071285248,-0.07137443125247955,-0.09045228362083435,0.043478161096572876,0.052039697766304016,0.009509056806564331,0.019117653369903564,-0.0189221054315567,0.0009467452764511108,0.043235957622528076,0.012657597661018372,0.4809967875480652,0.6681560277938843,0.6681560277938843,0.5816284418106079,0.4730089008808136,0.5010295510292053,0.5010295510292053,0.4119151532649994,0.5513604879379272,0.5513604879379272,0.447893351316452,0.5877714157104492,0.5877714157104492,0.34998154640197754,0.41792792081832886,0.43964001536369324,0.43964001536369324,0.4251149296760559,0.5489028096199036,0.1871592402458191,0.1871592402458191,-0.08652758598327637,-0.19514712691307068,-0.08059889078140259,0.028020650148391724,-0.08911439776420593,0.050330936908721924,0.13944533467292786,-0.10346713662147522,0.03641092777252197,0.1398780643939972,-0.23778986930847168,-0.16984349489212036,0.0896584689617157,0.02171209454536438,-0.014525085687637329,0.10926279425621033,0.12378787994384766,0.0,-0.27368682622909546,-0.38230636715888977,0.005928695201873779,0.2231677770614624,-0.008515506982803345,0.0223102867603302,0.2285597324371338,-0.15379807353019714,-0.10303440690040588,0.2433452010154724,-0.27420079708099365,-0.30972155928611755,0.3274483382701874,0.19155558943748474,-0.10418355464935303,0.08755069971084595,0.13831296563148499,0.014525085687637329,0.4976019561290741,0.6681560277938843,0.6681560277938843,0.5816284418106079,0.4730089008808136,0.5010295510292053,0.6172279715538025,0.6172279715538025,0.5513604879379272,0.6423370838165283,0.6423370838165283,0.5877714157104492,0.6355562210083008,0.6355562210083008,0.41792792081832886,0.4906909465789795,0.5301157236099243,0.5301157236099243,0.5489028096199036,0.17055407166481018,0.17055407166481018,-0.08652758598327637,-0.19514712691307068,-0.08059889078140259,0.1442190706729889,0.11619842052459717,-0.06586748361587524,0.02510911226272583,0.09097659587860107,-0.0545656681060791,-0.006780862808227539,0.04778480529785156,-0.21762830018997192,-0.1448652744293213,0.11218780279159546,0.039424777030944824,0.018787086009979248,0.018787086009979248,0.0,-0.25708165764808655,-0.36570119857788086,0.005928695201873779,0.33936619758605957,0.19679731130599976,-0.21008655428886414,-0.09108930826187134,0.15684407949447632,-0.07967478036880493,-0.09775745868682861,0.10235047340393066,-0.21084743738174438,-0.19265007972717285,0.3298161029815674,0.1842900514602661,-0.09340071678161621,-0.020637691020965576,0.0,-0.4976019561290741,-0.4976019561290741,-0.44445666670799255,-0.44445666670799255,-0.42259731888771057,-0.42259731888771057,-0.6172279715538025,-0.6172279715538025,-0.26930713653564453,-0.6423370838165283,-0.6423370838165283,-0.4679504632949829,-0.6355562210083008,-0.6355562210083008,-0.3511299192905426,-0.4906909465789795,-0.5301157236099243,-0.5301157236099243,-0.3239618241786957,0.0,0.05314528942108154,0.05314528942108154,0.021859347820281982,0.021859347820281982,-0.19463065266609192,-0.19463065266609192,0.34792083501815796,-0.02510911226272583,-0.3730299472808838,0.1743866205215454,0.006780862808227539,-0.16760575771331787,0.2844263017177582,0.1448652744293213,-0.1789858043193817,-0.039424777030944824,0.20615389943122864,0.20615389943122864,0.05314528942108154,0.05314528942108154,-0.03128594160079956,-0.03128594160079956,-0.2164900004863739,-0.2164900004863739,0.5425515174865723,0.1695215404033661,-0.7209507822990417,0.19949573278427124,0.37981081008911133,-0.3419923782348633,0.27764543890953064,0.31247103214263916,-0.4634121060371399,-0.1842900514602661,0.38513970375061035,0.24557867646217346,0.0,0.0005566104082390666,0.0005566104082390666,0.0010347147472202778,0.000960873905569315,0.000960873905569315,0.002616101410239935,0.002468973398208618,0.00024046842008829117,0.00024046842008829117,0.001198302023112774,0.00045585306361317635,0.00045585306361317635,1.3006385415792465e-05,1.3006385415792465e-05,0.0015462208539247513,0.0009892345406115055,0.00011828145943582058,0.00011828145943582058,0.0,0.0,0.0004781043389812112,0.00040426349733024836,-7.384084165096283e-05,0.00165522750467062,0.0015080994926393032,-0.0023756329901516438,-0.002228504978120327,0.0009578336030244827,0.00021538464352488518,-0.0007424489594995975,-0.0004428466781973839,-0.0004428466781973839,0.0015332144685089588,0.000976228155195713,-0.0014279393944889307,-0.0008709530811756849,-0.00011828145943582058,-0.00011828145943582058,0.0004781043389812112,0.00040426349733024836,-0.000551945180632174,0.0012509640073403716,0.001581940334290266,-0.004030860494822264,-0.00373660447075963,0.0033334665931761265,0.002443889621645212,-0.0017002825625240803,-0.0006582313217222691,0.00029960228130221367,0.0019760611467063427,0.001419074833393097,-0.0029611538629978895,-0.001847181236371398,0.0013096579350531101,0.0007526716217398643,0.0,-0.01660516858100891,0.17055407166481018,0.22369936108589172,0.13717177510261536,0.05041158199310303,0.07843223214149475,-0.11619842052459717,-0.2053128182888031,0.2820533514022827,-0.09097659587860107,-0.1944437325000763,0.11982095241546631,-0.04778480529785156,-0.28557467460632324,0.06679800152778625,-0.051050931215286255,-0.09047570824623108,-0.10500079393386841,0.22494098544120789,0.1871592402458191,0.24030452966690063,-0.033382296562194824,-0.1732877790927887,-0.058739542961120605,-0.1666100025177002,-0.28374505043029785,0.3982517719268799,0.11433622241020203,-0.476497083902359,0.21079754829406738,0.14665892720222473,-0.40539562702178955,0.11458280682563782,0.234523743391037,-0.15727370977401733,-0.05394986271858215,0.31541669368743896,0.3299417793750763,0.05314528942108154,-0.22054153680801392,-0.41359230875968933,-0.02535724639892578,0.006677776575088501,-0.22500550746917725,0.5648617744445801,0.3980812728404999,-0.8747488260269165,0.09646132588386536,0.6231560111045837,-0.6161931753158569,-0.032076120376586914,0.6399194002151489,-0.27185651659965515,-0.28847360610961914,0.4726904034614563,0.38389164209365845,0.014525085687637329,0.9785987138748169,1.1657580137252808,1.1126127243041992,1.0260851383209229,0.8956062197685242,0.9236268997192383,1.1182575225830078,1.0291430950164795,0.8206676244735718,1.1936975717544556,1.0902304649353027,1.0557218790054321,1.22332763671875,0.9855377674102783,0.7690578699111938,0.9303309917449951,0.9697557687759399,0.9552306532859802,0.8728646039962769,0.18715929985046387,0.13401401042938232,-0.1396728754043579,-0.21700650453567505,-0.10245823860168457,0.22265130281448364,0.10551619529724121,-0.29758989810943604,0.16455447673797607,0.26956284046173096,-0.13797569274902344,0.13309717178344727,-0.07018411159515381,-0.45426976680755615,-0.0552067756652832,0.2006978988647461,0.024899661540985107,-0.09689116477966309,-0.08236604928970337,-0.05314528942108154,-0.3268321752548218,-0.3510205149650574,0.03721463680267334,0.4396578073501587,0.20797443389892578,-0.5202412009239197,0.05903828144073486,0.567152738571167,-0.3025301694869995,-0.1364656686782837,0.06779158115386963,-0.5873669385910034,0.014977335929870605,0.6549676656723022,0.08010643720626831,-0.2975890636444092,-0.10726571083068848,0.014525115489959717,0.40394091606140137,0.5007240176200867,0.457966148853302,0.4416239857673645,0.41447684168815613,0.40139240026474,0.35640135407447815,0.30390575528144836,0.42580875754356384,0.38938286900520325,0.32230275869369507,0.4558561146259308,0.459181547164917,0.2773900330066681,0.3542257249355316,0.350410521030426,0.3436404764652252,0.3447580635547638,0.4113287925720215,0.0967831015586853,0.054025232791900635,-0.05910003185272217,-0.043489307165145874,-0.04023158550262451,-0.05807548761367798,-0.09748664498329163,0.0694074034690857,0.08547711372375488,-0.10350599884986877,0.06647324562072754,0.13687878847122192,-0.1784660816192627,-0.10495582222938538,0.07302048802375793,-0.010585248470306396,-0.0056524574756622314,0.06768831610679626,0.06657072901725769,-0.04275786876678467,-0.15588313341140747,-0.09751453995704651,0.018868446350097656,-0.014586180448532104,-0.057255059480667114,0.12748289108276367,0.1829637587070465,-0.17291340231895447,-0.019003868103027344,0.2403847873210907,-0.24493932723999023,-0.2418346107006073,0.25148656964302063,0.09437057375907898,-0.07867294549942017,0.07827356457710266,0.07222318649291992,-0.0011175870895385742,0.1559903770685196,0.20080050826072693,0.22411677241325378,0.20754285156726837,0.39713847637176514,0.26411065459251404,0.47077083587646484,0.3164633512496948,0.017547663301229477,0.15757130086421967,0.007347984705120325,0.4679504632949829,0.11187824606895447,0.21537111699581146,0.0421668216586113,0.03586344048380852,0.3696390390396118,0.023772994056344032,0.09411875158548355,0.044810131192207336,0.06812639534473419,0.006742343306541443,0.17302170395851135,0.056567803025245667,0.07363235950469971,0.052352696657180786,-0.45322316884994507,-0.15889205038547516,-0.01019967906177044,0.31037914752960205,0.10453025996685028,-0.25257933139801025,-0.06971142441034317,-0.17950767278671265,0.3274722099304199,-0.012090446427464485,-0.27552029490470886,0.07034575939178467,0.023316264152526855,-0.038067787885665894,0.10489530861377716,0.049825459718704224,-0.09938934445381165,-0.00421510636806488,-0.5268555283546448,-0.21124474704265594,0.4430235028266907,0.469271183013916,0.11472994089126587,-0.5629584789276123,-0.17424169182777405,0.07307165861129761,0.3971836268901825,0.1674172282218933,-0.6029925346374512,0.082436203956604,0.34586605429649353,0.8299795985221863,1.3088445663452148,1.8704584836959839,1.2420587539672852,0.7002391219139099,1.0021828413009644,1.6123756170272827,1.3933027982711792,1.1605244874954224,1.6596074104309082,1.539616584777832,1.1410187482833862,1.1083228588104248,1.0461339950561523,0.7999363541603088,1.0229406356811523,1.1059662103652954,0.9544162750244141,1.3091682195663452,0.47886496782302856,1.0404789447784424,-0.06678581237792969,-1.1702194213867188,-0.2398759126663208,0.9121364951133728,0.39111995697021484,-0.45185112953186035,0.266304612159729,0.37909209728240967,-0.518588662147522,-0.4312937259674072,-0.09488475322723389,-0.30838650465011597,-0.023193359375,0.3060298562049866,-0.06852436065673828,0.2032020092010498,0.35475194454193115,0.5616139769554138,-0.5456507802009583,-2.210698366165161,-0.1730901002883911,2.0823559761047363,0.6309958696365356,-1.363987684249878,-0.12481534481048584,0.83094322681427,-0.784893274307251,-0.8103858232498169,0.4237039089202881,0.12290722131729126,0.07169139385223389,0.6144163608551025,-0.04533100128173828,-0.10282784700393677,0.42327630519866943,0.15154993534088135,-2.3798816073394846e-06,0.00020729094103444368,-0.0008321545901708305,-0.0007371997344307601,-0.0009734879713505507,-0.0008509326144121587,-0.0005401356611400843,-0.0006539896712638438,-0.00011177958367625251,0.0013059995835646987,0.0002572564990259707,0.0017528582829982042,0.0002729679399635643,0.0004523636889643967,0.0009182441863231361,4.488056947593577e-05,0.0008201635209843516,-0.0002842008834704757,-0.00016984145622700453,0.0002096708194585517,-0.0008297747117467225,-0.0009444906609132886,-0.00014133338117972016,-0.00011373287998139858,0.0004333523102104664,0.00019694294314831495,0.00042835608473978937,0.0019599893130362034,0.0003690360754262656,0.00044685869943350554,1.571144093759358e-05,-0.0013004946522414684,0.0006452762754634023,-0.0004074831085745245,-9.808066533878446e-05,-0.00032908146386034787,-0.0009900049772113562,0.00011435942724347115,-0.001039445516653359,-0.001154161524027586,0.0006884413305670023,0.00083075778093189,0.0005746856913901865,0.00031067582312971354,-4.996225470677018e-06,0.0017630463698878884,-5.932000931352377e-05,-0.0015131306136026978,-0.000353324634488672,-0.001747353351674974,0.0006295648636296391,0.0008930115727707744,-0.0007433569408021867,7.840164471417665e-05,-0.0008919243118725717,0.000443440891103819,0.0011043644044548273,-5650452.5,-9798217.0,-14651429.0,-8908398.0,-4700045.5,-7180144.5,-12953506.0,-10826419.0,-8693281.0,-12609067.0,-12145547.0,-8379536.0,-7973435.0,-7352308.5,-5466342.5,-7350222.5,-7768037.0,-6666932.0,-9944424.0,-4147764.5,-9000976.0,889819.0,9951384.0,1728253.5,-8253460.5,-3646274.5,4260225.0,-1782648.0,-3452266.0,4229531.0,4172112.0,1027227.5,2507092.5,2086.0,-2301694.5,683290.5,-2176387.0,-3277492.0,-4853211.5,5037583.5,18952360.0,838434.5,-18204844.0,-5374528.0,12513686.0,1863626.5,-7712491.0,6012179.0,7624378.0,-3202303.5,-1665019.5,-1025141.5,-4808787.0,681204.5,125307.5,-3960782.5,-1101105.0,0.0005002382094971836,0.0020798477344214916,0.002799529582262039,0.001057497807778418,0.0002571413933765143,0.0005854984046891332,0.0022450063843280077,0.0019669043831527233,0.0009681492228992283,0.0022103385999798775,0.0017629339126870036,0.0010786254424601793,0.0018274419708177447,0.0012474049581214786,0.00020271414541639388,0.0005323142977431417,0.00082150794332847,0.0005632440443150699,0.0010552109451964498,0.0015796094667166471,0.0022992913145571947,-0.0010223499266430736,-0.0025423881597816944,-0.0004719994030892849,0.001987864961847663,0.0013814059784635901,-0.0012768572196364403,0.00024343421682715416,0.0007947846897877753,-0.0011317131575196981,6.450805813074112e-05,0.00016877951566129923,-0.0016247278545051813,-0.0007150906603783369,0.0006187937688082457,3.092974657192826e-05,0.00023370300186797976,0.0004919669008813798,0.0007196818478405476,-0.002601959276944399,-0.004841679707169533,0.0005503505235537887,0.004530252888798714,0.001853405381552875,-0.003264722181484103,-0.001137971761636436,0.0020716418512165546,-0.0013751473743468523,-0.0007302766316570342,0.0013004926731809974,-0.0016892359126359224,-0.0008838701760396361,0.002243521623313427,0.0007460204069502652,-0.0003850907669402659,0.0004610371543094516,0.0002582638990134001,-0.014093682169914246,0.032570742070674896,0.030440187081694603,-0.013987530022859573,0.005529442336410284,0.045149195939302444,-0.005140981171280146,-0.027477961033582687,0.06341108679771423,-0.00363693805411458,-0.013957381248474121,0.04377248138189316,-0.0009438690613023937,0.00172205432318151,0.024417411535978317,0.022566067054867744,-0.0022005911450833082,-0.01000114157795906,0.05105821043252945,0.04666442424058914,0.044533871114254,-0.04655827209353447,-0.02491074427962303,0.05913672596216202,-0.01067042350769043,-0.07262715697288513,0.06855206936597824,0.023841023445129395,-0.07736846804618835,0.04740941897034645,0.013013511896133423,-0.042050428688526154,0.025361280888319016,0.02084401249885559,-0.026618001982569695,-0.032567210495471954,0.053258802741765976,0.06105935201048851,-0.002130553126335144,-0.09322269260883331,-0.06944461166858673,0.10569499433040619,0.014240320771932602,-0.13176387548446655,0.07922249287366867,0.09646818041801453,-0.1459205448627472,0.023568395525217056,0.09038197994232178,-0.0894598513841629,0.012347768992185593,0.06289444118738174,-0.05197928100824356,-0.053411222994327545,0.07987680286169052,0.09362655878067017,0.007800549268722534,0.17518873512744904,0.2131279557943344,0.25917696952819824,0.21529850363731384,0.16252543032169342,0.17259138822555542,0.24708843231201172,0.22335198521614075,0.16736023128032684,0.25076133012771606,0.24001607298851013,0.18911287188529968,0.20500770211219788,0.19915613532066345,0.16733507812023163,0.19175778329372406,0.20474667847156525,0.18922249972820282,0.19815278053283691,0.037939220666885376,0.0839882344007492,0.002170547842979431,-0.09665153920650482,-0.04270711541175842,0.0845630019903183,0.05076059699058533,-0.07972820103168488,0.027409344911575317,0.07265584170818329,-0.06164845824241638,-0.035008370876312256,0.01004326343536377,-0.03767262399196625,-0.007398352026939392,0.03741160035133362,-0.0025352835655212402,-0.0065938979387283325,0.008930280804634094,0.04604901373386383,-0.035768672823905945,-0.18063977360725403,-0.044877663254737854,0.18121454119682312,0.09346771240234375,-0.16429120302200317,-0.02335125207901001,0.15238404273986816,-0.0890578031539917,-0.10766421258449554,0.07169172167778015,-0.0026642531156539917,-0.01744161546230316,0.07508422434329987,0.004863068461418152,-0.04400549829006195,0.011465564370155334,0.015524178743362427,0.03069109283387661,0.04542352259159088,0.06717270612716675,0.04635344445705414,0.02641451545059681,0.029787788167595863,0.06105269491672516,0.049886107444763184,0.0280094463378191,0.06288124620914459,0.05760771408677101,0.03576367720961571,0.04202815890312195,0.039663165807724,0.028001029044389725,0.03677104786038399,0.04192120209336281,0.03580515459179878,0.03926452621817589,0.014732429757714272,0.03648161143064499,0.0009299218654632568,-0.04075819253921509,-0.016565656289458275,0.0346381813287735,0.02009831927716732,-0.03304325044155121,0.012995138764381409,0.029598267748951912,-0.027117568999528885,-0.015579555183649063,0.0038994885981082916,-0.014027129858732224,-0.0028921179473400116,0.013920173048973083,-0.0009658932685852051,-0.00265667587518692,0.0034593716263771057,0.021749181672930717,-0.013802507892251015,-0.07723980396986008,-0.01749557815492153,0.07539637386798859,0.036663975566625595,-0.06768143177032471,-0.0071031805127859116,0.06264151632785797,-0.040112707763910294,-0.045177824795246124,0.031017057597637177,0.0015524253249168396,-0.006791606545448303,0.027947302907705307,0.0019262246787548065,-0.016576848924160004,0.004425264894962311,0.006116047501564026,0.06741064786911011,0.10466368496417999,-0.017336182296276093,0.29875648021698,0.22763320803642273,-0.11185912042856216,-0.35614386200904846,-0.2965627908706665,0.15638814866542816,0.042503293603658676,-0.019269363954663277,-0.1304539144039154,-0.49503961205482483,-0.8639473915100098,-0.3035450577735901,-0.4240579903125763,-0.45690450072288513,-0.20721197128295898,-0.06527945399284363,0.037253037095069885,-0.0847468301653862,0.1940927952528,0.24496939778327942,-0.41061559319496155,-0.5837770700454712,-0.18470367789268494,0.5125319957733154,0.3390660881996155,-0.1756575107574463,-0.17295721173286438,-0.4757702350616455,-0.733493447303772,0.19149455428123474,0.43988940119743347,-0.15335944294929504,0.2168460190296173,0.3916250467300415,0.14193251729011536,-0.12199986726045609,0.1568397581577301,0.3297162353992462,-0.6047083735466003,-0.8287464380264282,0.2259119153022766,1.0963090658187866,0.523769736289978,-0.6881895065307617,-0.5120233297348022,-0.3001127243041992,-0.56053626537323,0.6672648191452026,1.1733828783035278,-0.3448539972305298,-0.22304338216781616,0.5449844598770142,-0.07491350173950195,-0.24969252943992615,3.272054672241211,3.3022730350494385,2.305649995803833,2.8143136501312256,2.948885679244995,3.00042724609375,2.546449661254883,2.6646976470947266,2.69360089302063,2.460981607437134,2.3666255474090576,3.3681116104125977,4.056037902832031,3.4628000259399414,2.530697822570801,2.8600680828094482,2.762415885925293,2.760211706161499,2.469724655151367,0.03021836280822754,-0.9664046764373779,-0.4879593849182129,0.6432356834411621,0.18611359596252441,-0.4024360179901123,-0.33572959899902344,0.14715123176574707,-0.20371603965759277,-0.32697534561157227,0.9071300029754639,1.6894123554229736,0.09468841552734375,-1.5253400802612305,-0.6027319431304932,0.2317180633544922,-0.09985637664794922,-0.2926912307739258,-0.29048705101013184,-0.9966230392456055,-0.5181777477264404,1.60964035987854,0.6740729808807373,-1.0456717014312744,-0.5218431949615479,0.5495872497558594,0.13201355934143066,-0.47412657737731934,1.1108460426330566,2.016387701034546,-0.8124415874481201,-3.214752435684204,-0.6974203586578369,1.7570581436157227,0.502875566482544,-0.524409294128418,-0.19063067436218262,0.0022041797637939453,-14.052531242370605,32.552284240722656,30.76300621032715,-13.739113807678223,5.964518070220947,45.46569061279297,-4.894339561462402,-27.25550079345703,63.440128326416016,-3.8176381587982178,-14.014570236206055,43.455718994140625,-1.0060503482818604,1.6323575973510742,24.23796844482422,22.556907653808594,-2.332549810409546,-9.907073020935059,51.10526657104492,46.60481643676758,44.81553649902344,-46.29139709472656,-24.79848861694336,59.204803466796875,-10.858858108520508,-72.72119140625,68.33446502685547,23.437862396240234,-77.45469665527344,47.27335739135742,13.008520126342773,-41.823360443115234,25.2440185546875,20.924549102783203,-26.570518493652344,-32.46398162841797,53.43781661987305,61.0123405456543,-1.7892799377441406,-92.89620971679688,-69.61402893066406,105.49620056152344,13.939630508422852,-131.92599487304688,79.19332122802734,96.1590576171875,-145.78915405273438,23.835494995117188,90.46321868896484,-89.09671783447266,12.235498428344727,62.74790954589844,-51.814537048339844,-53.38853073120117,80.00833129882812,93.476318359375,7.57452392578125,-0.03900865465402603,0.06227811053395271,0.0699971467256546,-0.02286532334983349,-0.005735236685723066,0.07430693507194519,0.030691582709550858,-0.03784989193081856,0.11957308650016785,-0.003157121827825904,-0.02325989305973053,0.08599477261304855,0.011746011674404144,0.05020283907651901,0.07191108167171478,0.07221256196498871,0.02605302631855011,0.010131803341209888,0.09371344745159149,0.10128676891326904,0.10900580137968063,-0.08514343202114105,-0.07573238015174866,0.09717226028442383,0.03642681986093521,-0.11215682327747345,0.08888150751590729,0.03469277173280716,-0.14283297955989838,0.08915189653635025,0.035005904734134674,-0.03579193353652954,0.06016506999731064,0.022009722888469696,-0.04585805535316467,-0.062080759555101395,0.06766042113304138,0.08358164131641388,0.007719032466411591,-0.1864302009344101,-0.1847381889820099,0.18231569230556488,0.11215920001268387,-0.20932908356189728,0.052454687654972076,0.1468496024608612,-0.23171448707580566,0.05445912480354309,0.17783889174461365,-0.12494383007287979,0.025159165263175964,0.05780165642499924,-0.10602312535047531,-0.08409048616886139,0.11351847648620605,0.14566239714622498,0.015921220183372498
-0.02724642865359783,0.027693945914506912,-0.037210170179605484,-0.005253723822534084,0.006553417071700096,-0.03698572516441345,5.85649540880695e-05,0.021440500393509865,-0.023477597162127495,-0.0005215085111558437,0.026277082040905952,-0.038497187197208405,-0.012115026824176311,0.04105614870786667,-0.03144212067127228,-0.0288755614310503,0.02890881337225437,-0.020969677716493607,-0.01738736405968666,0.054940372705459595,-0.009963741526007652,-0.03294767066836357,0.04376358538866043,-0.03173200041055679,-0.006494852248579264,0.05842622369527817,-0.023536162450909615,-0.021962009370326996,0.04975467920303345,-0.03797568008303642,-0.03839210793375969,0.07955333590507507,-0.01932709291577339,-0.06993170827627182,0.0603509321808815,0.007905883714556694,-0.04629617929458618,0.003582313656806946,-0.0649041160941124,-0.08788804709911346,0.05372732877731323,0.001215670257806778,-0.050258439034223557,0.09015822410583496,-0.017041310667991638,-0.08038823306560516,0.07329083979129791,-0.016013670712709427,-0.08814679086208344,0.1175290197134018,0.019065015017986298,-0.1494850516319275,0.07967802882194519,0.07783759385347366,-0.10664711147546768,-0.004323570057749748,0.04987849295139313,0.1495843231678009,0.1216554343700409,0.08681178838014603,0.09310291707515717,0.10257364809513092,0.09596685320138931,0.09311571717262268,0.09994572401046753,0.0926460400223732,0.10160625725984573,0.0981152355670929,0.09761616587638855,0.11342772096395493,0.09546706080436707,0.09622939676046371,0.09732792526483536,0.06439169496297836,0.07916263490915298,0.09296167641878128,-0.02792888879776001,-0.06277253478765488,-0.028552517294883728,0.015761859714984894,0.002863936126232147,-0.00945793092250824,0.0039788708090782166,-0.0004696771502494812,0.0016605332493782043,0.005469195544719696,-0.003990091383457184,0.01531248539686203,-0.0021491050720214844,-0.01719832420349121,0.0018608644604682922,-0.03183770179748535,-0.018165290355682373,0.028569981455802917,0.013799041509628296,-0.03484364598989487,-0.0006236284971237183,0.07853439450263977,0.031416453421115875,-0.025219790637493134,0.0011149346828460693,0.008988253772258759,-0.002318337559700012,0.005938872694969177,-0.005650624632835388,0.009843289852142334,0.0018409863114356995,-0.03251080960035324,0.004009969532489777,-0.01463937759399414,-0.020026154816150665,0.06040768325328827,0.03196433186531067,-0.014770939946174622,0.49792346358299255,0.49792346358299255,0.2173757702112198,0.3267601430416107,0.3267601430416107,0.2571816146373749,0.24104444682598114,0.24104444682598114,0.2212209850549698,0.3253519833087921,0.3253519833087921,0.18226179480552673,0.24189965426921844,0.24189965426921844,0.20337025821208954,0.19357018172740936,0.20560434460639954,0.20560434460639954,0.24217815697193146,0.0,-0.2805476784706116,-0.17116332054138184,0.10938437283039093,-0.06957852840423584,-0.08571569621562958,-0.016137167811393738,-0.019823461771011353,0.08430753648281097,0.10413099825382233,-0.14309018850326538,-0.08345232903957367,0.05963785946369171,-0.038529396057128906,-0.04832947254180908,0.0022340863943099976,0.012034162878990173,0.03657381236553192,0.03657381236553192,-0.2805476784706116,-0.17116332054138184,0.3899320363998413,0.101584792137146,-0.1951000690460205,0.0534413605928421,0.06589223444461823,0.10044470429420471,0.12395446002483368,-0.22739772498607635,-0.187583327293396,0.2027280479669571,0.04492293298244476,-0.1079673320055008,0.040763482451438904,0.060363635420799255,0.034339725971221924,0.024539649486541748,0.0,0.49792346358299255,0.49792346358299255,0.2876293361186981,0.3267601430416107,0.3267601430416107,0.308816134929657,0.24104444682598114,0.24104444682598114,0.2552621066570282,0.3253519833087921,0.3253519833087921,0.4314437806606293,0.4314437806606293,0.24487003684043884,0.27579015493392944,0.27579015493392944,0.20560434460639954,0.28456512093544006,0.28456512093544006,0.0,-0.21029412746429443,-0.17116332054138184,0.0391308069229126,-0.017944008111953735,-0.08571569621562958,-0.06777168810367584,0.014217659831047058,0.08430753648281097,0.07008987665176392,0.10609179735183716,0.10609179735183716,-0.18657374382019043,-0.15565362572669983,0.0309201180934906,-0.07018581032752991,0.00877496600151062,0.07896077632904053,0.0,-0.21029412746429443,-0.17116332054138184,0.24942493438720703,0.1532193124294281,-0.12484650313854218,-0.04982767999172211,0.09993335604667664,0.15207922458648682,0.05587221682071686,0.021784260869026184,0.03600192070007324,-0.2926655411720276,-0.261745423078537,0.21749386191368103,0.08546781539916992,-0.02214515209197998,0.14914658665657043,-0.00877496600151062,-0.07896077632904053,-0.32186180353164673,-0.275574266910553,-0.2876293361186981,-0.2876293361186981,-0.308816134929657,-0.308816134929657,-0.22179603576660156,-0.18343327939510345,-0.2552621066570282,-0.2552621066570282,-0.20041675865650177,-0.4314437806606293,-0.4314437806606293,-0.24487003684043884,-0.27579015493392944,-0.27579015493392944,-0.15841268002986908,-0.28456512093544006,-0.28456512093544006,0.04628753662109375,0.03423246741294861,-0.012055069208145142,-0.021186798810958862,-0.021186798810958862,0.08702009916305542,0.12538285553455353,-0.033466070890426636,-0.07182882726192474,0.05484534800052643,-0.17618167400360107,-0.2310270220041275,0.18657374382019043,0.15565362572669983,-0.0309201180934906,0.11737747490406036,-0.00877496600151062,-0.12615244090557098,0.0,-0.012055069208145142,-0.05834260582923889,-0.05541926622390747,-0.00913172960281372,0.10820689797401428,0.1465696543455124,-0.12048617005348206,-0.19721168279647827,0.08831141889095306,-0.10435284674167633,-0.28587237000465393,0.3627554178237915,0.3866806626319885,-0.21749386191368103,-0.038276150822639465,0.02214515209197998,-0.24352991580963135,0.00877496600151062,0.12615244090557098,7.306342013180256e-06,0.00026894110487774014,0.00026894110487774014,0.00022928346879780293,0.00022928346879780293,0.002515300875529647,0.0006643591914325953,0.0006643591914325953,0.0004450808046385646,0.0004450808046385646,0.00039821554673835635,0.00034827488707378507,6.395112723112106e-05,6.395112723112106e-05,0.00026800131308846176,0.00019543326925486326,0.00019543326925486326,0.0005278352182358503,0.0,0.0002616347628645599,0.0002616347628645599,-3.965763607993722e-05,-3.965763607993722e-05,0.002286017406731844,0.00043507572263479233,-0.0018509416840970516,-0.00021927838679403067,-0.00021927838679403067,-4.6865257900208235e-05,-9.680591756477952e-05,-0.0003342644195072353,-0.000284323759842664,0.0002040501858573407,0.0001314821420237422,-7.25680438335985e-05,0.00033240194898098707,-0.00019543326925486326,-0.0005278352182358503,0.0,-0.0003012923989444971,-0.0003012923989444971,0.0023256749846041203,0.00047473335871472955,-0.004136959090828896,-0.000654354109428823,0.001631663297303021,0.00017241312889382243,0.00012247246922925115,-0.00028739916160702705,-0.00018751784227788448,0.0005383145762607455,0.0004158059018664062,-0.0002766182296909392,0.00020091980695724487,-0.00012286522542126477,-0.0008602371672168374,-0.00033240194898098707,0.17606166005134583,0.22234919667243958,-0.07025356590747833,0.0391308069229126,0.017944008111953735,-0.051634520292282104,0.019248411059379578,0.057611167430877686,-0.03404112160205841,0.07008987665176392,0.12493522465229034,-0.24918198585510254,-0.18954412639141083,-0.002970382571220398,-0.0724198967218399,-0.08221997320652008,0.04719166457653046,-0.07896077632904053,-0.042386963963508606,0.04628753662109375,-0.24631522595882416,-0.18321838974952698,0.08819757401943207,-0.0907653272151947,0.0013044029474258423,0.10924568772315979,-0.05328953266143799,0.01247870922088623,0.15897634625434875,-0.31927186250686646,-0.31447935104370117,0.24621160328388214,0.11712422966957092,-0.07924959063529968,0.11961156129837036,0.0032591968774795532,-0.08957862854003906,0.03657381236553192,-0.2926027774810791,-0.22950592637062073,0.3345127999782562,0.09245306253433228,-0.08689317107200623,0.2000110149383545,-0.05459393560886383,-0.09676697850227356,0.21226587891578674,-0.3317505717277527,-0.4734556972980499,0.5654834508895874,0.4316035807132721,-0.325461208820343,0.0024873316287994385,0.08250878751277924,-0.20919018983840942,0.03331461548805237,0.12615244090557098,0.8197852373123169,0.7734977006912231,0.5050051212310791,0.6143894791603088,0.6355762481689453,0.5659977197647095,0.4628404974937439,0.4244777262210846,0.4764831066131592,0.5806140899658203,0.5257687568664551,0.613705575466156,0.6733434200286865,0.4867696762084961,0.4791604280471802,0.4693603515625,0.3640170097351074,0.4901694655418396,0.5267432928085327,-0.04628753662109375,-0.3147801160812378,-0.1591082215309143,0.1305711269378662,-0.048391759395599365,-0.17273575067520142,-0.14151999354362488,0.013642609119415283,0.15613636374473572,0.0492856502532959,0.03309148550033569,0.14757466316223145,-0.1269358992576599,-0.19418299198150635,-0.017409324645996094,-0.11514341831207275,0.0208091139793396,0.1627262830734253,0.036573827266693115,-0.26849257946014404,-0.11282068490982056,0.445351243019104,0.11071646213531494,-0.3033068776130676,-0.09312823414802551,0.1863783597946167,0.2976563572883606,0.035643041133880615,-0.12304487824440002,0.09828901290893555,-0.1600273847579956,-0.3417576551437378,0.10952657461166382,0.0790395736694336,0.03821843862533569,0.27786970138549805,0.015764713287353516,-0.12615245580673218,0.4129149615764618,0.4438420534133911,0.2359268218278885,0.3416016697883606,0.3249884843826294,0.26390424370765686,0.25467783212661743,0.24920280277729034,0.23346246778964996,0.32902446389198303,0.3358488082885742,0.17939327657222748,0.22634261846542358,0.2518117129802704,0.2093534767627716,0.2001580446958542,0.25529947876930237,0.22306771576404572,0.24929869174957275,0.03092709183692932,-0.1769881397485733,-0.10224038362503052,0.0890616625547409,-0.07769742608070374,-0.07031065225601196,-0.014701440930366516,-0.021215364336967468,0.07982166111469269,0.10238634049892426,-0.14963118731975555,-0.10950618982315063,0.07241843640804291,-0.016989141702651978,-0.0516536682844162,0.04594600200653076,0.02290967106819153,-0.006000787019729614,0.02623097598552704,-0.20791523158550262,-0.13316747546195984,0.2660498023033142,0.024542957544326782,-0.15937231481075287,0.06299598515033722,0.049095287919044495,0.0945231020450592,0.12360170483589172,-0.22945284843444824,-0.2118925303220749,0.22204962372779846,0.09251704812049866,-0.1240721046924591,0.06293514370918274,0.07456333935260773,-0.051946789026260376,0.0033213049173355103,0.03223176300525665,0.006016082130372524,0.12426279485225677,0.14909642934799194,0.1124512255191803,0.09488242864608765,0.04483826830983162,0.1423877626657486,0.0012880880385637283,0.004884475376456976,0.006926051340997219,0.07740769535303116,0.18368932604789734,0.16846154630184174,0.11955180019140244,0.10145317763090134,0.15528099238872528,0.052110396325588226,0.15667247772216797,0.02157849259674549,0.11824671179056168,0.14308035373687744,-0.011811569333076477,-0.0542140007019043,-0.06761296093463898,0.04750533401966095,-0.04355017840862274,-0.13750328123569489,0.005637963302433491,0.07252322137355804,0.17676328122615814,0.09105385094881058,-0.0641375258564949,-0.0670083686709404,0.035729192197322845,-0.04934278130531311,0.001391485333442688,-0.030531903728842735,-0.13509398698806763,0.024833641946315765,-0.13005828857421875,-0.19729435443878174,-0.0558013916015625,0.10171933472156525,0.024062782526016235,-0.18500861525535583,0.04918814077973366,0.21002650260925293,0.17112532258033752,0.018530629575252533,-0.24090081453323364,-0.15806221961975098,0.09986671805381775,0.01766558736562729,-0.03433770686388016,0.018810877576470375,-0.13648547232151031,-0.10456208139657974,0.8729268908500671,0.6538931131362915,0.29751262068748474,0.34562617540359497,0.42190492153167725,0.3723439872264862,0.33127912878990173,0.36136582493782043,0.3328181803226471,0.39470377564430237,0.363587349653244,0.43987369537353516,0.5385744571685791,0.35156649351119995,0.3676200807094574,0.36110353469848633,0.17365992069244385,0.2979561686515808,0.36764612793922424,-0.21903377771377563,-0.5754142999649048,-0.30826693773269653,0.1243923008441925,0.026717811822891235,-0.09062579274177551,-0.010978162288665771,0.0015390515327453613,0.033337950706481934,0.030769169330596924,0.04516991972923279,0.17498710751533508,-0.0883072018623352,-0.1709543764591217,0.009537041187286377,-0.19396016001701355,-0.06314736604690552,0.1939862072467804,0.06968995928764343,-0.35638052225112915,-0.0892331600189209,0.6998065710067749,0.33498474955558777,-0.21501809358596802,-0.03769597411155701,0.09216484427452087,0.044316112995147705,0.029230117797851562,0.011831969022750854,0.14421793818473816,-0.133477121591568,-0.3459414839744568,0.09784424304962158,-0.023005783557891846,-0.0726844072341919,0.38794636726379395,0.13283732533454895,-0.12429624795913696,-0.0002912025374826044,1.9788534700637683e-05,-0.00040779876871965826,0.0001634290092624724,0.00014345084491651505,-0.00010001297778217122,0.00035602579009719193,4.206259472994134e-05,0.00015572670963592827,0.0004271446377970278,-0.000107981963083148,0.0006968705565668643,-6.884965841891244e-05,0.0005999935092404485,0.00011508835450513288,0.00010203383135376498,-4.0937939047580585e-05,0.0001903973607113585,4.391259790281765e-05,0.0003109910758212209,-0.00011659623123705387,0.0001436404709238559,0.0005512495990842581,-0.0002634419943206012,0.00021257494518067688,0.00014207557251211256,-0.00020029908046126366,0.0003850820357911289,-0.0002637086727190763,0.0002697259187698364,3.913230466423556e-05,-9.687704732641578e-05,0.00018393801292404532,-0.0004979596706107259,-0.00015602628991473466,8.83635293575935e-05,8.485053695039824e-05,-0.00014648475917056203,-0.00042758730705827475,-0.00016735060489736497,0.000667845830321312,-0.0004070824652444571,-0.000338674639351666,0.000405517581384629,-0.00041287404019385576,0.00024300646327901632,-6.340959225781262e-05,-0.00011535611702129245,0.00030284098465926945,-0.0003666029660962522,0.00014480570098385215,-0.0004010826232843101,-0.00033996428828686476,0.000586323207244277,0.0002408768341410905,-0.00023484829580411315,-0.00023133528884500265,-6481380.0,-4547903.0,-1925372.0,-2202428.5,-2868786.25,-2392523.0,-2131262.5,-2377589.25,-2107779.25,-2563976.5,-2298658.25,-2912083.0,-3802612.0,-2319686.25,-2449849.0,-2371247.75,-999694.0,-1834788.625,-2382489.0,1933477.0,4556008.0,2345474.5,-943414.25,-190094.5,737523.75,14933.75,23483.25,-186387.25,-190879.0,-348106.5,-1503953.75,592396.75,1352763.0,-51561.5,1450155.0,536459.125,-1382795.0,-547700.375,2622531.0,411997.5,-5499422.0,-2535569.0,1680938.0,205028.25,-714040.5,-201321.0,-214362.25,-161719.25,-1313074.75,940503.25,2856716.75,-643958.25,97392.0,588020.625,-2832950.0,-1084159.5,835094.625,0.0003879161668010056,0.00034378081909380853,1.5974283087416552e-05,3.163209476042539e-05,4.512458326644264e-05,2.7399961254559457e-05,1.1954683941439725e-05,1.341435381618794e-05,1.3731378203374334e-05,3.06135589198675e-05,2.604144719953183e-05,0.00013229109754320234,0.00014099663530942053,1.4812071640335489e-05,1.9935272575821728e-05,1.8584856661618687e-05,3.046983465537778e-06,2.5110794013016857e-05,2.9106959118507802e-05,-4.413534770719707e-05,-0.00037194188917055726,-0.0003121487097814679,2.915030017902609e-05,-4.2321335058659315e-06,-3.316989750601351e-05,-1.3985607438371517e-05,1.7766942619346082e-06,1.719920510367956e-05,1.2310068996157497e-05,0.00010167753498535603,0.0001149551899288781,-0.00011747902317438275,-0.0001210613627335988,3.772785021283198e-06,-1.6888288882910274e-05,6.52593735139817e-06,2.605997542559635e-05,3.996165105490945e-06,-0.0003278065414633602,-0.00026801336207427084,0.00040109219844453037,0.000307916576275602,-6.2320199504029e-05,-9.753473932505585e-06,3.494659176794812e-05,3.118481254205108e-05,1.0533374734222889e-05,8.447832806268707e-05,0.0001026451209327206,-0.00021915655815973878,-0.0002360165526624769,0.00012125181092415005,0.00010417307203169912,2.753152330114972e-06,4.294826430850662e-05,-2.5297722459072247e-06,-2.2063810320105404e-05,-0.013765058480203152,0.0138938520103693,-0.018796604126691818,-0.0026036840863525867,0.0033117153216153383,-0.018592972308397293,0.00010849503451026976,0.010773503221571445,-0.011749026365578175,-0.0001701632863841951,0.013147436082363129,-0.01917455345392227,-0.006117844954133034,0.020742978900671005,-0.0157618410885334,-0.014493386261165142,0.01450019609183073,-0.010509541258215904,-0.00871765986084938,0.027658909559249878,-0.0050315456464886665,-0.0164975356310606,0.022108320146799088,-0.015989288687705994,-0.003203220199793577,0.029366474598646164,-0.01185752172023058,-0.010943666100502014,0.02489646151661873,-0.01900438964366913,-0.019265281036496162,0.03991753235459328,-0.009643996134400368,-0.03523636609315872,0.030262038111686707,0.003983845002949238,-0.023217856884002686,0.0017918813973665237,-0.03269045427441597,-0.04415644705295563,0.02713986486196518,0.0005082469433546066,-0.025311540812253952,0.04535576328635216,-0.00865430198609829,-0.04031014069914818,0.03675398230552673,-0.008060723543167114,-0.04416174441576004,0.058921921998262405,0.009621284902095795,-0.0751539021730423,0.039906032383441925,0.039220210164785385,-0.05347989499568939,-0.002191963605582714,0.02500973828136921,0.17989206314086914,0.15501566231250763,0.09947638213634491,0.11436744779348373,0.1263224184513092,0.11291657388210297,0.11208689957857132,0.1150820404291153,0.10986149311065674,0.1223459467291832,0.11444159597158432,0.12327549606561661,0.14240053296089172,0.10790684074163437,0.11380290240049362,0.11339784413576126,0.07581895589828491,0.10420715063810349,0.11678934097290039,-0.02487640082836151,-0.08041568100452423,-0.040648214519023895,0.026846036314964294,-0.0014508739113807678,-0.014235518872737885,0.002165466547012329,-0.0022254064679145813,0.007263906300067902,0.004580102860927582,0.0009295493364334106,0.027958936989307404,-0.015368655323982239,-0.028597630560398102,0.005491003394126892,-0.03798394650220871,-0.009190693497657776,0.04097038507461548,0.012582190334796906,-0.05553928017616272,-0.015771813690662384,0.10726171731948853,0.03919734060764313,-0.04108155518770218,0.003616340458393097,0.012010112404823303,0.0050984397530555725,0.006805509328842163,-0.006334356963634491,0.023378834128379822,-0.01629820466041565,-0.056556567549705505,0.02085965871810913,-0.009386315941810608,-0.014681696891784668,0.07895433157682419,0.02177288383245468,-0.028388194739818573,0.03236115351319313,0.02402985654771328,0.009895551018416882,0.013079912401735783,0.01595735177397728,0.012750153429806232,0.012563473545014858,0.01324387639760971,0.012069547548890114,0.01496853120625019,0.013096879236400127,0.0151968477293849,0.02027791179716587,0.01164388656616211,0.012951101176440716,0.012859071604907513,0.005748513620346785,0.010859130881726742,0.013639749959111214,-0.00833129696547985,-0.022465601563453674,-0.010949944145977497,0.006061800755560398,-0.00032975897192955017,-0.0033938782289624214,0.0004937229678034782,-0.0004939259961247444,0.00172465480864048,0.0010273316875100136,0.0002283165231347084,0.007181032560765743,-0.0035529611632227898,-0.007326810620725155,0.0012151850387454033,-0.007202587556093931,-0.001999940723180771,0.007891235873103142,0.002780619077384472,-0.014134304597973824,-0.0026186471804976463,0.028527401387691498,0.010620185174047947,-0.00945567898452282,0.0008234819397330284,0.002899952232837677,0.0012309318408370018,0.001521257683634758,-0.0014963382855057716,0.00615370087325573,-0.003781277686357498,-0.014507843181490898,0.004768146201968193,0.00012422306463122368,-0.003215125761926174,0.01509382389485836,0.004780559800565243,-0.00511061679571867,0.7750839591026306,0.6664069890975952,0.09777889400720596,0.32260844111442566,0.11266763508319855,0.1873292326927185,0.0030195151921361685,0.07940186560153961,0.3268582820892334,0.22454805672168732,-0.005810003727674484,-0.7046065330505371,-0.5473979115486145,-0.4330748915672302,-0.1144673228263855,-0.1306309849023819,0.08408956974744797,-0.5541806817054749,-0.1692163646221161,-0.1086769700050354,-0.6773050427436829,-0.34379854798316956,0.014888741075992584,-0.13527920842170715,-0.10964812338352203,-0.1079273670911789,0.3238387703895569,0.1451461911201477,-0.332668274641037,-0.9291545748710632,-0.5415878891944885,0.2715316414833069,0.432930588722229,0.3024439215660095,0.19855690002441406,-0.42354971170425415,-0.25330594182014465,0.38496431708335876,-0.5686280727386475,-0.23512157797813416,0.6921938061714172,0.2085193395614624,-0.12453686445951462,0.02735184133052826,0.4334868788719177,0.2530735731124878,-0.6565070152282715,-1.074300765991211,-0.20891961455345154,1.2006862163543701,0.9745184779167175,0.030912280082702637,-0.23437368869781494,-0.7259936332702637,-0.4518628418445587,0.8085139989852905,0.6382702589035034,3.082080841064453,3.2872447967529297,2.7782061100006104,3.0121302604675293,2.730255603790283,2.8096556663513184,2.1761221885681152,1.8937512636184692,2.515601396560669,2.4465749263763428,2.4143152236938477,3.4183435440063477,2.9495434761047363,2.6613521575927734,2.152832508087158,2.086751699447632,2.654878616333008,3.1578688621520996,2.6940360069274902,0.20516395568847656,-0.3038747310638428,-0.2751145362854004,-0.04795050621032715,-0.20247459411621094,-0.554133415222168,-0.9159044027328491,0.3394792079925537,0.5528236627578735,-0.10128617286682129,0.9717686176300049,0.5352282524108887,-0.7569913864135742,-0.7967109680175781,-0.5746004581451416,0.5020461082458496,1.0711171627044678,0.03915739059448242,-0.4638328552246094,-0.5090386867523193,-0.48027849197387695,0.2559242248535156,0.07263994216918945,-0.5061829090118408,-0.7134298086166382,0.8936126232147217,1.4687280654907227,-0.440765380859375,0.41894495487213135,0.63651442527771,-1.728760004043579,-1.3319392204284668,0.18239092826843262,1.2987570762634277,1.6457176208496094,-0.4628887176513672,-1.5349500179290771,-0.5029902458190918,-13.677706718444824,13.902360916137695,-18.679506301879883,-2.637369394302368,3.2898154258728027,-18.56683349609375,0.029399607330560684,10.763131141662598,-11.785754203796387,-0.2617972791194916,13.191095352172852,-19.32558822631836,-6.081743240356445,20.610187530517578,-15.783944129943848,-14.495532035827637,14.512224197387695,-10.526778221130371,-8.728456497192383,27.580066680908203,-5.001799583435059,-16.539730072021484,21.969322204589844,-15.929464340209961,-3.26041579246521,29.32996368408203,-11.815154075622559,-11.024928092956543,24.976848602294922,-19.063791275024414,-19.272838592529297,39.93577575683594,-9.702200889587402,-35.10572052001953,30.29616928100586,3.9687538146972656,-23.240680694580078,1.7983217239379883,-32.58186721801758,-44.11979675292969,26.97112274169922,0.6102657318115234,-25.229738235473633,45.259429931640625,-8.55473804473877,-40.35489273071289,36.7920036315918,-8.038863182067871,-44.24968719482422,58.99956512451172,9.570637702941895,-75.04149627685547,39.99837112426758,39.0744743347168,-53.53684997558594,-2.1704320907592773,25.03900146484375,-0.0693749338388443,0.00789613090455532,-0.03951132297515869,-0.009159935638308525,-0.0013106592232361436,-0.03929193690419197,0.010004021227359772,0.016188975423574448,-0.033177055418491364,-0.002581375651061535,0.03149735927581787,-0.01959497667849064,0.0028599631041288376,0.04929027706384659,-0.02113940939307213,-0.026222603395581245,0.0253823921084404,-0.006638607010245323,-0.012403756380081177,0.07727106660604477,0.029863610863685608,-0.017056066542863846,0.03820066526532173,-0.030132001265883446,0.01131468079984188,0.05548091232776642,-0.043181076645851135,-0.018770352005958557,0.06467441469430923,-0.01701360195875168,-0.028637396171689034,0.06888525187969208,-0.023999372497200966,-0.07551287859678268,0.04652180150151253,0.019583996385335922,-0.037786148488521576,-0.005765149369835854,-0.04740745574235916,-0.09432713687419891,0.008337054401636124,-0.0130759347230196,-0.02688598446547985,0.08561291545629501,-0.054495759308338165,-0.07425126433372498,0.10785549134016037,0.0017567500472068787,-0.09331180900335312,0.08589885383844376,0.004638023674488068,-0.14439812302589417,0.07052117586135864,0.09509687125682831,-0.0843079537153244,-0.025349145755171776,0.03202100098133087
-0.032045766711235046,0.07208210229873657,-0.06411299854516983,-0.072385273873806,0.03622773289680481,0.008415382355451584,-0.06457652151584625,0.0005572874215431511,0.03808997943997383,-0.059929657727479935,-0.03321126475930214,-0.0012510719243437052,-0.03440072759985924,0.012517513707280159,-0.008806419558823109,-0.06496142596006393,0.017221029847860336,0.034739527851343155,-0.07093007117509842,0.10412786900997162,-0.032067231833934784,-0.14446738362312317,0.10034073144197464,0.08080065250396729,-0.10080425441265106,-0.00785809475928545,0.10266649723052979,-0.06048694625496864,-0.07130124419927597,0.05867858603596687,-0.0011894628405570984,0.01376858539879322,0.025594308972358704,-0.07747893780469894,0.02602744847536087,0.09970095753669739,-0.08815109729766846,-0.10566960275173187,-0.1361950933933258,-0.2485952526330948,0.13240796327590942,0.22526803612709045,-0.2011449933052063,-0.08865875005722046,0.20347075164318085,-0.05262885242700577,-0.17396774888038635,0.11916553229093552,0.07011178135871887,-0.0449099987745285,0.026783771812915802,-0.09124752134084702,0.00043313950300216675,0.17717990279197693,-0.11417854577302933,-0.20537056028842926,-0.017518505454063416,0.24271062016487122,0.16508471965789795,0.1258821040391922,0.14786487817764282,0.15271951258182526,0.15043190121650696,0.1280258446931839,0.1417597383260727,0.1306353658437729,0.1554034948348999,0.1490529328584671,0.1332121342420578,0.13390342891216278,0.11719638109207153,0.1457054615020752,0.1590782254934311,0.14371709525585175,0.11538653075695038,0.1487514078617096,-0.07762590050697327,-0.11682851612567902,-0.017219841480255127,0.026837408542633057,0.0025670230388641357,-0.024693667888641357,-0.008672162890434265,0.0026095211505889893,0.01364375650882721,0.018417567014694214,-0.022191360592842102,-0.015149503946304321,-0.016015753149986267,0.011802032589912415,0.04188184440135956,-0.0019883662462234497,-0.04369169473648071,0.005034312605857849,0.033364877104759216,-0.03920261561870575,0.06040605902671814,0.14366592466831207,0.019786864519119263,-0.051531076431274414,-0.011239185929298401,0.027303189039230347,0.022315919399261475,0.015808045864105225,-0.03583511710166931,-0.033567070960998535,0.006175607442855835,0.026951536536216736,0.057897597551345825,-0.013790398836135864,-0.08557353913784027,0.007022678852081299,0.07705657184123993,0.028330564498901367,0.55045086145401,0.55045086145401,0.2836659848690033,0.4379217326641083,0.5679349899291992,0.5679349899291992,0.30898377299308777,0.3984726667404175,0.5190188884735107,0.5190188884735107,0.41879886388778687,0.4276564121246338,0.4276564121246338,0.2644421458244324,0.40788745880126953,0.40788745880126953,0.3857533633708954,0.3857533633708954,0.26736629009246826,0.0,-0.2667848765850067,-0.11252912878990173,0.2842690050601959,0.13001325726509094,-0.25895121693611145,-0.16946232318878174,0.21003511548042297,0.12054622173309326,-0.10022002458572388,-0.09136247634887695,0.008857548236846924,-0.16321426630020142,-0.019768953323364258,0.14344531297683716,-0.022134095430374146,-0.022134095430374146,-0.11838707327842712,-0.11838707327842712,-0.2667848765850067,-0.11252912878990173,0.5510538816452026,0.24254238605499268,-0.5432202219963074,-0.2994755804538727,0.4689863324165344,0.290008544921875,-0.31025514006614685,-0.21190869808197021,0.1090775728225708,-0.07185178995132446,-0.02862650156021118,0.3066595792770386,-0.0023651421070098877,-0.1655794084072113,-0.09625297784805298,-0.09625297784805298,0.0,0.5846497416496277,0.5846497416496277,0.46936267614364624,0.46936267614364624,0.5679349899291992,0.5679349899291992,0.4354541003704071,0.4354541003704071,0.5190188884735107,0.5190188884735107,0.4804871678352356,0.4737275242805481,0.4737275242805481,0.4698532521724701,0.4698532521724701,0.4185223877429962,0.3857533633708954,0.3857533633708954,0.5547706484794617,0.0,-0.11528706550598145,-0.11528706550598145,0.09857231378555298,0.09857231378555298,-0.13248088955879211,-0.13248088955879211,0.08356478810310364,0.08356478810310364,-0.038531720638275146,-0.045291364192962646,-0.0067596435546875,-0.003874272108078003,-0.003874272108078003,-0.05133086442947388,-0.08409988880157471,-0.03276902437210083,0.16901728510856628,0.16901728510856628,-0.11528706550598145,-0.11528706550598145,0.21385937929153442,0.21385937929153442,-0.2310532033443451,-0.2310532033443451,0.21604567766189575,0.21604567766189575,-0.12209650874137878,-0.12885615229606628,0.031772077083587646,0.041417092084884644,0.002885371446609497,-0.047456592321395874,-0.0802256166934967,0.018561840057373047,0.253117173910141,0.20178630948066711,0.0,-0.5846497416496277,-0.5846497416496277,-0.46936267614364624,-0.46936267614364624,-0.47869929671287537,-0.47869929671287537,-0.4354541003704071,-0.4354541003704071,-0.3434177041053772,-0.4804871678352356,-0.4804871678352356,-0.4737275242805481,-0.4737275242805481,-0.4698532521724701,-0.4698532521724701,-0.4185223877429962,-0.3295084834098816,-0.3685128092765808,-0.5547706484794617,0.0,0.11528706550598145,0.11528706550598145,-0.009336620569229126,-0.009336620569229126,0.04324519634246826,0.04324519634246826,0.09203639626502991,-0.04503306746482849,-0.1370694637298584,0.0067596435546875,0.0067596435546875,0.003874272108078003,0.003874272108078003,0.05133086442947388,0.1403447687625885,0.050009578466415405,-0.22526216506958008,-0.18625783920288086,0.11528706550598145,0.11528706550598145,-0.12462368607521057,-0.12462368607521057,0.05258181691169739,0.05258181691169739,0.048791199922561646,-0.08827826380729675,-0.2291058599948883,0.05179271101951599,0.1438291072845459,-0.002885371446609497,-0.002885371446609497,0.047456592321395874,0.1364704966545105,-0.0013212859630584717,-0.3656069338321686,-0.23626741766929626,0.03900432586669922,0.0010347977513447404,0.00033114690450020134,0.00033114690450020134,0.0005806462140753865,0.0005696724401786923,9.83025529421866e-05,9.83025529421866e-05,0.0005508734029717743,0.0011413038009777665,0.0002676711301319301,0.0002676711301319301,0.0007954309112392366,5.932472413405776e-05,5.932472413405776e-05,0.00012019401765428483,0.0017509057652205229,0.0016975890612229705,0.0002669310779310763,0.0,-0.0007036508759483695,-0.0007036508759483695,0.0002494993095751852,0.000238525535678491,-0.00048234366113319993,-0.00047136988723650575,0.00045257085002958775,0.001043001189827919,-0.0002832022728398442,-0.0008736326708458364,0.0005277597811073065,-0.00020834640599787235,-0.0007361061871051788,6.0869293520227075e-05,0.0016915809828788042,0.0015773950144648552,-0.0014839747454971075,-0.0016975890612229705,-0.0002669310779310763,0.0,0.0009531502146273851,0.000942176440730691,-0.0007318429416045547,-0.0007098953938111663,0.0009349145111627877,0.0015143710188567638,-0.000735773122869432,-0.0019166339188814163,0.0008109620539471507,0.000665286264847964,-0.0012638659682124853,0.00026921569951809943,0.002427687169983983,0.0015165257500484586,-0.0031755557283759117,-0.0032749841921031475,0.0012170437257736921,0.0014306579250842333,-0.034198880195617676,-0.034198880195617676,-0.18569669127464294,-0.031440943479537964,0.08923569321632385,0.08923569321632385,-0.12647032737731934,-0.036981433629989624,0.17560118436813354,0.038531720638275146,-0.06168830394744873,-0.04607111215591431,-0.04607111215591431,-0.20541110634803772,-0.06196579337120056,-0.010634928941726685,0.056244879961013794,0.017240554094314575,-0.2874043583869934,0.0,-0.15149781107902527,0.002757936716079712,0.2749323844909668,0.12067663669586182,-0.2157060205936432,-0.12621712684631348,0.3020715117454529,0.07551315426826477,-0.23728948831558228,-0.08460283279418945,0.015617191791534424,-0.1593399941921234,-0.015894681215286255,0.19477617740631104,0.11821067333221436,0.02787548303604126,-0.3436492383480072,-0.304644912481308,-0.15149781107902527,0.002757936716079712,0.42643019556999207,0.1179186999797821,-0.49063840508461,-0.2468937635421753,0.5177775621414185,0.20173028111457825,-0.5393610000610352,-0.16011598706245422,0.2529066801071167,-0.07473716139793396,-0.03151187300682068,0.35411617159843445,0.1341053545475006,-0.16690069437026978,-0.46185991168022156,-0.33252039551734924,0.03900432586669922,1.1351006031036377,1.1351006031036377,0.7530286312103271,0.9072843790054321,1.046634316444397,1.046634316444397,0.7444378733634949,0.833926796913147,0.8624365925788879,0.9995060563087463,0.8992860317230225,0.9013839364051819,0.9013839364051819,0.7342953681945801,0.877740740776062,0.8264098167419434,0.7152618169784546,0.7542661428451538,0.8221369385719299,0.0,-0.38207197189331055,-0.22781622409820557,0.2936056852340698,0.13934993743896484,-0.3021964430809021,-0.21270751953125,0.11799871921539307,0.16557925939559937,0.03684943914413452,-0.09812211990356445,0.002097904682159424,-0.1670885682106018,-0.023643195629119873,0.09211444854736328,-0.16247892379760742,-0.07214367389678955,0.10687512159347534,0.06787079572677612,-0.38207197189331055,-0.22781622409820557,0.6756776571273804,0.3671661615371704,-0.5958021283149719,-0.35205745697021484,0.42019516229629517,0.37828677892684937,-0.08114928007125854,-0.2637013792991638,-0.0347515344619751,-0.06896644830703735,-0.025741100311279297,0.2592030167579651,-0.13883572816848755,-0.16425812244415283,0.26935404539108276,0.14001446962356567,-0.03900432586669922,0.3641532063484192,0.4141005575656891,0.24858726561069489,0.3614793121814728,0.452707439661026,0.45855894684791565,0.27044472098350525,0.3346240222454071,0.44980865716934204,0.40853703022003174,0.33792391419410706,0.3635420799255371,0.36489731073379517,0.24481461942195892,0.3420430123806,0.33394041657447815,0.330156534910202,0.3598065674304962,0.21502575278282166,0.0499473512172699,-0.1155659407377243,-0.05262124538421631,0.20412017405033112,0.09707963466644287,-0.18226271867752075,-0.12393492460250854,0.1793639361858368,0.07391300797462463,-0.11188474297523499,-0.04499495029449463,0.02697339653968811,-0.11872746050357819,-0.02285429835319519,0.08912579715251923,-0.01188647747039795,0.025866150856018066,-0.11513078212738037,-0.14478081464767456,-0.1655132919549942,-0.1025685966014862,0.3196861147880554,0.14970088005065918,-0.3863828778266907,-0.22101455926895142,0.36162665486335754,0.19784793257713318,-0.2912486791610718,-0.11890795826911926,0.1388581395149231,-0.07373251020908356,-0.0498276948928833,0.2078532576560974,0.010967820882797241,-0.06325964629650116,-0.10324430465698242,-0.17064696550369263,-0.02965003252029419,0.1468048095703125,0.27228817343711853,0.1835661232471466,0.07718678563833237,0.2526194751262665,0.1915520429611206,0.12131225317716599,0.04488091915845871,0.14844588935375214,0.047701943665742874,0.41879886388778687,0.11104589700698853,0.0017980535048991442,0.26022666692733765,0.18721376359462738,0.09784949570894241,0.2715206444263458,0.3857533633708954,0.0074262130074203014,0.12548336386680603,0.036761313676834106,-0.19510138034820557,0.06905335187911987,0.11436525732278824,-0.1313072144985199,-0.1466711163520813,0.02713363617658615,0.0028210245072841644,0.27035295963287354,0.06334395706653595,-0.41700080037117004,0.14918076992034912,0.18541571497917175,-0.16237717866897583,0.08430688083171844,0.28790387511253357,-0.26409444212913513,-0.3783271610736847,-0.08872205018997192,-0.3205847442150116,0.03229203820228577,0.3094666302204132,-0.20036056637763977,-0.26103636622428894,0.15844085812568665,0.14949214458465576,0.2432193160057068,0.060522932559251785,-0.6873537302017212,0.08583681285381317,0.6024165153503418,-0.31155794858932495,-0.10110883414745331,0.4502810537815094,-0.3484013080596924,-0.6662310361862183,-0.11423271894454956,2.1553008556365967,1.2889055013656616,0.6999770402908325,0.8892470002174377,1.0225725173950195,0.9713684916496277,0.70339435338974,0.830110490322113,0.7317986488342285,1.0754175186157227,0.9739044308662415,0.7905538082122803,0.7788744568824768,0.5620092749595642,0.8348506093025208,0.9188730120658875,0.7693600058555603,0.5454220175743103,0.9868128895759583,-0.8663953542709351,-1.4553238153457642,-0.3996585011482239,0.322595477104187,0.08212149143218994,-0.31917816400527954,-0.14125800132751465,0.028404295444488525,0.24530702829360962,0.24210578203201294,-0.2848637104034424,-0.19502997398376465,-0.22854453325271606,0.055976152420043945,0.35686373710632324,-0.06549060344696045,-0.37345099449157715,0.21745288372039795,0.44139087200164795,-0.5889284610748291,0.4667368531227112,1.7779192924499512,0.4817799925804138,-0.6417736411094666,-0.2233794927597046,0.34758245944976807,0.38656502962112427,0.21370148658752441,-0.530170738697052,-0.4371357560157776,0.05631917715072632,0.2510061264038086,0.5854082703590393,-0.1214667558670044,-0.7303147315979004,0.2829434871673584,0.8148418664932251,0.22393798828125,-0.0005694177816621959,0.0005565041210502386,-0.0006662120576947927,-0.00041853502625599504,-0.0005763358785770833,-0.00019059637270402163,0.00010353576362831518,-8.097690624708775e-06,-0.00015617898316122591,-0.0002843465772457421,-0.0005303903599269688,0.0005891714827157557,-0.0002953448856715113,0.0004928939742967486,0.0004625209840014577,-0.0006447764462791383,0.000719683594070375,-0.0005175693077035248,1.4903111150488257e-05,0.0011259219609200954,-9.679427603259683e-05,-0.0009750391473062336,8.98761791177094e-05,0.0002279386535519734,0.0006798716494813561,0.00018249868298880756,-0.0002597147540654987,-0.0002762488729786128,-0.0003742113767657429,0.0008735180599614978,0.00023504547425545752,-9.627750841900706e-05,0.0007578658405691385,-0.001137670362368226,0.0002571626100689173,0.0001272071385756135,-0.0007047804538160563,0.0005324723897501826,-0.0012227161787450314,-0.002100961050018668,0.00018667045515030622,0.0012029778445139527,0.0005899954703636467,-4.5439970563165843e-05,-0.0009395864326506853,-0.00045874755596742034,-0.00011449662270024419,0.001149766962043941,0.0006092568510212004,-0.0009697955683805048,0.0005228203954175115,-0.001041392795741558,-0.0005007032305002213,0.0012648775009438396,-0.0009619430638849735,0.00040526525117456913,0.0012372528435662389,-18663696.0,-9766997.0,-4900519.0,-6311156.5,-7239735.5,-6817118.0,-4733402.5,-6003719.0,-4903882.5,-7654476.0,-7040491.0,-5408044.5,-5402113.0,-3703261.75,-6049371.5,-6708044.5,-5547369.0,-3584242.5,-7227108.0,8896699.0,13763177.0,3455840.5,-2339216.5,-505961.5,2506333.0,813399.0,-170480.0,-1650757.0,-2136608.5,2246431.5,1638378.0,1704782.75,-647258.5,-3004782.75,502002.5,3123802.0,-1679739.0,-3642865.5,4866478.0,-5440858.5,-16102394.0,-3961802.0,4845549.5,1319360.5,-2676813.0,-2464156.0,-1966128.5,3897188.5,3774986.5,-541648.75,-2285636.5,-4709565.5,1149261.0,6128585.0,-2181741.5,-6766667.5,-1963126.5,0.0030964091420173645,0.00176613952498883,0.00024702397058717906,0.00038445688551291823,0.0009191323188133538,0.0008305005612783134,0.00023915294150356203,0.0002978252887260169,0.0003571583656594157,0.0008461301331408322,0.0006293632322922349,0.000409200438298285,0.0003978567256126553,0.00017243149341084063,0.0003428477211855352,0.00026580202393233776,0.00015798688400536776,0.00011186523624928668,0.0009111941326409578,-0.0013302696170285344,-0.002849385142326355,-0.0013816826976835728,0.0006721083773300052,0.00044604367576539516,-0.000679979391861707,-0.000532675301656127,0.00011800542415585369,0.0005483048735186458,0.0002722048666328192,-0.0004369296948425472,-0.00023150650667957962,-0.00023676894488744438,-5.500900442712009e-05,9.337053052149713e-05,-0.00018486083718016744,-0.0001539367949590087,0.0007532072486355901,0.0007993289036676288,-0.0015191155252978206,-5.141308065503836e-05,0.003521493636071682,0.001827726373448968,-0.001352087827399373,-0.0009787189774215221,0.0007979848305694759,0.0010809801751747727,0.0001541994424769655,-0.000985234510153532,-0.0005037114024162292,0.0002001607499551028,0.00017649750225245953,0.0003301394754089415,-0.00012985183275304735,-0.0002473073254805058,0.0009380680858157575,0.0009532656986266375,4.612165503203869e-05,-0.016260914504528046,0.03628524765372276,-0.032398611307144165,-0.03645933419466019,0.018003322184085846,0.004156751558184624,-0.03240848705172539,0.00027526530902832747,0.018962085247039795,-0.030163150280714035,-0.016893139109015465,-0.0005321595817804337,-0.017360204830765724,0.006369749084115028,-0.004366204142570496,-0.03284916281700134,0.008788601495325565,0.017234647646546364,-0.035603173077106476,0.05254616215825081,-0.01613769680261612,-0.07274457812309265,0.05040193349123001,0.04061608761548996,-0.050411809235811234,-0.0038814861327409744,0.05137057229876518,-0.030438415706157684,-0.03585522621870041,0.0296309906989336,-0.0004670657217502594,0.006901908665895462,0.012994000688195229,-0.03921891003847122,0.013154805637896061,0.05008380860090256,-0.04439177364110947,-0.05283781886100769,-0.06868386268615723,-0.12529073655605316,0.06653963029384613,0.11336066573858261,-0.10081374645233154,-0.044497571885585785,0.10178238153457642,-0.02655692957341671,-0.08722579479217529,0.060069404542446136,0.03538816049695015,-0.02272908203303814,0.013461066409945488,-0.046120818704366684,0.00016080494970083237,0.08930271863937378,-0.05754657834768295,-0.10292162746191025,-0.008446045219898224,0.2840932607650757,0.20898430049419403,0.14975757896900177,0.16874195635318756,0.19355909526348114,0.1917482316493988,0.14999058842658997,0.17742863297462463,0.1621699333190918,0.19283558428287506,0.18928620219230652,0.17314592003822327,0.16838163137435913,0.14545351266860962,0.17771685123443604,0.17498303949832916,0.16994166374206543,0.13955439627170563,0.1799526959657669,-0.07510896027088165,-0.1343356817960739,-0.04024234414100647,0.04380151629447937,0.023006275296211243,-0.043568506836891174,-0.01431959867477417,0.012179344892501831,0.015406951308250427,0.02711626887321472,-0.019689664244651794,-0.020904570817947388,-0.027692407369613647,0.009335219860076904,0.029529526829719543,-0.0077751874923706055,-0.035428643226623535,0.010011032223701477,0.04039829969406128,-0.05922672152519226,0.03486661612987518,0.17813719809055328,0.06324861943721771,-0.08737002313137054,-0.03732587397098541,0.055747851729393005,0.029726549983024597,0.01493692398071289,-0.03509661555290222,-0.04802083969116211,-0.008002743124961853,0.030239790678024292,0.05722193419933319,-0.01711040735244751,-0.06495817005634308,0.017786219716072083,0.07582694292068481,0.030387267470359802,0.08070898056030273,0.04367443546652794,0.022427333518862724,0.02847384661436081,0.03746512159705162,0.0367673859000206,0.02249717526137829,0.03148091956973076,0.026299085468053818,0.037185560911893845,0.03582926467061043,0.029979512095451355,0.028352372348308563,0.02115672454237938,0.0315832793712616,0.03061906434595585,0.028880169615149498,0.019475428387522697,0.03238297253847122,-0.037034545093774796,-0.05828164517879486,-0.01520058885216713,0.015037788078188896,0.00829353928565979,-0.014967946335673332,-0.005286466330289841,0.0038019102066755295,0.005704641342163086,0.00953017920255661,-0.00720604881644249,-0.007476892322301865,-0.008822787553071976,0.0032309070229530334,0.00946233980357647,-0.0027031097561120987,-0.011143635958433151,0.003502802923321724,0.012907544150948524,-0.021247100085020065,0.021833956241607666,0.0733194351196289,0.02349412813782692,-0.03000573441386223,-0.01358000561594963,0.01876985654234886,0.010991107672452927,0.005728268995881081,-0.012910690158605576,-0.017007071524858475,-0.001616738736629486,0.010707799345254898,0.018285127356648445,-0.005934016779065132,-0.02060597576200962,0.006205912679433823,0.024051180109381676,0.0094047412276268,-0.07914820313453674,-0.5425676703453064,-0.24489782750606537,0.23004792630672455,-0.021513229236006737,0.1460893750190735,-0.23716028034687042,-0.1292802095413208,0.18095336854457855,0.09635841101408005,-0.38972407579421997,-0.18723845481872559,0.211063951253891,-0.4769781529903412,-0.16189762949943542,0.6070871949195862,-0.08932366967201233,-0.1514875292778015,-0.5191996097564697,-0.46341946721076965,-0.16574962437152863,0.7726156115531921,0.22338460385799408,-0.08395855128765106,-0.21564705669879913,-0.2753695845603943,0.418113648891449,0.22563862800598145,-0.5706774592399597,-0.28359687328338623,0.6007879972457886,-0.2897396981716156,-0.3729615807533264,1.084065318107605,0.0725739598274231,-0.7585747241973877,-0.4298759400844574,-0.3677120804786682,0.29766982793807983,1.2360351085662842,0.3891342282295227,-0.8565741777420044,-0.4390316605567932,-0.19141103327274323,0.6337606906890869,0.5010082125663757,-0.9887911081314087,-0.5092355012893677,1.1714653968811035,-0.00614282488822937,-0.973749577999115,1.373805046081543,0.4455355405807495,-1.8426400423049927,-0.5024498701095581,0.3908626437187195,0.062163859605789185,2.0493597984313965,4.190621376037598,2.6063687801361084,2.97831654548645,3.33137583732605,3.282080888748169,2.6530706882476807,2.6606862545013428,3.1194446086883545,3.2350411415100098,2.779625177383423,3.2508933544158936,3.424104928970337,3.2533762454986572,2.644040584564209,2.838538408279419,2.218088388442993,3.0620412826538086,2.7399368286132812,2.141261577606201,0.5570089817047119,-1.2123048305511475,0.7250070571899414,0.30376434326171875,-0.6783051490783691,-0.6213946342468262,0.46637392044067383,0.574354887008667,-0.33981943130493164,0.01585221290588379,0.6444797515869141,0.002482891082763672,-0.7800643444061279,-0.4148378372192383,-0.4259521961212158,0.22350287437438965,0.5218484401702881,-0.32210445404052734,-1.5842525959014893,-3.3535664081573486,0.1679980754852295,1.5160691738128662,-1.4033122062683105,-0.9251589775085449,1.144679069519043,1.1957495212554932,-0.8061933517456055,-0.5585026741027832,0.9842991828918457,-0.013369321823120117,-1.424544095993042,-0.41732072830200195,0.3541121482849121,0.6383407115936279,0.9478006362915039,-0.545607328414917,-0.8439528942108154,-16.08697509765625,36.18521499633789,-32.18472671508789,-36.337406158447266,18.186321258544922,4.224522113800049,-32.417415618896484,0.2797582745552063,19.121170043945312,-30.084688186645508,-16.672054290771484,-0.6280381083488464,-17.2691650390625,6.283792018890381,-4.420822620391846,-32.61063766479492,8.644956588745117,17.43924331665039,-35.606895446777344,52.27219009399414,-16.09775161743164,-72.52262115478516,50.37104797363281,40.561927795410156,-50.603736877441406,-3.9447638988494873,51.5385856628418,-30.36444664001465,-35.7932243347168,29.456649780273438,-0.5971107482910156,6.911829948425293,12.848342895507812,-38.89442825317383,13.065778732299805,50.04988098144531,-44.251853942871094,-53.046138763427734,-68.36994171142578,-124.79481506347656,66.46879577636719,113.08454895019531,-100.97478485107422,-44.506690979003906,102.14231872558594,-26.4196834564209,-87.3318099975586,59.82109832763672,35.19611358642578,-22.544818878173828,13.445453643798828,-45.80625915527344,0.2174358367919922,88.94430541992188,-57.31763458251953,-103.09602355957031,-8.79428482055664,-0.03528260439634323,0.07219301909208298,-0.035888902842998505,-0.07200133800506592,0.05007841810584068,0.020244695246219635,-0.055232152342796326,0.017851540818810463,0.04089449346065521,-0.0566834881901741,-0.023654233664274216,0.006878882646560669,-0.04123891517519951,0.00800153985619545,-0.016306083649396896,-0.09346780925989151,0.030239220708608627,0.037910766899585724,-0.041200362145900726,0.10747562348842621,-0.0006062984466552734,-0.1441943645477295,0.08596731722354889,0.09224603325128555,-0.10531057417392731,-0.002393154427409172,0.09612664580345154,-0.07453502714633942,-0.06454873085021973,0.06356237083673477,-0.017584681510925293,0.0011226572096347809,0.024932831525802612,-0.10146935284137726,0.046545304358005524,0.13137857615947723,-0.07143957912921906,-0.07911112904548645,-0.10808192193508148,-0.2516700029373169,0.08657361567020416,0.23644039034843445,-0.1912778913974762,-0.09463918954133987,0.20143721997737885,-0.0721418708562851,-0.16067537665367126,0.13809740543365479,0.046964049339294434,-0.06243971362709999,0.042517513036727905,-0.10259200632572174,0.02161247283220291,0.2328479290008545,-0.11798488348722458,-0.21048970520496368,-0.007671549916267395
-0.02257206104695797,0.01967235654592514,0.01600923389196396,-0.025870367884635925,0.004232744686305523,0.016625644639134407,-0.03055064007639885,-0.01069166325032711,0.02936113253235817,-0.0037814981769770384,0.005309518426656723,0.00961406622081995,-0.023155424743890762,0.013271723873913288,-0.009613416157662868,-0.006442416459321976,0.019421912729740143,-0.005422311834990978,0.0048941452987492085,0.04224441945552826,0.03858129680156708,-0.045542724430561066,-0.011776489205658436,0.04249601066112518,-0.03478338569402695,-0.027317307889461517,0.05991177260875702,0.006910164840519428,-0.024051614105701447,0.013395564630627632,-0.028464943170547485,0.003657657653093338,0.013542008586227894,-0.01971413940191269,0.029035329818725586,0.0010201046243309975,-0.014527767896652222,0.010316457599401474,-0.0036631226539611816,-0.08778714388608932,-0.05035778507590294,0.08803873509168625,-0.023006897419691086,-0.0698133185505867,0.09469515830278397,0.03422747179865837,-0.08396338671445847,0.006485399790108204,-0.004413329064846039,-0.009737906977534294,0.042006950825452805,-0.023371797055006027,0.015493321232497692,0.020734243094921112,-0.04356309771537781,0.009296352975070477,0.024844225496053696,0.07587242871522903,0.06819752603769302,0.08520437031984329,0.11344040185213089,0.10970053821802139,0.09635336697101593,0.08962585777044296,0.07979201525449753,0.09503934532403946,0.0892753005027771,0.09727008640766144,0.11686524748802185,0.12716618180274963,0.11131898313760757,0.08176015317440033,0.10034305602312088,0.10762010514736176,0.08537492156028748,0.07692194730043411,-0.007674902677536011,0.009331941604614258,0.045242875814437866,0.0244961678981781,-0.01708703488111496,-0.02007468044757843,-0.016561351716518402,0.005413487553596497,0.009483285248279572,0.0022307410836219788,0.02758994698524475,0.029896095395088196,-0.005546264350414276,-0.045406028628349304,-0.010975927114486694,0.025859951972961426,-0.014968134462833405,-0.030698157846927643,-0.008452974259853363,0.01700684428215027,0.05291777849197388,0.015164226293563843,-0.062329910695552826,-0.04457084834575653,0.0005256831645965576,0.025488168001174927,0.026044636964797974,-0.003182746469974518,0.01810666173696518,0.027665354311466217,-0.03313621133565903,-0.0753021240234375,-0.005429662764072418,0.07126598060131073,-0.00399220734834671,-0.05655810981988907,0.0065151602029800415,0.02224518358707428,0.2564398944377899,0.2564398944377899,0.21732425689697266,0.31699272990226746,0.35208651423454285,0.35208651423454285,0.2117595225572586,0.296470046043396,0.296470046043396,0.2264205515384674,0.31838586926460266,0.31838586926460266,0.3646719455718994,0.3646719455718994,0.27229928970336914,0.2998947203159332,0.31365296244621277,0.31365296244621277,0.22364474833011627,0.0,-0.03911563754081726,0.06055283546447754,0.1347622573375702,0.03509378433227539,-0.14032699167728424,-0.05561646819114685,0.08471052348613739,-0.07004949450492859,0.021915823221206665,0.09196531772613525,0.04628607630729675,0.04628607630729675,-0.09237265586853027,-0.06477722525596619,0.04135367274284363,0.013758242130279541,-0.0900082141160965,-0.0900082141160965,-0.03911563754081726,0.06055283546447754,0.17387789487838745,-0.02545905113220215,-0.2750892639160156,-0.09071025252342224,0.22503751516342163,-0.014433026313781738,-0.06279470026493073,0.16201481223106384,0.024370253086090088,-0.0456792414188385,-0.13865873217582703,-0.11106330156326294,0.1337263286113739,0.07853546738624573,-0.13136188685894012,-0.10376645624637604,0.0,0.37662816047668457,0.2564398944377899,0.2982581555843353,0.3227249085903168,0.35208651423454285,0.35208651423454285,0.2976077198982239,0.296470046043396,0.296470046043396,0.2264205515384674,0.31838586926460266,0.335509717464447,0.40245553851127625,0.40245553851127625,0.27229928970336914,0.2998947203159332,0.31365296244621277,0.31365296244621277,0.22364474833011627,-0.12018826603889465,-0.07837000489234924,0.06628501415252686,0.05382835865020752,0.029361605644226074,-0.05447879433631897,-0.05561646819114685,-0.0011376738548278809,-0.07004949450492859,0.021915823221206665,0.10908916592597961,0.08406966924667358,0.06694582104682922,-0.1301562488079071,-0.10256081819534302,0.04135367274284363,0.013758242130279541,-0.0900082141160965,-0.0900082141160965,0.04181826114654541,0.1864732801914215,0.13219836354255676,-0.03692340850830078,-0.10830715298652649,-0.08497807383537292,0.05334112048149109,-0.014433026313781738,0.023053497076034546,0.1791386604309082,0.06215384602546692,-0.04214334487915039,-0.2142259180545807,-0.16950663924217224,0.17150992155075073,0.11631906032562256,-0.13136188685894012,-0.10376645624637604,0.0,-0.37662816047668457,-0.13154387474060059,-0.2982581555843353,-0.3227249085903168,-0.3227249085903168,-0.2976077198982239,-0.2976077198982239,-0.29579371213912964,-0.2100220024585724,-0.21433348953723907,-0.2375190705060959,-0.335509717464447,-0.40245553851127625,-0.40245553851127625,-0.2256319373846054,-0.29490694403648376,-0.29490694403648376,-0.2500075399875641,-0.21725904941558838,0.24508428573608398,0.07837000489234924,-0.1911810338497162,-0.024466753005981445,0.025117188692092896,0.025117188692092896,0.0018140077590942383,0.08758571743965149,0.08146022260189056,-0.0274970680475235,-0.12117622792720795,-0.16493646800518036,-0.06694582104682922,0.17682360112667084,0.10754859447479248,-0.06927500665187836,0.04489940404891968,0.07764789462089539,0.03274849057197571,-0.16671428084373474,-0.43626531958580017,-0.10283675789833069,0.21629822254180908,0.04958394169807434,-0.023303180932998657,0.062468528747558594,0.07964621484279633,-0.11508278548717499,-0.2026364505290985,-0.13743939995765686,0.05423040688037872,0.3417600691318512,0.1744944155216217,-0.2460986077785492,-0.0626491904258728,0.14692290127277374,-0.01215091347694397,-0.04489940404891968,3.802194260060787e-05,0.00017873290926218033,0.00017873290926218033,0.00019552482990548015,0.001120251603424549,0.0005861669778823853,0.0005861669778823853,0.0005823052488267422,5.921488627791405e-05,5.921488627791405e-05,0.0003149169497191906,0.0007616900838911533,0.0008821720257401466,0.0004835575819015503,0.0004835575819015503,1.5441561117768288e-05,1.5441561117768288e-05,0.0005012547480873764,0.0,0.00014071096666157246,0.00014071096666157246,1.6791920643299818e-05,0.0009415186941623688,0.0003906421479769051,-0.0005340846255421638,-3.861729055643082e-06,-0.0005269520916044712,-0.0005230903625488281,0.00025570206344127655,0.0007024751976132393,0.000567255076020956,-0.00027813250198960304,-0.00039861444383859634,-0.000468116020783782,-0.000468116020783782,0.00048581318696960807,-1.5441561117768288e-05,-0.0005012547480873764,0.0,-0.00012391904601827264,0.0008008077275007963,0.0003738502273336053,-0.0014756033197045326,-0.0003945038770325482,7.132533937692642e-06,-0.000519228633493185,0.0007826541550457478,0.0012255655601620674,0.0003115530125796795,-0.0009806076996028423,-0.0009658695198595524,-0.00018998351879417896,-6.950157694518566e-05,0.0009539292077533901,0.0004526744596660137,-0.0009870679350569844,-0.00048581318696960807,-0.12018826603889465,0.12489601969718933,-0.08093389868736267,-0.005732178688049316,0.029361605644226074,0.05447879433631897,-0.08584819734096527,0.0006763339042663574,0.08644804358482361,0.012087062001228333,0.08086679875850677,-0.01712384819984436,-0.03778359293937683,-0.03778359293937683,0.04666735231876373,0.004987776279449463,0.018746018409729004,0.06364542245864868,0.006385698914527893,0.24508428573608398,0.03925436735153198,-0.13062819838523865,0.11029550433158875,0.060210973024368286,-0.11520980298519135,-0.05380246043205261,0.17229624092578888,0.011410728096961975,-0.0055812448263168335,-0.029210910201072693,-0.1186503916978836,-0.02065974473953247,0.08445094525814056,0.042771369218826294,-0.02792133390903473,0.05865764617919922,-0.01236031949520111,-0.05725972354412079,-0.205829918384552,-0.37571248412132263,0.07104113698005676,0.19083917140960693,-0.2255053073167801,-0.1140134334564209,0.2875060439109802,0.06521318852901459,-0.1778774857521057,-0.04062163829803467,-0.11306914687156677,0.008551165461540222,0.20310133695602417,0.06343111395835876,-0.11237227916717529,0.015886276960372925,0.015561014413833618,-0.11591736972332001,-0.04489940404891968,0.6330680847167969,0.3879837691783905,0.5155824422836304,0.6397176384925842,0.6748114228248596,0.6496942043304443,0.5093672275543213,0.5922637581825256,0.506492018699646,0.4407540559768677,0.5559049248695374,0.6538956165313721,0.767127513885498,0.767127513885498,0.49793124198913574,0.594801664352417,0.6085599064826965,0.5636605024337769,0.44090378284454346,-0.24508431553840637,-0.1174856424331665,0.2517338693141937,0.15922898054122925,0.009976565837860107,-0.16544419527053833,-0.0574304461479187,-0.002875208854675293,-0.15150970220565796,0.04941290616989136,0.2131415605545044,0.2112225890159607,0.11323189735412598,-0.2691962718963623,-0.17232584953308105,0.11062866449356079,-0.031141161918640137,-0.16765612363815308,-0.1227567195892334,0.12759867310523987,0.4968181848526001,0.27671462297439575,-0.24175730347633362,-0.3246731758117676,-0.06740701198577881,0.16256898641586304,-0.09407925605773926,0.05228811502456665,0.36465126276016235,0.16180968284606934,-0.09990966320037842,-0.480418860912323,-0.28555774688720703,0.3798249363899231,0.14118468761444092,-0.27828478813171387,-0.09161555767059326,0.04489940404891968,0.2861809730529785,0.3110027611255646,0.23572179675102234,0.29850494861602783,0.33481746912002563,0.35921329259872437,0.22213998436927795,0.3259446918964386,0.3069505989551544,0.2412806749343872,0.31962937116622925,0.29897844791412354,0.3267367482185364,0.33923161029815674,0.300618439912796,0.30244550108909607,0.30474090576171875,0.3388092815876007,0.2536112070083618,0.02482178807258606,-0.05045917630195618,-0.012497812509536743,0.0990956723690033,0.06070834398269653,-0.11267748475074768,-0.03326860070228577,0.08481061458587646,-0.08466401696205139,0.012678772211074829,0.05769777297973633,0.007107377052307129,0.0402531623840332,-0.026118308305740356,-0.03678610920906067,0.0041224658489227295,0.03636378049850464,-0.051129698753356934,-0.08519807457923889,-0.07528096437454224,-0.0373196005821228,0.14955484867095947,0.07320615649223328,-0.21177315711975098,-0.0939769446849823,0.19748809933662415,-0.051395416259765625,-0.07213184237480164,0.14236178994178772,-0.0055713951587677,-0.017444610595703125,-0.033225685358047485,-0.07703927159309387,0.030240774154663086,0.07314988970756531,-0.05525216460227966,-0.12156185507774353,-0.03406837582588196,0.10099191218614578,0.05548727884888649,0.05097843334078789,0.0898299440741539,0.16395410895347595,0.01878780871629715,0.05687565356492996,0.29579371213912964,0.17626698315143585,0.08974272757768631,0.10077396035194397,0.008584165945649147,0.18300870060920715,0.3317422866821289,0.065706267952919,0.04860187694430351,0.13679681718349457,0.07053058594465256,0.08306334167718887,-0.04550463333725929,-0.050013478845357895,0.03434266522526741,0.11297567188739777,-0.07104213535785675,-0.10707845538854599,0.2770059108734131,0.11939132958650589,-0.20605099201202393,-0.07549302279949188,-0.08115856349468231,0.08223474025726318,0.3231581151485443,-0.11730243265628815,-0.2831404209136963,0.07109054923057556,0.021928709000349045,-0.053733475506305695,0.012532755732536316,-0.004508845508098602,0.0798472985625267,0.16298915445804596,-0.10538479685783386,-0.22005411982536316,0.34804803133010864,0.22646978497505188,-0.483056902885437,-0.19488435983657837,0.12489242851734161,0.15772776305675507,0.40431666374206543,-0.19953717291355133,-0.606298565864563,0.1883929818868637,0.30506911873817444,-0.12482402473688126,-0.009395953267812729,0.06626623123884201,0.26616406440734863,0.19083388149738312,0.2982661724090576,0.5250023007392883,0.5048184394836426,0.381028950214386,0.3409062922000885,0.2825646698474884,0.35926881432533264,0.3201425075531006,0.40644195675849915,0.5309160351753235,0.6406011581420898,0.5513079166412354,0.27790334820747375,0.3990771770477295,0.46328112483024597,0.30321207642555237,0.2496498078107834,-0.07533018290996552,0.032102108001708984,0.3341684341430664,0.20655226707458496,-0.14397335052490234,-0.16391214728355408,-0.09846428036689758,0.01836252212524414,0.03757783770561218,0.047173142433166504,0.2107735276222229,0.2341592013835907,0.020391881465911865,-0.3626978099346161,-0.15223073959350586,0.18537777662277222,-0.09586510062217712,-0.21363131701946259,-0.05356226861476898,0.1074322909116745,0.4094986319541931,0.17445015907287598,-0.47814178466796875,-0.37046441435813904,0.04550907015800476,0.18227466940879822,0.13604211807250977,0.028810620307922363,0.17319568991661072,0.1869860589504242,-0.19038164615631104,-0.5968570113182068,-0.17262262105941772,0.5480755567550659,0.056365638971328735,-0.399009108543396,0.04230283200740814,0.1600690484046936,0.0002949075715150684,0.0003456086851656437,0.0004951445735059679,0.0002305945527041331,0.00025347532937303185,0.0007932302542030811,-0.00039060183917172253,0.0006371830822899938,-8.042950503295287e-05,-0.00016720300482120365,-9.132960258284584e-05,0.0009098293376155198,-9.680292714620009e-05,0.0007863450446166098,0.0004321737796999514,5.274726208881475e-05,0.0001402506895828992,0.00029027738492004573,-0.00015172075654845685,5.070111365057528e-05,0.00020023700199089944,-0.0001150141324615106,-0.000241669244132936,0.0005626357160508633,-0.0006440771976485848,-0.00015604717191308737,0.00031017232686281204,-0.0008043861016631126,-1.0900097549892962e-05,0.0010770322987809777,-5.473324563354254e-06,-0.00012348429299890995,0.0005289767286740243,-0.0007335977861657739,-0.0002919230901170522,0.0002375301264692098,-0.00029197143157944083,-0.00044199812691658735,0.00014953588834032416,-0.00016571524611208588,-0.00044190624612383544,0.0006776498630642891,-0.00040240795351564884,-0.0007186828879639506,0.0009542495245113969,-0.0006483389297500253,-0.0003210724098607898,0.0018814184004440904,5.426772986538708e-06,-0.0012005165917798877,0.0005344500532373786,-0.0006101134931668639,-0.000820899847894907,0.0009711278835311532,-4.834146238863468e-08,-0.0006795282242819667,-0.00015002669533714652,-1603780.5,-1104319.5,-1798746.125,-3548510.25,-3438897.0,-2367518.0,-2085021.375,-1690295.5,-2260547.25,-2132079.0,-2655636.25,-3641304.5,-4366817.0,-3688804.25,-1681689.875,-2609149.75,-2946863.5,-1825271.875,-1515588.625,499461.0,-194965.625,-2444190.75,-1640150.875,1180992.25,1353875.625,677222.5,-175525.875,-441783.5,-395089.0,-1509225.5,-1711180.75,-47499.75,2685127.0,1079654.5,-1265173.625,783877.875,1431274.875,309683.25,-694426.625,-2943651.75,-1445185.25,3625183.0,2994026.5,-503769.75,-1529401.5,-1119006.0,-219563.125,-1067442.0,-1316091.75,1461725.75,4396308.0,1127154.25,-3950300.5,-295776.625,2696448.5,-474194.625,-1121591.625,4.133323818678036e-05,5.140434041095432e-06,1.64567754836753e-05,7.417030428769067e-05,8.993795199785382e-05,4.777878712047823e-05,2.7862461138283834e-05,2.401150959485676e-05,2.2281430574366823e-05,1.1730143341992516e-05,4.206750963930972e-05,6.071824464015663e-05,0.00014891997852828354,0.00013615645002573729,1.1974747394560836e-05,3.0179207897162996e-05,4.532888124231249e-05,2.070439040835481e-05,8.27079657028662e-06,-3.619280323619023e-05,-2.4876462703105062e-05,6.902986933710054e-05,7.348117651417851e-05,-2.639151716721244e-05,-6.207548722159117e-05,-2.3767277525621466e-05,-5.581030563917011e-06,-1.2281366252864245e-05,1.9786079064942896e-05,4.898810220765881e-05,0.00010685247252695262,7.543820538558066e-05,-0.0001369452365906909,-0.00010597724030958489,3.335413202876225e-05,-9.474817488808185e-06,-3.705808558152057e-05,-1.2433593838068191e-05,1.1316340533085167e-05,0.00010522267257329077,9.835763921728358e-05,-9.542139014229178e-05,-0.0001355566637357697,2.6242396415909752e-06,5.6494456657674164e-05,1.1485911272757221e-05,2.5367109628859907e-05,6.126947118900716e-05,8.706639346200973e-05,2.6450103177921847e-05,-0.00024379770911764354,-0.00018141543841920793,0.00017029937589541078,9.65024228207767e-05,-7.041222124826163e-05,-2.958776349260006e-06,2.4624492652947083e-05,-0.011262889951467514,0.009955315850675106,0.008145668543875217,-0.012933236546814442,0.0021726926788687706,0.008502032607793808,-0.015450874343514442,-0.005253341980278492,0.014698991551995277,-0.0019443102646619081,0.002618425292894244,0.004998320247977972,-0.011669345200061798,0.006803534924983978,-0.004728065803647041,-0.0032243505120277405,0.009771233424544334,-0.002653800882399082,0.002415329683572054,0.021218206733465195,0.019408557564020157,-0.022888552397489548,-0.005972975865006447,0.021435268223285675,-0.01762356609106064,-0.0137553745880723,0.03014986589550972,0.003309031715616584,-0.01208056602627039,0.006942630745470524,-0.014287770725786686,0.0018052146770060062,0.006941279396414757,-0.010027885437011719,0.014499299228191376,0.0005705496296286583,-0.0073559037409722805,0.005069130565971136,-0.0018096491694450378,-0.04410675913095474,-0.025381533429026604,0.04432382062077522,-0.011650590226054192,-0.0351906418800354,0.04777343198657036,0.017064405605196953,-0.042230430990457535,0.00363359902985394,-0.0022072046995162964,-0.005137416068464518,0.021229051053524017,-0.011833099648356438,0.007558019831776619,0.010598435066640377,-0.021855203434824944,0.004498580936342478,0.012425034306943417,0.09789547324180603,0.08276133984327316,0.10514127463102341,0.13870708644390106,0.13829994201660156,0.11905138194561005,0.10951430350542068,0.10296346992254257,0.11296536773443222,0.11012173444032669,0.12403921037912369,0.14156952500343323,0.15413308143615723,0.1439840942621231,0.10220884531736374,0.12285389006137848,0.13111668825149536,0.10709624737501144,0.09717898815870285,-0.015134133398532867,0.007245801389217377,0.0559457466006279,0.033158667385578156,-0.019655704498291016,-0.028785638511180878,-0.016087912023067474,0.0034510642290115356,0.007158264517784119,0.011073842644691467,0.03144779056310654,0.03009387105703354,0.0024145692586898804,-0.05192423611879349,-0.02113020420074463,0.028907842934131622,-0.015757642686367035,-0.03393770009279251,-0.009917259216308594,0.022379934787750244,0.07107987999916077,0.02591286599636078,-0.07560145109891891,-0.06194430589675903,0.0035677924752235413,0.03223670274019241,0.023246176540851593,0.007622778415679932,0.024289526045322418,0.01902002841234207,-0.029033221304416656,-0.08201810717582703,-0.02354477345943451,0.08083207905292511,0.005372561514377594,-0.06284554302692413,0.005840383470058441,0.024020440876483917,0.009583523496985435,0.006849439814686775,0.01105468813329935,0.019239656627178192,0.019126875326037407,0.014173231087625027,0.01199338212609291,0.010601475834846497,0.012761174701154232,0.012126795947551727,0.01538572646677494,0.02004193142056465,0.023757006973028183,0.02073141746222973,0.010446648113429546,0.015093077905476093,0.017191585153341293,0.011469606310129166,0.009443756192922592,-0.0027340836822986603,0.0014711646363139153,0.012390216812491417,0.008072187192738056,-0.0050664255395531654,-0.007133493199944496,-0.00357175525277853,0.0007677925750613213,0.0015253201127052307,0.0026245517656207085,0.007915135473012924,0.008371280506253242,0.0006894860416650772,-0.013310358859598637,-0.005638339556753635,0.006744937039911747,-0.0036234715953469276,-0.007747828960418701,-0.0020258501172065735,0.0042052483186125755,0.015124300494790077,0.006601022556424141,-0.017456643283367157,-0.015205680392682552,0.0014946702867746353,0.007901285775005817,0.005097075365483761,0.0018567591905593872,0.0063898153603076935,0.005746728740632534,-0.007225649431347847,-0.021681640297174454,-0.006327825598418713,0.020055295899510384,0.0020148679614067078,-0.014492766000330448,0.0015976214781403542,0.005721978843212128,-0.3275861442089081,0.40313345193862915,-0.46776703000068665,-0.03673515096306801,-0.08726755529642105,-0.08216127008199692,-0.16782492399215698,0.2805650532245636,0.10548492521047592,0.16901735961437225,0.44466841220855713,0.04740070924162865,0.07105788588523865,-0.20057813823223114,0.46478933095932007,0.39646729826927185,0.026002295315265656,0.08114573359489441,-0.11697350442409515,0.7307195663452148,-0.14018088579177856,-0.43986859917640686,0.3804994821548462,-0.04542611911892891,-0.08055736869573593,0.3627263307571411,0.2733098566532135,-0.11154769361019135,0.3391834795475006,-0.12161664664745331,-0.3736105263233185,-0.24797885119915009,0.3937314450740814,0.5970454216003418,-0.438787043094635,-0.31532156467437744,-0.1429758071899414,-0.19811923801898956,-0.8709004521369934,-1.1705881357192993,0.5206803679466248,0.39444246888160706,-0.4610568583011627,0.4081524610519409,0.35386723279953003,-0.47427403926849365,0.06587362289428711,-0.010068953037261963,-0.7127940058708191,-0.12636220455169678,0.7673419713973999,0.8450242877006531,-0.832518458366394,-0.9123669862747192,0.2958112359046936,0.11720232665538788,-0.05514343082904816,4.4617438316345215,2.566899061203003,3.0243330001831055,2.5861740112304688,3.0499556064605713,3.199781656265259,2.809990644454956,3.66713285446167,2.312188148498535,2.3269636631011963,2.7897462844848633,2.333289384841919,2.7064430713653564,3.282606363296509,2.8637499809265137,2.5881261825561523,2.456712007522583,2.9599809646606445,2.7274794578552246,-1.8948447704315186,-1.437410831451416,0.01927495002746582,0.02562260627746582,0.61360764503479,-0.23996496200561523,0.46735119819641113,-0.4978024959564209,-1.3401691913604736,0.4775581359863281,0.006325721740722656,-0.08330321311950684,0.9493169784545898,0.15730690956115723,-0.6944801807403564,-0.40703797340393066,0.3718547821044922,0.2707674503326416,-0.23250150680541992,0.45743393898010254,1.9141197204589844,1.4630334377288818,0.5943326950073242,-0.26558756828308105,-0.1462564468383789,-0.25783753395080566,-1.8075203895568848,0.975360631942749,1.3464949131011963,-0.560861349105835,0.9429912567138672,0.24061012268066406,-1.6437971591949463,-0.5643448829650879,1.0663349628448486,0.6778054237365723,-0.6043562889099121,-0.5032689571380615,-11.331174850463867,9.87552261352539,8.036635398864746,-12.98692512512207,2.124837875366211,8.346073150634766,-15.336421012878418,-5.367215156555176,14.739288330078125,-1.8983120918273926,2.6653783321380615,4.826261043548584,-11.6240234375,6.662405490875244,-4.825934886932373,-3.234092950820923,9.749799728393555,-2.7220005989074707,2.4568610191345215,21.206697463989258,19.367809295654297,-22.86244773864746,-5.911797523498535,21.332998275756836,-17.461257934570312,-13.713288307189941,30.07571029663086,3.468903064727783,-12.073909759521484,6.724573135375977,-14.28940200805664,1.8361444473266602,6.798088550567627,-9.896498680114746,14.575735092163086,0.5120923519134521,-7.292938709259033,5.178861618041992,-1.838888168334961,-44.06914520263672,-25.279605865478516,44.1954460144043,-11.549460411071777,-35.046287536621094,47.53696823120117,17.182191848754883,-42.149620056152344,3.2556700706481934,-2.2154922485351562,-4.888428688049316,21.08749008178711,-11.732643127441406,7.777646541595459,10.408591270446777,-21.86867332458496,4.666769027709961,12.471799850463867,-0.023316092789173126,0.012750813737511635,0.02252049185335636,-0.02411274053156376,0.0031827474012970924,0.025032438337802887,-0.026880312711000443,-0.014568623155355453,0.025745274499058723,-0.00890833605080843,-0.009742223657667637,0.004688574466854334,-0.02749091386795044,0.009273456409573555,-0.02231348305940628,-0.026698119938373566,0.013806086033582687,0.0032806850504130125,0.015038520097732544,0.03606690466403961,0.04583658277988434,-0.036863554269075394,-0.019337743520736694,0.0491451770067215,-0.03006305918097496,-0.03960106149315834,0.052625589072704315,0.005660287104547024,-0.035487499088048935,0.013596910983324051,-0.017748691141605377,0.004584881942719221,0.005177430808544159,-0.03597157448530197,0.03611956909298897,0.029978804290294647,0.0012324340641498566,0.011757834814488888,0.009769678115844727,-0.07293045520782471,-0.06517432630062103,0.08600872755050659,-0.010725315660238266,-0.08874623477458954,0.08268864452838898,0.04526134952902794,-0.08811308443546295,0.007936623878777027,0.017738807946443558,-0.009012028574943542,0.022926121950149536,-0.04055645689368248,0.03094213828444481,0.06595037877559662,-0.03488713502883911,-0.018220968544483185,0.010525400750339031
-0.025204213336110115,-0.04470793157815933,0.0017024463741108775,-0.015113058499991894,-0.050210271030664444,-0.01534744817763567,0.001648508827202022,-0.0232020802795887,-0.0390382744371891,-0.005506283137947321,-0.008608141914010048,-0.023127637803554535,-0.017284557223320007,-0.03251555562019348,-0.008708229288458824,-0.010952707380056381,-0.030186878517270088,-0.02282857522368431,-0.0027629362884908915,-0.019503718242049217,0.026906659826636314,0.029594872146844864,-0.05191271752119064,-0.00023438967764377594,0.05185877904295921,-0.00785463210195303,-0.04068678244948387,0.017695797607302666,0.030430132523179054,-0.0176213551312685,-0.00867641530930996,-0.009387917816638947,0.008576327934861183,0.0215628482401371,-0.021478649228811264,-0.01187586784362793,0.02742394246160984,0.020065639168024063,0.04641037806868553,0.04909858852624893,-0.0788193792104721,-0.02982926182448864,0.10377149283885956,-0.007620242424309254,-0.09254556149244308,0.02555042877793312,0.07111691683530807,-0.03531715273857117,-0.039106547832489014,0.008233437314629555,0.017252743244171143,0.030950766056776047,-0.030054977163672447,-0.03343871608376503,0.048902593553066254,0.03194150701165199,-0.007358303293585777,0.08624298125505447,0.08965751528739929,0.07869145274162292,0.07398846000432968,0.08877093344926834,0.07704388350248337,0.049335777759552,0.06410343945026398,0.07826259732246399,0.06364299356937408,0.07349537312984467,0.08086813241243362,0.06935487687587738,0.06756268441677094,0.05604017153382301,0.05652124434709549,0.05630325898528099,0.050886765122413635,0.05351647362112999,0.003414534032344818,-0.007551528513431549,-0.01566905528306961,0.010079480707645416,0.0030554234981536865,-0.03943515568971634,-0.012940444052219391,0.028926819562911987,-0.0004604458808898926,-0.004767224192619324,0.01722513884305954,-0.004140496253967285,-0.01330544799566269,-0.013314705342054367,-0.011041440069675446,0.0002630874514579773,-0.005634479224681854,-0.002786785364151001,0.0026297084987163544,-0.010966062545776367,-0.01908358931541443,0.017631009221076965,0.018724478781223297,-0.049514636397361755,-0.015995867550373077,0.06836197525262833,0.012479998171329498,-0.03369404375553131,0.017685584723949432,0.0006267279386520386,-0.03053058683872223,-0.009174209088087082,0.0022640079259872437,0.013577792793512344,0.005406960844993591,-0.0030498728156089783,0.008264187723398209,0.005416493862867355,0.21628350019454956,0.21628350019454956,0.18047712743282318,0.18047712743282318,0.2416374683380127,0.2416374683380127,0.1649067997932434,0.1649067997932434,0.1384839415550232,0.18204951286315918,0.18204951286315918,0.16550782322883606,0.16550782322883606,0.14399272203445435,0.21051083505153656,0.21051083505153656,0.15189088881015778,0.11298856139183044,0.13980312645435333,0.0,-0.03580637276172638,-0.03580637276172638,0.061160340905189514,0.061160340905189514,-0.07673066854476929,-0.07673066854476929,-0.026422858238220215,0.01714271306991577,0.043565571308135986,-0.01654168963432312,-0.01654168963432312,-0.021515101194381714,0.0450030118227005,0.06651811301708221,-0.058619946241378784,-0.09752227365970612,-0.012087762355804443,0.026814565062522888,-0.03580637276172638,-0.03580637276172638,0.0969667136669159,0.0969667136669159,-0.1378910094499588,-0.1378910094499588,0.05030781030654907,0.09387338161468506,0.0699884295463562,-0.03368440270423889,-0.060107260942459106,-0.004973411560058594,0.06154470145702362,0.08803321421146393,-0.10362295806407928,-0.16404038667678833,0.04653218388557434,0.124336838722229,0.03890232741832733,0.21861635148525238,0.24215134978294373,0.24215134978294373,0.22890974581241608,0.27299565076828003,0.27299565076828003,0.16611087322235107,0.2554834187030792,0.2554834187030792,0.18936946988105774,0.25930047035217285,0.25930047035217285,0.256161630153656,0.19253060221672058,0.21051083505153656,0.21051083505153656,0.19078411161899567,0.19138555228710175,0.19138555228710175,0.023534998297691345,0.023534998297691345,-0.013241603970527649,0.030844300985336304,0.04408590495586395,-0.10688477754592896,-0.017512232065200806,0.08937254548072815,-0.06611394882202148,0.003817051649093628,0.06993100047111511,-0.0031388401985168457,-0.06676986813545227,-0.045650795102119446,0.01798023283481598,-0.019726723432540894,-0.019125282764434814,0.0006014406681060791,0.0,0.0,-0.036776602268218994,0.0073093026876449585,0.0573275089263916,-0.13772907853126526,-0.06159813702106476,0.1962573230266571,-0.04860171675682068,-0.08555549383163452,0.1360449492931366,-0.006955891847610474,-0.13670086860656738,-0.0425119549036026,0.08475010097026825,0.025924071669578552,-0.03710551559925079,0.020328164100646973,0.019125282764434814,-0.0006014406681060791,-0.21861635148525238,-0.24215134978294373,-0.24215134978294373,-0.22890974581241608,-0.27299565076828003,-0.27299565076828003,-0.16611087322235107,-0.2554834187030792,-0.2554834187030792,-0.18936946988105774,-0.25930047035217285,-0.25930047035217285,-0.256161630153656,-0.19253060221672058,-0.19253060221672058,-0.19078411161899567,-0.19078411161899567,-0.19138555228710175,-0.19138555228710175,-0.023534998297691345,-0.023534998297691345,0.013241603970527649,-0.030844300985336304,-0.04408590495586395,0.10688477754592896,0.017512232065200806,-0.08937254548072815,0.06611394882202148,-0.003817051649093628,-0.06993100047111511,0.0031388401985168457,0.06676986813545227,0.06363102793693542,0.0017464905977249146,0.0017464905977249146,-0.0006014406681060791,-0.0006014406681060791,0.0,0.0,0.036776602268218994,-0.0073093026876449585,-0.0573275089263916,0.13772907853126526,0.06159813702106476,-0.1962573230266571,0.04860171675682068,0.08555549383163452,-0.1360449492931366,0.006955891847610474,0.13670086860656738,0.06049218773841858,-0.06502337753772736,-0.06188453733921051,-0.0023479312658309937,-0.0023479312658309937,0.0006014406681060791,0.0006014406681060791,0.00021585985086858273,0.00029454100877046585,0.00029454100877046585,0.0007461030036211014,4.034861922264099e-05,4.034861922264099e-05,0.00013006960216443986,0.00013006960216443986,0.00014926772564649582,8.451752364635468e-06,8.451752364635468e-06,0.0001781955361366272,0.00011363904923200607,6.715254858136177e-05,6.715254858136177e-05,4.508392885327339e-05,2.9112212359905243e-05,2.9112212359905243e-05,0.0,7.868115790188313e-05,7.868115790188313e-05,0.00045156199485063553,-0.00025419238954782486,-0.0007057543843984604,8.972098294179887e-05,8.972098294179887e-05,1.9198123482055962e-05,-0.00012161784979980439,-0.00014081597328186035,0.00016974378377199173,0.0001051872968673706,-0.00011104298755526543,-4.64865006506443e-05,-2.206861972808838e-05,-3.804033622145653e-05,-1.597171649336815e-05,-2.9112212359905243e-05,-2.9112212359905243e-05,0.0,0.0003728808369487524,-0.000332873547449708,-0.001157316379249096,0.00034391338704153895,0.0007954753818921745,-7.05228594597429e-05,-0.00021133883274160326,-0.00016001409676391631,0.00029136164812371135,0.00024600327014923096,-0.00028078677132725716,-0.0001516737975180149,8.897436782717705e-05,8.446164429187775e-06,6.09690323472023e-06,8.928123861551285e-06,-1.3140495866537094e-05,0.0,-0.00233285129070282,-0.025867849588394165,-0.061674222350120544,-0.048432618379592896,-0.031358182430267334,-0.031358182430267334,-0.001204073429107666,-0.09057661890983582,-0.11699947714805603,-0.00731995701789856,-0.07725095748901367,-0.09379264712333679,-0.09065380692481995,-0.048537880182266235,0.01798023283481598,0.019726723432540894,-0.03889322280883789,-0.0783969908952713,-0.05158242583274841,-0.023534998297691345,-0.059341371059417725,-0.02256476879119873,0.03031603991985321,0.01707443594932556,0.030154109001159668,-0.05921843647956848,-0.11579540371894836,0.08325666189193726,0.03974851965904236,-0.08647269010543823,-0.013402849435806274,0.04525476694107056,0.10863403975963593,0.06826460361480713,-0.05687345564365387,-0.0981237143278122,-0.012689203023910522,0.026814565062522888,-0.03580637276172638,0.0009702295064926147,0.08965741097927094,0.03963920474052429,-0.00016193091869354248,-0.07629287242889404,-0.14594951272010803,0.14247509837150574,0.15554392337799072,-0.1697293519973755,-0.05315136909484863,0.1317274570465088,0.1220368891954422,0.023009836673736572,-0.1655074954032898,-0.16638831794261932,0.04418425261974335,0.12493827939033508,0.03950376808643341,0.43489986658096313,0.4584348499774933,0.4226284623146057,0.40938687324523926,0.5146331191062927,0.5146331191062927,0.3310176730155945,0.42039021849632263,0.3939673602581024,0.3714189827442169,0.44134998321533203,0.4248082935810089,0.42166945338249207,0.3365233242511749,0.40304142236709595,0.4012949466705322,0.34267500042915344,0.304374098777771,0.3311886787414551,0.02353498339653015,-0.012271404266357422,-0.04904797673225403,0.09200465679168701,0.10524624586105347,-0.18361544609069824,-0.09424290060997009,0.06294968724250793,-0.04897123575210571,0.047382622957229614,0.05338931083679199,-0.019680529832839966,-0.08828496932983398,-0.018628031015396118,0.0647716224193573,-0.060366421937942505,-0.09692084789276123,-0.011486321687698364,0.026814579963684082,-0.03580638766288757,-0.07258296012878418,0.10427606105804443,0.1542942225933075,-0.27562010288238525,-0.19948914647102356,0.24656513333320618,0.04527166485786438,-0.01556706428527832,0.1023605465888977,-0.06706315279006958,-0.14167428016662598,0.0010524988174438477,0.15305659174919128,-0.04173839092254639,-0.16169247031211853,0.04888010025024414,0.12373542785644531,0.038300901651382446,0.23661674559116364,0.23242929577827454,0.20780028402805328,0.21182037889957428,0.25909629464149475,0.2723291516304016,0.23014594614505768,0.1982974112033844,0.1575886309146881,0.22759395837783813,0.20543456077575684,0.18154126405715942,0.19839265942573547,0.17755457758903503,0.2734677493572235,0.26981407403945923,0.20114557445049286,0.16006503999233246,0.19302494823932648,-0.004187449812889099,-0.02881646156311035,-0.020608916878700256,0.05129601061344147,0.06050877273082733,-0.028950348496437073,-0.07403174042701721,-0.07255731523036957,0.029296547174453735,0.047845929861068726,-0.04605269432067871,-0.007041901350021362,-0.00398668646812439,0.07507508993148804,0.0922594964504242,-0.07232217490673065,-0.10974903404712677,-0.008120626211166382,0.03295990824699402,-0.024629011750221252,-0.016421467065811157,0.08011247217655182,0.08111768960952759,-0.08024635910987854,-0.13454051315784454,-0.043606966733932495,0.10332828760147095,0.1204032450914383,-0.07534924149513245,-0.05488783121109009,0.04206600785255432,0.0821169912815094,0.09624618291854858,-0.1473972648382187,-0.20200853049755096,0.06420154869556427,0.1427089422941208,0.0410805344581604,0.020725790411233902,0.06279633194208145,0.14553961157798767,0.035442329943180084,0.10169928520917892,0.015442244708538055,0.0560893751680851,0.09996173530817032,0.01561531238257885,0.11675337702035904,0.07552599161863327,0.0001781955361366272,0.256161630153656,0.036429669708013535,0.01591617800295353,0.005837404169142246,0.007835475727915764,0.04803895950317383,0.048626840114593506,0.04207054153084755,0.12481382489204407,-0.027354001998901367,-0.043840326368808746,-0.02000008523464203,-0.045609910041093826,0.08451949059963226,-0.0404740646481514,0.01679164171218872,0.05991067737340927,-0.11657518148422241,0.18063563108444214,0.03625147417187691,-0.24024544656276703,-0.030592266470193863,-0.008080702275037766,0.042201556265354156,0.04079136252403259,0.0005878806114196777,0.08274328708648682,-0.06942453980445862,-0.16865414381027222,0.007353916764259338,-0.00176958367228508,0.10451957583427429,0.005135845392942429,-0.06772784888744354,0.10038474202156067,-0.13336682319641113,0.12072495371103287,0.15282665193080902,-0.42088109254837036,-0.06684374064207077,0.23216474056243896,0.07279382646083832,0.04887206479907036,-0.04161367565393448,-0.040203481912612915,0.28819188475608826,0.3095281720161438,0.234895259141922,0.2175643891096115,0.3123074173927307,0.255888432264328,0.1088205873966217,0.19744957983493805,0.24618878960609436,0.16899946331977844,0.25458580255508423,0.28519561886787415,0.1999594271183014,0.17856848239898682,0.1449584811925888,0.15297117829322815,0.13423171639442444,0.1024995893239975,0.11360146850347519,0.021336287260055542,-0.05329662561416626,-0.09196378290653229,0.07741215825080872,0.03832404315471649,-0.203486829996109,-0.058438852429389954,0.13736820220947266,-0.028450116515159607,0.008397012948989868,0.1161961555480957,-0.05462637543678284,-0.10662713646888733,-0.055000945925712585,-0.025597304105758667,-0.010726764798164368,-0.05047158896923065,-0.02063024789094925,0.011101879179477692,-0.0746329128742218,-0.11330007016658783,0.13070878386497498,0.13028782606124878,-0.2808989882469177,-0.09676289558410645,0.34085503220558167,0.029988735914230347,-0.1289711892604828,0.1446462720632553,-0.0630233883857727,-0.22282329201698303,-0.00037457048892974854,0.08102983236312866,0.04427418112754822,-0.024874284863471985,-0.009903483092784882,0.061573468148708344,0.03173212707042694,0.0003134417929686606,-0.00015649618580937386,0.000551382196135819,-2.3057555154082365e-05,0.0003563232021406293,0.000276493898127228,0.00010417807789053768,0.0005105083109810948,0.00013492653670255095,0.00026435026666149497,0.00081002147635445,6.85642080497928e-05,0.0006188087863847613,3.444273170316592e-05,-1.8323849872103892e-05,8.56131300679408e-05,0.00010366755304858088,7.23394550732337e-05,0.0001015765083138831,-0.00046993797877803445,0.00023794040316715837,0.0001334386324742809,-0.00019505899399518967,0.0002995514660142362,-0.0002521451096981764,0.00023401441285386682,3.074845881201327e-05,-0.00024615804431959987,0.0006750949542038143,-0.0001957860658876598,-0.00019121268996968865,-3.412147634662688e-05,-0.0006371326162479818,5.117039836477488e-05,0.00012199140473967418,-1.3273674994707108e-05,-2.091044734697789e-06,2.9237053240649402e-05,0.0007078783819451928,0.0006033765967004001,-0.00043299939716234803,0.00016611283353995532,-5.708611570298672e-05,-6.55370531603694e-05,0.00028289356851018965,-0.0004801724571734667,0.0006443464662879705,5.037197843194008e-05,-0.0008663076441735029,0.0001616645895410329,-0.00044591992627829313,8.529187471140176e-05,0.0007591239991597831,-6.444407335948199e-05,-0.00012408244947437197,4.251072823535651e-05,3.132809797534719e-05,-1827659.125,-2026541.75,-1517692.5,-1386563.0,-2036135.0,-1563669.125,-593025.1875,-1220463.125,-1582866.375,-1040195.75,-1598495.25,-1897336.0,-1225206.25,-1069827.375,-836068.375,-864146.5625,-755597.125,-565795.375,-644801.875,-198882.625,309966.625,639978.75,-518442.5,-177106.125,1443109.75,343206.0,-989841.1875,180267.375,-15628.875,-857140.25,373289.0,827508.625,389137.875,205680.8125,80471.25,298351.1875,110795.25,-79006.5,508849.25,838861.375,-828409.125,-817084.875,1961552.25,520312.125,-2432951.0,-162938.625,974212.3125,-1037407.625,388917.875,1684648.875,15848.875,-621827.8125,-308666.625,92670.375,30324.0,-377357.6875,-189801.75,8.93288688530447e-06,1.1391327461751644e-05,5.903707460674923e-06,5.486105237650918e-06,1.689282726147212e-05,1.3284933629620355e-05,9.713210147310747e-07,8.41771634441102e-06,9.341923941974528e-06,2.7124688131152652e-06,1.4849545550532639e-05,1.789032103260979e-05,5.588484782492742e-06,2.432592509649112e-06,2.7410626444179798e-06,3.1649160519009456e-06,1.8855364487535553e-06,9.132904210673587e-07,9.990400258175214e-07,2.458440576447174e-06,-3.0291794246295467e-06,-5.905222224100726e-06,1.0989119800797198e-05,7.798827937222086e-06,-1.5921506928862073e-05,-4.867217285209335e-06,8.370602699869778e-06,-5.705247531295754e-06,5.507621608558111e-06,1.5177852219494525e-05,-9.261060768039897e-06,-1.5457728295587003e-05,-2.847422138074762e-06,7.323235422518337e-07,-8.555261956644244e-07,-2.251625573990168e-06,-8.864964229360339e-07,8.574960475016269e-08,-5.487620001076721e-06,-8.363662345800549e-06,1.4018299225426745e-05,1.370404970657546e-05,-2.6910627639153972e-05,-1.2666045222431421e-05,2.429210871923715e-05,-8.380302460864186e-07,-2.862981091311667e-06,2.088310066028498e-05,-1.4768682376598008e-05,-3.063557960558683e-05,6.4136384025914595e-06,1.619005161046516e-05,1.9918959424103377e-06,-2.9839491162420018e-06,-3.0970227271609474e-08,2.3373752355837496e-06,9.722459708427778e-07,-0.01258143037557602,-0.022484811022877693,0.0009774225763976574,-0.007593412417918444,-0.025123268365859985,-0.007641281466931105,0.0008521020645275712,-0.011532692238688469,-0.01956644281744957,-0.002704615704715252,-0.004154243040829897,-0.011593424715101719,-0.008554401807487011,-0.016315031796693802,-0.00437628198415041,-0.005477877799421549,-0.015128716826438904,-0.011443044990301132,-0.0013626745203509927,-0.009903380647301674,0.013558853417634964,0.014891399070620537,-0.02610069140791893,-4.786904901266098e-05,0.025975370779633522,-0.0038914107717573643,-0.020418545231223106,0.008828076533973217,0.01541220024228096,-0.008888809010386467,-0.004400158766657114,-0.004721607081592083,0.004178119823336601,0.01083715446293354,-0.010752434842288494,-0.005965167190879583,0.013766041956841946,0.010080370120704174,0.023462234064936638,0.02479477971792221,-0.039659544825553894,-0.014939268119633198,0.0520760640501976,-0.0038435417227447033,-0.04639391601085663,0.012719487771391869,0.03583074361085892,-0.01771688461303711,-0.019812358543276787,0.004167201928794384,0.008578278124332428,0.015558761544525623,-0.014930554665625095,-0.01680232211947441,0.02451847679913044,0.01604553684592247,-0.0036856718361377716,0.1014540046453476,0.09867017716169357,0.09436794370412827,0.08956609666347504,0.09652921557426453,0.09730538725852966,0.06421997398138046,0.08335886895656586,0.08837121725082397,0.07986725866794586,0.09788106381893158,0.101389579474926,0.08534599095582962,0.0755823403596878,0.0736304521560669,0.075373075902462,0.06463403254747391,0.058008842170238495,0.0655788704752922,-0.002783827483654022,-0.00708606094121933,-0.009104080498218536,0.002161271870136261,0.0077392905950546265,-0.032309241592884064,-0.013946518301963806,0.024151243269443512,-0.003491610288619995,0.009509846568107605,0.021522320806980133,-0.01253507286310196,-0.02580723911523819,-0.011715538799762726,-0.00020926445722579956,-0.008996419608592987,-0.01736423373222351,0.0009448379278182983,0.007570028305053711,-0.004302233457565308,-0.006320253014564514,0.00924733281135559,0.016843371093273163,-0.034470513463020325,-0.021685808897018433,0.056460484862327576,0.010454908013343811,-0.014641396701335907,0.025013931095600128,-0.022044919431209564,-0.04732955992221832,0.0008195340633392334,0.02559797465801239,0.0027191191911697388,-0.01715496927499771,0.009941257536411285,0.02493426203727722,0.006625190377235413,0.01029291469603777,0.009735804051160812,0.00890530925244093,0.008022085763514042,0.009317888878285885,0.009468338452279568,0.004124205093830824,0.00694870064035058,0.007809472270309925,0.006378778722137213,0.009580702520906925,0.010279846377670765,0.007283938582986593,0.0057126902975142,0.005421443376690149,0.005681100767105818,0.004177557770162821,0.003365025855600834,0.004300587810575962,-0.0005571106448769569,-0.00138760544359684,-0.0017137182876467705,0.00041257962584495544,0.0014462526887655258,-0.005193683784455061,-0.0025196378119289875,0.003685267176479101,-0.0005699219182133675,0.0017712302505970001,0.003901067655533552,-0.002296763937920332,-0.004567156080156565,-0.001862495206296444,-3.1589530408382416e-05,-0.0012438856065273285,-0.002316074911504984,0.00012303004041314125,0.0009355619549751282,-0.000830494798719883,-0.0011566076427698135,0.0018001850694417953,0.0031599709764122963,-0.005606263410300016,-0.003965890500694513,0.008878950960934162,0.00194971589371562,-0.001914036925882101,0.00447098957374692,-0.004067994188517332,-0.008468223735690117,0.000434268731623888,0.004535566549748182,0.0006186095997691154,-0.0022844853810966015,0.0013669156469404697,0.003251636866480112,0.0008125319145619869,0.021659662947058678,0.14642147719860077,-0.23375587165355682,0.04859691485762596,0.31168830394744873,-0.23611684143543243,-0.25574353337287903,-0.5660943388938904,-0.22628188133239746,-0.07785060256719589,-0.6517977714538574,-0.5385428667068481,-0.21993982791900635,0.14591264724731445,0.2075575739145279,0.1645740270614624,-0.02416042797267437,0.008908947929739952,-0.23892465233802795,0.12476181238889694,-0.25541552901268005,-0.09782455861568451,0.5454441905021667,-0.2847137451171875,-0.5674318075180054,-0.32997751235961914,0.029461652040481567,0.4882437288761139,-0.42551589012145996,-0.46069225668907166,0.4318579435348511,0.6844555139541626,0.42749738693237305,0.01866137981414795,-0.2317180037498474,-0.1556650847196579,-0.21476422250270844,-0.24783359467983246,-0.3801773488521576,-0.22258636355400085,0.8008596897125244,-0.186889186501503,-1.1128759384155273,-0.04526376724243164,0.5968934297561646,0.8182212114334106,-0.45497754216194153,-0.9489359855651855,0.857373833656311,1.1451478004455566,-0.004360556602478027,-0.6657941341400146,-0.6592153906822205,-0.17432646453380585,0.016953781247138977,-0.09216850996017456,-0.03306937217712402,2.262505531311035,2.3680002689361572,2.38643217086792,2.6245477199554443,3.247645139694214,2.9331305027008057,3.188835382461548,3.2213213443756104,2.3898158073425293,2.7191200256347656,3.199878454208374,2.7205562591552734,2.7213497161865234,2.485884428024292,3.4927279949188232,3.585793972015381,3.271932601928711,3.0232532024383545,2.700869083404541,0.10549473762512207,0.12392663955688477,0.2565474510192871,0.861212968826294,0.30858278274536133,-0.058809757232666016,0.2881908416748047,-0.7990195751190186,-0.5022013187408447,0.8100626468658447,0.0014362335205078125,-0.4785287380218506,-0.23467183113098145,0.7713782787322998,1.0999095439910889,-0.2207953929901123,-0.5625407695770264,-0.5710635185241699,-0.3223841190338135,0.018431901931762695,0.15105271339416504,0.7372863292694092,0.05203533172607422,-0.92002272605896,-0.02039194107055664,-0.7402098178863525,-0.7903921604156494,1.6090822219848633,0.5036375522613525,-1.2885913848876953,-0.23610806465148926,1.2499070167541504,1.3345813751220703,-0.9921736717224121,-1.6624503135681152,-0.3502681255340576,0.2401566505432129,0.24867939949035645,-12.652515411376953,-22.443382263183594,0.8546280860900879,-7.586755275726318,-25.205556869506836,-7.704419136047363,0.8275514245033264,-11.647444725036621,-19.597213745117188,-2.7641541957855225,-4.321287155151367,-11.610074043273926,-8.676847457885742,-16.32280921936035,-4.371531009674072,-5.4982590675354,-15.153813362121582,-11.459944725036621,-1.3869940042495728,-9.79086685180664,13.507143020629883,14.856626510620117,-26.060184478759766,-0.11766386032104492,26.03310775756836,-3.943025588989258,-20.42476463317871,8.88329029083252,15.27592658996582,-8.845919609069824,-4.355560302734375,-4.712735176086426,4.30531644821167,10.82455062866211,-10.782281875610352,-5.961685657501221,13.76681900024414,10.07295036315918,23.298009872436523,24.647493362426758,-39.56732940673828,-14.97429084777832,52.093292236328125,-3.825361728668213,-46.45787048339844,12.826315879821777,35.70069122314453,-17.729209899902344,-19.631486892700195,4.133184432983398,8.660877227783203,15.537285804748535,-15.08759880065918,-16.786235809326172,24.549100875854492,16.034635543823242,-3.693868637084961,-0.022718224674463272,-0.0466737262904644,0.004793757572770119,-0.020975351333618164,-0.05849999934434891,-0.007404920645058155,-0.00018513025133870542,-0.011145612224936485,-0.03899566829204559,-0.005685602314770222,0.0026185656897723675,-0.01141953095793724,-0.01792014390230179,-0.03681150823831558,-0.010024252347648144,-0.010832427069544792,-0.03113410994410515,-0.026705119758844376,0.0007054222514852881,-0.02395550161600113,0.02751198224723339,0.025698374956846237,-0.06329375505447388,0.013570430688560009,0.058314867317676544,-0.0037406915798783302,-0.03881053626537323,0.005460009910166264,0.04161423444747925,-0.005733928643167019,-0.020538710057735443,-0.02539197728037834,0.007895891554653645,0.02597908116877079,-0.02110985666513443,-0.015872692689299583,0.031839530915021896,0.027410542592406273,0.05146748572587967,0.049653876572847366,-0.09080573916435242,-0.012127944268286228,0.12160862237215042,-0.01731112226843834,-0.09712540358304977,0.009200701490044594,0.08042477071285248,-0.011193938553333282,-0.06215294450521469,-0.019658047705888748,0.028434600681066513,0.05137106031179428,-0.0290057472884655,-0.041851773858070374,0.052949387580156326,0.043283235281705856,-0.0044289883226156235
0.009974226355552673,0.005274312105029821,0.007829362526535988,-0.0016443529166281223,0.027189746499061584,0.00440273666754365,-0.015884803608059883,0.03237977623939514,0.02454870194196701,-0.0018529434455558658,0.010721065104007721,0.01508728601038456,-0.007690603844821453,0.021587124094367027,0.01740199513733387,-0.028288090601563454,0.05632084608078003,0.03752022236585617,-0.03330078348517418,-0.004699914250522852,-0.0021448638290166855,-0.006918665021657944,0.019360383972525597,0.006047089584171772,-0.04307454824447632,0.02797704003751278,0.040433503687381744,-0.034232720732688904,-0.01382763683795929,0.016940228641033173,-0.01841166988015175,0.006499838083982468,0.02509259805083275,-0.04987521469593048,0.03891885280609131,0.06580831110477448,-0.0896216332912445,-0.07082100212574005,0.0025550504215061665,-0.0022187507711350918,0.021505247801542282,0.012965754605829716,-0.062434934079647064,0.021929949522018433,0.08350805193185806,-0.06220976263284683,-0.054261140525341034,0.051172949373722076,-0.004584033042192459,-0.010440390557050705,0.0435042679309845,-0.05637505277991295,0.01382625475525856,0.11568352580070496,-0.12854048609733582,-0.13662931323051453,0.018800631165504456,0.15322645008563995,0.13687507808208466,0.15639245510101318,0.1912066787481308,0.17957301437854767,0.14848469197750092,0.16963987052440643,0.17099425196647644,0.16002488136291504,0.19955670833587646,0.23592904210090637,0.21034817397594452,0.17977330088615417,0.20828334987163544,0.21545001864433289,0.2176445722579956,0.21189406514167786,0.19949737191200256,0.22701813280582428,-0.016351372003555298,0.00316600501537323,0.05433160066604614,0.023180559277534485,-0.04272198677062988,-0.009933143854141235,0.022509559988975525,-0.009614989161491394,0.028562456369400024,0.07590416073799133,0.010791465640068054,-0.0561557412147522,-0.002064824104309082,0.03567671775817871,0.009361222386360168,-0.0035559535026550293,-0.018147200345993042,0.015124067664146423,0.027520760893821716,0.019517377018928528,0.07068297266960144,0.020014554262161255,-0.09705358743667603,-0.03311370313167572,0.06523154675960541,0.0003181546926498413,0.0060528963804244995,0.08551914989948273,-0.01777099072933197,-0.13205990195274353,-0.012856289744377136,0.09183245897293091,0.01142604649066925,-0.03923267126083374,-0.02750842273235321,0.018680021166801453,0.04566796123981476,0.012396693229675293,0.6641548871994019,0.37383121252059937,0.37383121252059937,0.46510663628578186,0.5417514443397522,0.5417514443397522,0.6273132562637329,0.6273132562637329,0.600579559803009,0.48340556025505066,0.6261033415794373,0.6261033415794373,0.5825724601745605,0.5825724601745605,0.5936464667320251,0.6328229904174805,0.6328229904174805,0.5661672949790955,0.5992630124092102,-0.2903236746788025,-0.2903236746788025,0.0912754237651825,0.16792023181915283,0.07664480805397034,0.08556181192398071,0.08556181192398071,-0.026733696460723877,-0.14390769600868225,0.025523781776428223,0.1426977813243866,-0.04353088140487671,-0.04353088140487671,0.0110740065574646,0.05025053024291992,0.03917652368545532,-0.06665569543838501,-0.033559978008270264,0.033095717430114746,0.0,0.381599098443985,0.4582439064979553,-0.014630615711212158,-0.08235841989517212,0.008917003870010376,-0.11229550838470459,-0.22946950793266296,0.0522574782371521,0.28660547733306885,-0.06905466318130493,-0.1862286627292633,0.05460488796234131,0.09378141164779663,0.028102517127990723,-0.11690622568130493,-0.07273650169372559,0.09975141286849976,0.06665569543838501,0.6641548871994019,0.47551068663597107,0.492689847946167,0.492689847946167,0.5417514443397522,0.5417514443397522,0.6273132562637329,0.6273132562637329,0.600579559803009,0.6263065934181213,0.7479928731918335,0.7479928731918335,0.5825724601745605,0.5825724601745605,0.5936464667320251,0.6328229904174805,0.6328229904174805,0.5661672949790955,0.7571261525154114,-0.1886442005634308,-0.17146503925323486,0.017179161310195923,0.049061596393585205,0.049061596393585205,0.08556181192398071,0.08556181192398071,-0.026733696460723877,-0.0010066628456115723,0.14741331338882446,0.12168627977371216,-0.16542041301727295,-0.16542041301727295,0.0110740065574646,0.05025053024291992,0.03917652368545532,-0.06665569543838501,0.12430316209793091,0.19095885753631592,0.017179161310195923,0.2058233618736267,0.22052663564682007,0.03188243508338928,0.03650021553039551,0.03650021553039551,-0.11229550838470459,-0.08656847476959229,0.17414700984954834,0.12269294261932373,-0.3128337264060974,-0.2871066927909851,0.17649441957473755,0.21567094326019287,0.028102517127990723,-0.11690622568130493,0.08512663841247559,0.2576145529747009,0.06665569543838501,-0.39917364716529846,-0.47551068663597107,-0.492689847946167,-0.492689847946167,-0.40585994720458984,-0.40134087204933167,-0.6095974445343018,-0.6095974445343018,-0.5282525420188904,-0.6263065934181213,-0.7479928731918335,-0.7479928731918335,-0.444760262966156,-0.444760262966156,-0.4862874150276184,-0.5990491509437561,-0.5990491509437561,-0.5161933302879333,-0.7571261525154114,-0.07633703947067261,-0.09351620078086853,-0.017179161310195923,0.08682990074157715,0.09134897589683533,-0.20373749732971191,-0.2082565724849701,0.08134490251541138,-0.01670914888381958,-0.21974033117294312,-0.12168627977371216,0.3032326102256775,0.3032326102256775,-0.0415271520614624,-0.1542888879776001,-0.1127617359161377,0.08285582065582275,-0.15807700157165527,-0.24093282222747803,-0.017179161310195923,0.059157878160476685,0.18034610152244568,0.10852813720703125,-0.29056739807128906,-0.2996055483818054,0.2850823998451233,0.1915474236011505,-0.3010852336883545,-0.10497713088989258,0.5229729413986206,0.42491888999938965,-0.3447597622871399,-0.4575214982032776,-0.07123458385467529,0.23714470863342285,-0.04531526565551758,-0.3237886428833008,-0.08285582065582275,0.00011919031385332346,0.0007537505589425564,0.0007537505589425564,0.0002437196671962738,0.00015437882393598557,0.00015437882393598557,0.00033686915412545204,0.0008051544427871704,0.0008051544427871704,0.000971849774941802,0.000971849774941802,0.0003238338977098465,0.0003238338977098465,0.00014087767340242863,0.00014087767340242863,0.00154842808842659,0.0023920894600450993,0.00045595457777380943,0.0,0.0006345602450892329,0.0006345602450892329,-0.0005100308917462826,-0.0005993717350065708,-8.934084326028824e-05,0.00018249033018946648,0.0006507756188511848,0.00046828528866171837,0.00016669533215463161,0.00016669533215463161,-0.0006480158772319555,-0.0006480158772319555,-0.00018295622430741787,-0.00018295622430741787,0.0014075504150241613,0.0022512117866426706,-0.0010924735106527805,-0.0023920894600450993,-0.00045595457777380943,0.0,-0.0011445911368355155,-0.0012339319800958037,0.00042069004848599434,0.0007818620651960373,0.0007401164621114731,0.0002857949584722519,-0.00048408028669655323,-0.00030158995650708675,-0.0008147112093865871,-0.0008147112093865871,0.00046505965292453766,0.00046505965292453766,0.0015905066393315792,0.0024341680109500885,-0.002500023925676942,-0.0046433014795184135,0.0006365189328789711,0.0019361348822712898,0.2649812400341034,-0.1016794741153717,-0.11885863542556763,-0.027583211660385132,0.13589149713516235,0.14041057229042053,0.017715811729431152,0.017715811729431152,0.07232701778411865,-0.14290103316307068,-0.12188953161239624,-0.12188953161239624,0.13781219720840454,0.13781219720840454,0.10735905170440674,0.033773839473724365,0.033773839473724365,0.04997396469116211,-0.15786314010620117,-0.3666607141494751,-0.383839875459671,0.07409626245498657,0.25475013256073,0.16799378395080566,-0.1181756854057312,-0.12269476056098938,0.0546112060546875,-0.16061684489250183,-0.1942165493965149,0.02101150155067444,0.2597017288208008,0.2597017288208008,-0.030453145503997803,-0.10403835773468018,-0.07358521223068237,0.016200125217437744,-0.19163697957992554,-0.20783710479736328,-0.017179161310195923,0.44075697660446167,0.6385899782180786,0.09389752149581909,-0.3729258179664612,-0.29068854451179504,0.1727868914604187,-0.03792208433151245,-0.2488277554512024,0.18162834644317627,0.4539182782173157,0.23869022727012634,-0.2901548743247986,-0.36374008655548096,-0.04313206672668457,0.12023848295211792,-0.11805176734924316,-0.22403723001480103,-0.016200125217437744,1.063328504562378,0.849341869354248,0.8665210604667664,0.9577964544296265,0.947611391544342,0.9430923461914062,1.2369107007980347,1.2369107007980347,1.1288321018218994,1.1097121238708496,1.374096155166626,1.374096155166626,1.0273327827453613,1.0273327827453613,1.0799338817596436,1.2318720817565918,1.2318720817565918,1.0823606252670288,1.3563891649246216,-0.21398663520812988,-0.19680744409561157,0.10845458507537842,0.08109033107757568,-0.014704108238220215,0.2892993092536926,0.2938183546066284,-0.10807859897613525,-0.12719857692718506,0.24526405334472656,0.26438403129577637,-0.34676337242126465,-0.34676337242126465,0.05260109901428223,0.20453929901123047,0.15193819999694824,-0.149511456489563,0.12451708316802979,0.2740285396575928,0.01717919111251831,0.3224412202835083,0.27789777517318726,-0.12315869331359863,0.20820897817611694,0.30852246284484863,-0.3973779082298279,-0.4210169315338135,0.3533426523208618,0.3915826082229614,-0.5920274257659912,-0.611147403717041,0.3993644714355469,0.5513026714324951,0.09933710098266602,-0.35405075550079346,-0.027421116828918457,0.42353999614715576,0.149511456489563,0.5335075855255127,0.317411869764328,0.3017598092556,0.3465321660041809,0.4107237160205841,0.445018470287323,0.4776868224143982,0.4713161885738373,0.47081083059310913,0.34746918082237244,0.414542019367218,0.43386566638946533,0.4407835304737091,0.41302579641342163,0.4146655201911926,0.43688488006591797,0.4406590461730957,0.41058579087257385,0.4045218825340271,-0.2160957157611847,-0.23174777626991272,0.029120296239852905,0.10896390676498413,0.09848630428314209,0.06696310639381409,0.026297718286514282,-0.0068759918212890625,-0.12384700775146484,-0.05626881122589111,0.0863964855670929,0.02624151110649109,-0.0208398699760437,-0.02611801028251648,0.023859083652496338,0.025993525981903076,-0.026299089193344116,-0.036137163639068604,-0.006063908338546753,-0.015652060508728027,0.2452160120010376,0.34071168303489685,0.06936600804328918,-0.042000800371170044,-0.07218858599662781,-0.07383909821510315,-0.15014472603797913,-0.04939281940460205,0.21024349331855774,0.0825103223323822,-0.1072363555431366,-0.05235952138900757,0.04469895362854004,0.052111536264419556,-0.050158172845840454,-0.06213068962097168,0.020235180854797363,0.03007325530052185,0.14997498691082,0.2937944531440735,0.3183329701423645,0.2698766887187958,0.011615454219281673,0.029770828783512115,0.08719603717327118,0.02529129944741726,0.2437266707420349,0.1443880796432495,0.09931611269712448,0.004803027492016554,0.17732574045658112,0.0038197082467377186,0.021931437775492668,0.2397560030221939,0.21434606611728668,0.21339493989944458,0.03054419904947281,0.14381946623325348,0.1683579832315445,-0.02391776442527771,-0.30671751499176025,-0.24010586738586426,0.07558058202266693,-0.004479529336094856,0.15653063356876373,0.1190967783331871,-0.14441055059432983,-0.13958504796028137,0.07800962775945663,-0.0009833192452788353,-0.1553943008184433,0.23593629896640778,0.19241462647914886,-0.02636106312274933,-0.18380185961723328,-0.18285074830055237,0.024538516998291016,-0.1677372306585312,-0.47507548332214355,-0.21618810296058655,0.3822981119155884,0.23562633991241455,0.0809500515460968,0.12357630580663681,-0.3009411692619324,-0.2586818337440491,0.22242018580436707,0.13860173523426056,-0.23340392112731934,0.2369196116924286,0.34780892729759216,-0.2622973620891571,-0.37621647119522095,-0.15648968517780304,0.0009511113166809082,0.9914827942848206,0.7942912578582764,0.9723594188690186,1.339695692062378,1.249600887298584,0.9066891074180603,1.2278203964233398,1.2955628633499146,1.093117117881775,1.5465061664581299,2.148226499557495,1.790330410003662,1.2597041130065918,1.6340341567993164,1.7341636419296265,1.817318320274353,1.7558543682098389,1.4925661087036133,1.9882543087005615,-0.1971915364265442,-0.019123375415802002,0.5454044342041016,0.27724146842956543,-0.4330065846443176,-0.02178049087524414,0.38887375593185425,-0.13470327854156494,0.25094330310821533,1.0551093816757202,0.24382424354553223,-0.8885223865509033,-0.1562962532043457,0.47445952892303467,0.18328416347503662,0.021690726280212402,-0.32475221157073975,0.23239994049072266,0.49568819999694824,0.1780681610107422,0.7425959706306458,0.29636484384536743,-0.9784110188484192,-0.29902195930480957,0.8218803405761719,-0.1129227876663208,-0.13793045282363892,1.1898126602172852,-0.0071190595626831055,-1.9436317682266235,-0.40012049674987793,1.362981915473938,0.3395804166793823,-0.45276880264282227,-0.5080363750457764,0.21070921421051025,0.820440411567688,0.2632882595062256,0.0011540352134034038,0.00034796082763932645,0.0007629669271409512,-0.000301673193462193,-0.00010296839172951877,-1.1281918887107167e-05,0.0006465495098382235,0.00016630179015919566,0.0005351698491722345,0.0004967188579030335,0.00034783678711391985,4.6590059355366975e-05,0.00032122089760378003,0.0007029998814687133,0.000577559694647789,0.0009898856515064836,0.00045451990445144475,0.0002246277581434697,-5.898655581404455e-05,-0.0008060743566602468,-0.0003910682862624526,-0.0006496340502053499,-0.0008659353479743004,0.00029039126820862293,0.0007495179306715727,0.00017758371541276574,-0.00011137966066598892,0.00033041706774383783,-0.00018733306205831468,-0.00045012880582362413,-2.6615889510139823e-05,0.0006564098293893039,0.00025633879704400897,0.00028688577003777027,-0.00012303979019634426,-0.0007652578642591834,-0.0005135064711794257,-0.00028361432487145066,0.00041500607039779425,0.00015644030645489693,-0.0004748670617118478,0.0009400253184139729,0.001615453278645873,-0.00011280755279585719,-0.0008608975913375616,0.0001528333523310721,-7.595340139232576e-05,-0.000780545873567462,0.00016071717254817486,0.0011065385770052671,0.0002829546865541488,-0.00036952405935153365,-0.0003793785872403532,-0.0010521436342969537,-0.00039046668098308146,0.00048164353938773274,0.00022989214630797505,-6917704.5,-5378471.5,-6695987.5,-9505805.0,-8924775.0,-6251585.5,-8779670.0,-9331919.0,-7580569.0,-11374195.0,-16437057.0,-13268239.0,-9140156.0,-12532783.0,-13219992.0,-13899661.0,-12840783.0,-10897379.0,-14901289.0,1539233.0,221717.0,-4127333.5,-2228787.5,3254219.5,145105.0,-3080333.5,1199101.0,-2042276.0,-8856488.0,-1894044.0,7296901.0,735456.0,-4079836.0,-1366878.0,379209.0,3002282.0,-2060506.0,-4003910.0,-1317516.0,-5666566.5,-2450504.5,7381553.0,2373892.5,-6334553.0,1053996.0,1038057.5,-10055589.0,148232.0,16153389.0,2629500.0,-11376737.0,-2102334.0,4459045.0,4369160.0,-2439715.0,-7006192.0,-1943404.0,0.0012880476424470544,0.000296807469567284,0.00045794976176694036,0.0007274046074599028,0.0008043543202802539,0.0004982947139069438,0.001547065214253962,0.00196421449072659,0.0010400227038189769,0.0016522528603672981,0.004445215687155724,0.003550904802978039,0.0009000340360216796,0.001752967364154756,0.001979591092094779,0.0025496191810816526,0.002480616793036461,0.0014094591606408358,0.00401653815060854,-0.00099124014377594,-0.000830097880680114,0.0004305971378926188,0.00034640455851331353,-0.00022910989355295897,0.0007427108939737082,0.0014659197768196464,-0.0005070425104349852,-0.00031196163035929203,0.003405192866921425,0.0018986519426107407,-0.003545181592926383,-0.0017979374388232827,0.0010795569978654385,0.0007966518169268966,0.0005010257009416819,-0.0011401600204408169,0.0015359213575720787,0.002607078989967704,0.0001611422630958259,0.0014218372525647283,0.0011765024391934276,-0.0006597070023417473,0.0003963063354603946,0.0016950296703726053,-0.0012497534044086933,-0.0017778814071789384,0.003912235610187054,0.0022106135729700327,-0.0069503746926784515,-0.0036965892650187016,0.004624738357961178,0.0025945892557501793,-0.0005785312969237566,-0.0019368118373677135,0.0010348956566303968,0.0037472390104085207,0.0010711576323956251,0.005237285513430834,0.0026501533575356007,0.004070448223501444,-0.0009385638404637575,0.013622460886836052,0.0022066421806812286,-0.007863370701670647,0.016291234642267227,0.012427441775798798,-0.0008189690997824073,0.005440813023597002,0.007585124112665653,-0.0037970321718603373,0.010974285192787647,0.00884946621954441,-0.013995449990034103,0.028363622725009918,0.018852949142456055,-0.016732268035411835,-0.002587132155895233,-0.00116683728992939,-0.003588717197999358,0.009552013128995895,0.003145206021144986,-0.0214858315885067,0.014084592461585999,0.020290812477469444,-0.017110204324126244,-0.006986628752201796,0.008404092863202095,-0.009237845428287983,0.003389161080121994,0.012646498158574104,-0.024969734251499176,0.019514156505465508,0.03284839913249016,-0.04509589076042175,-0.03558521717786789,0.0014202948659658432,-0.001001585042104125,0.010718850418925285,0.006733923219144344,-0.031037844717502594,0.010939386673271656,0.041776642203330994,-0.031194796785712242,-0.027277441695332527,0.02551429718732834,-0.0022512166760861874,-0.005014931783080101,0.021884344518184662,-0.02835889533162117,0.006867658346891403,0.057818133383989334,-0.06461004912853241,-0.06843361258506775,0.009510673582553864,0.19365294277668,0.17347893118858337,0.19187097251415253,0.22539763152599335,0.21598444879055023,0.18538066744804382,0.2152003049850464,0.2192775160074234,0.20211808383464813,0.24217037856578827,0.2852270007133484,0.2601320147514343,0.21843519806861877,0.24799688160419464,0.2558579444885254,0.26099514961242676,0.2518153190612793,0.23493342101573944,0.27256515622138977,-0.02017401158809662,-0.0017819702625274658,0.05191870033740997,0.024113476276397705,-0.040016964077949524,-0.0007841438055038452,0.03389684855937958,-0.013082221150398254,0.022892862558364868,0.08310891687870026,0.017961636185646057,-0.06679180264472961,-0.012135133147239685,0.037422746419906616,0.012998268008232117,-0.004042625427246094,-0.026061728596687317,0.020749837160110474,0.03763173520565033,0.018392041325569153,0.07209271192550659,0.02589544653892517,-0.0919356644153595,-0.02489762008190155,0.0739138126373291,-0.01229807734489441,-0.01100398600101471,0.09619113802909851,-0.004931226372718811,-0.14990071952342987,-0.030096769332885742,0.10421454906463623,0.025133401155471802,-0.04146537184715271,-0.039059996604919434,0.024792462587356567,0.06369346380233765,0.016881898045539856,0.037501461803913116,0.030094940215349197,0.03681446984410286,0.05080408975481987,0.04664928466081619,0.03436598926782608,0.04631117358803749,0.0480826310813427,0.04085171967744827,0.058646492660045624,0.08135443925857544,0.06766866147518158,0.04771393537521362,0.061502452939748764,0.06546328216791153,0.06811846047639847,0.06341095268726349,0.055193714797496796,0.07429176568984985,-0.007406521588563919,-0.000686991959810257,0.020709149539470673,0.009834814816713333,-0.01643810048699379,-0.0003381110727787018,0.013716641813516617,-0.005459453910589218,0.010563861578702927,0.04050271958112717,0.009022168815135956,-0.033640503883361816,-0.0061662085354328156,0.017749346792697906,0.006616007536649704,-0.0020523294806480408,-0.012924745678901672,0.010880813002586365,0.019098050892353058,0.006719529628753662,0.02811567112803459,0.01052180677652359,-0.03714725002646446,-0.010172925889492035,0.030154742300510406,-0.005121342837810516,-0.00315278023481369,0.045962173491716385,-0.0015416927635669708,-0.07414322346448898,-0.015188377350568771,0.05138985067605972,0.01278221607208252,-0.019801676273345947,-0.019540753215551376,0.012933142483234406,0.03202279657125473,0.008217237889766693,0.4386783838272095,-0.30931076407432556,-0.44339948892593384,0.05692288652062416,0.20817719399929047,0.08441174030303955,-0.06468391418457031,-0.18119993805885315,-0.02936467155814171,-0.111192487180233,-0.29316994547843933,-0.2128494828939438,0.25494128465652466,0.2345847338438034,0.2759033739566803,0.21765080094337463,-0.32829412817955017,-0.09562914073467255,-0.006739456206560135,-0.7479891777038574,-0.8820778727531433,0.3662336468696594,0.6515766978263855,0.02748885378241539,-0.272861123085022,-0.2656116783618927,0.035319242626428604,0.07000745087862015,-0.2638052701950073,-0.10165699571371078,0.5481112003326416,0.4474342167377472,0.02096208930015564,-0.016933932900428772,-0.6041975021362305,-0.313279926776886,0.32155466079711914,0.08888968825340271,-0.1340886950492859,1.114222764968872,1.5336545705795288,-0.33874478936195374,-0.9244378209114075,-0.2931005358695984,0.3081803619861603,0.33561912178993225,-0.29912450909614563,-0.17166444659233093,0.8119164705276489,0.5490912199020386,-0.5271490812301636,-0.46436816453933716,-0.6251596212387085,-0.2963460087776184,0.9257521629333496,0.4021696150302887,-0.23266497254371643,3.5452425479888916,2.819410800933838,2.6098544597625732,2.0660531520843506,2.2229044437408447,2.834199905395508,3.136884927749634,3.4560718536376953,3.111694574356079,2.4189538955688477,2.415647029876709,2.735595464706421,2.4443252086639404,2.209071159362793,2.1695055961608887,2.450237512588501,2.7018187046051025,2.372208833694458,2.450227975845337,-0.7258317470550537,-0.9353880882263184,-0.7533576488494873,-0.3869500160217285,0.7681467533111572,0.9139804840087891,0.6218719482421875,-0.025190353393554688,-1.0371179580688477,-0.6960475444793701,0.31664156913757324,0.028678178787231445,-0.5265243053436279,-0.27481961250305176,0.241166353225708,0.5323131084442139,-0.07802867889404297,-0.2515907287597656,0.0780191421508789,-0.20955634117126465,-0.027525901794433594,0.5484380722045898,1.5215044021606445,1.3009305000305176,-0.14627480506896973,-0.9391708374023438,-1.6589899063110352,-0.6708571910858154,1.353759527206421,0.7247257232666016,-0.8431658744812012,-0.3034977912902832,0.7676906585693359,0.8071327209472656,-0.319195032119751,-0.7839038372039795,0.15604782104492188,0.32960987091064453,5.00706148147583,2.647704601287842,3.930339813232422,-0.8254651427268982,13.649252891540527,2.2101738452911377,-7.974171161651611,16.254648208618164,12.323448181152344,-0.930177628993988,5.381974697113037,7.573817729949951,-3.8606832027435303,10.836736679077148,8.735801696777344,-14.200621604919434,28.2730655670166,18.83515167236328,-16.71699333190918,-2.3593568801879883,-1.0767216682434082,-3.4731698036193848,9.718913078308105,3.0356390476226807,-21.623424530029297,14.044474601745605,20.297618865966797,-17.184825897216797,-6.941473484039307,8.503994941711426,-9.242657661437988,3.2629189491271973,12.596485137939453,-25.037357330322266,19.537263870239258,33.03577423095703,-44.99005889892578,-35.552146911621094,1.28263521194458,-1.1138129234313965,10.795635223388672,6.5088090896606445,-31.34233856201172,11.008835792541504,41.921043395996094,-31.22930145263672,-27.239091873168945,25.688819885253906,-2.3011841773986816,-5.2410759925842285,21.839141845703125,-28.300275802612305,6.940778732299805,58.0731315612793,-64.5273208618164,-68.58792114257812,9.437911987304688,0.0028538526967167854,0.006427355110645294,0.02684161439538002,-0.01029900647699833,0.009629679843783379,0.011153722181916237,-0.002787903184071183,0.035887062549591064,0.01800793781876564,-0.0034893453121185303,0.029769770801067352,0.010726148262619972,-0.016276048496365547,0.021537180989980698,-0.008020376786589622,-0.04838245362043381,0.0814381018280983,0.06042885780334473,-0.040795326232910156,0.0035735024139285088,0.02398776262998581,-0.016726361587643623,-0.01721193455159664,0.021452728658914566,-0.012417582795023918,0.024733340367674828,0.02079584077000618,-0.039376407861709595,0.011761832982301712,0.014215493574738503,-0.04604581743478775,0.010811032727360725,0.008255671709775925,-0.0699196308851242,0.08945848047733307,0.10881131142377853,-0.12223342806100845,-0.10122418403625488,0.020414259284734726,-0.020299863070249557,-0.0411996990442276,0.03817909210920334,0.004794351756572723,0.0032806117087602615,0.03321342170238495,-0.06410975009202957,-0.009034007787704468,0.05359189957380295,-0.05780765041708946,-0.003404460847377777,0.054301489144563675,-0.08073066174983978,0.08120280504226685,0.17873093485832214,-0.21169191598892212,-0.210035502910614,0.02100924402475357
0.01644749753177166,0.01942761242389679,0.026628773659467697,0.04797987639904022,0.06604672223329544,-0.021116163581609726,0.029390178620815277,0.10741199553012848,-0.015441114082932472,-0.015115464106202126,0.1035187616944313,0.02765987440943718,-0.01600334420800209,0.06157698854804039,0.032315369695425034,0.0248927753418684,0.052170414477586746,-0.0014603275340050459,0.018767844885587692,0.0029801148921251297,0.010181276127696037,0.028552263975143433,0.039417948573827744,-0.06909604370594025,-0.036656543612480164,0.1285281628370285,-0.0448312908411026,-0.12252745777368546,0.11895987391471863,0.042775340378284454,-0.1195221096277237,0.03391711413860321,0.048318713903427124,-0.03668421506881714,0.019855044782161713,-0.026353102177381516,-0.033402569591999054,0.020228171721100807,0.007201161235570908,0.025572149083018303,0.029236672446131706,-0.09764830768108368,-0.0760744959115982,0.19762420654296875,-0.008174747228622437,-0.25105562806129456,0.16379116475582123,0.1653027981519699,-0.23848198354244232,-0.008858226239681244,0.16784082353115082,-0.07060132920742035,-0.02846366912126541,0.010331112891435623,-0.05325761437416077,0.04658127576112747,0.05363073945045471,0.08221864700317383,0.06781192123889923,0.0676446333527565,0.09878990799188614,0.1305748075246811,0.11224488914012909,0.11596772819757462,0.11977851390838623,0.11317984014749527,0.11693071573972702,0.1292722225189209,0.1242109015583992,0.10374198108911514,0.10673505812883377,0.11033467948436737,0.12003405392169952,0.13227704167366028,0.10476318746805191,0.07804636657238007,-0.014406725764274597,-0.014574013650417328,0.030977986752986908,0.06293017417192459,0.01345498114824295,-0.014607079327106476,0.007533624768257141,-0.0027878880500793457,-0.00284779816865921,0.01609238237142563,0.00728018581867218,-0.025530241429805756,-0.01747584342956543,0.006592698395252228,0.013298995792865753,0.021942362189292908,-0.015270866453647614,-0.05423067510128021,-0.026716820895671844,-0.0001672878861427307,0.045384712517261505,0.07750418782234192,-0.017523005604743958,-0.07753725349903107,-0.005921356379985809,0.01181919127702713,-0.010381422936916351,0.018880270421504974,0.01012798398733139,-0.041622623801231384,-0.02475602924823761,0.03212293982505798,0.030774839222431183,0.01534966379404068,-0.028569862246513367,-0.07617303729057312,-0.011445954442024231,0.027513854205608368,0.29950612783432007,0.1946869045495987,0.1946869045495987,0.336794376373291,0.336794376373291,0.3151549696922302,0.33067524433135986,0.33067524433135986,0.2551644742488861,0.34995272755622864,0.3535880744457245,0.3535880744457245,0.29053837060928345,0.29053837060928345,0.2610715329647064,0.35575196146965027,0.35575196146965027,0.32610177993774414,0.3170718848705292,-0.10481922328472137,-0.10481922328472137,0.14210747182369232,0.14210747182369232,-0.02163940668106079,-0.006119132041931152,0.015520274639129639,-0.07551077008247375,0.019277483224868774,0.09842360019683838,0.0036353468894958496,-0.06304970383644104,-0.06304970383644104,-0.029466837644577026,0.06521359086036682,0.09468042850494385,-0.029650181531906128,-0.038680076599121094,-0.009029895067214966,0.0,0.2469266951084137,0.2469266951084137,-0.1637468785047531,-0.14822660386562347,0.03715968132019043,-0.0693916380405426,0.0037572085857391357,0.17393437027931213,-0.015642136335372925,-0.16147330403327942,-0.06668505072593689,0.033582866191864014,0.12826329469680786,0.12414726614952087,-0.09486377239227295,-0.13336050510406494,0.020620286464691162,0.029650181531906128,0.29950612783432007,0.23811301589012146,0.1946869045495987,0.336794376373291,0.336794376373291,0.3151549696922302,0.33067524433135986,0.33067524433135986,0.29098188877105713,0.34995272755622864,0.3535880744457245,0.3535880744457245,0.2986258566379547,0.29053837060928345,0.2610715329647064,0.35575196146965027,0.35575196146965027,0.32610177993774414,0.3170718848705292,-0.06139311194419861,-0.10481922328472137,0.09868136048316956,0.14210747182369232,-0.02163940668106079,-0.006119132041931152,0.015520274639129639,-0.039693355560302734,0.019277483224868774,0.06260618567466736,0.0036353468894958496,-0.054962217807769775,-0.06304970383644104,-0.03755432367324829,0.06521359086036682,0.09468042850494385,-0.029650181531906128,-0.038680076599121094,-0.009029895067214966,-0.043426111340522766,0.16007447242736816,0.2469266951084137,-0.12032076716423035,-0.14822660386562347,0.03715968132019043,-0.03357422351837158,0.0037572085857391357,0.10229954123497009,-0.015642136335372925,-0.11756840348243713,-0.06668505072593689,0.017407894134521484,0.12826329469680786,0.13223475217819214,-0.09486377239227295,-0.13336050510406494,0.020620286464691162,0.029650181531906128,-0.23811301589012146,-0.23811301589012146,-0.18013028800487518,-0.2236863672733307,-0.22991123795509338,-0.2951897978782654,-0.2951897978782654,-0.13538871705532074,-0.29098188877105713,-0.29098188877105713,-0.1347513496875763,-0.2986258566379547,-0.2986258566379547,-0.16870984435081482,-0.23186679184436798,-0.23186679184436798,-0.32114937901496887,-0.32114937901496887,-0.21459631621837616,0.0,0.05798272788524628,0.014426648616790771,-0.0497809499502182,-0.07150343060493469,-0.065278559923172,0.15980108082294464,0.004207909107208252,-0.1555931717157364,0.15623053908348083,-0.007643967866897583,-0.16387450695037842,0.1299160122871399,0.06675906479358673,-0.06315694749355316,-0.08928258717060089,-0.08928258717060089,0.10655306279659271,0.10655306279659271,0.05798272788524628,0.014426648616790771,-0.10776367783546448,-0.08593007922172546,-0.015497609972953796,0.23130451142787933,0.06948646903038025,-0.31539425253868103,0.15202262997627258,0.1479492038488388,-0.32010504603385925,0.13755998015403748,0.23063357174396515,-0.19307295978069305,-0.15604165196418762,-0.02612563967704773,0.1958356499671936,0.1958356499671936,0.0,3.712950274348259e-05,0.0001776725403033197,8.34370730444789e-05,8.34370730444789e-05,0.0004810690588783473,7.148770964704454e-05,7.148770964704454e-05,0.0003998002503067255,0.0003998002503067255,2.408368163742125e-05,2.408368163742125e-05,0.0007296253461390734,0.0007277216645888984,0.0007277216645888984,0.0005516533274203539,0.00028666958678513765,0.00028666958678513765,1.043721567839384e-05,0.0,0.0001405430375598371,4.6307570300996304e-05,-9.42354672588408e-05,0.0003976319858338684,-1.1949363397434354e-05,-0.00040958134923130274,0.00032831254065968096,0.00032831254065968096,-0.00037571656866930425,-0.00037571656866930425,0.0007055416936054826,0.0007036379538476467,-1.9036815501749516e-06,-0.00017606833716854453,-0.00044105207780376077,-0.00026498374063521624,-0.0002762323711067438,-0.00028666958678513765,-1.043721567839384e-05,-9.42354672588408e-05,-0.0002347785048186779,0.0003513244155328721,8.228610386140645e-05,-0.0008072133641690016,0.0003402619040571153,0.0007378938607871532,-0.0007040291093289852,-0.0007040291093289852,0.0010812582913786173,0.0010793545516207814,-0.0007074453751556575,-0.0008797062910161912,-0.0004391483962535858,-8.89154034666717e-05,0.00016481970669701695,-2.1685846149921417e-05,0.00026579515542834997,0.0002762323711067438,0.06139311194419861,-0.043426111340522766,0.01455661654472351,0.11310800909996033,0.10688313841819763,0.019965171813964844,0.03548544645309448,0.19528652727603912,-0.03581741452217102,0.05897083878517151,0.2188367247581482,0.054962217807769775,-0.008087486028671265,0.12182852625846863,0.02920474112033844,0.12388516962528229,0.034602582454681396,0.0049524009227752686,0.10247556865215302,-0.10481922328472137,-0.0468364953994751,0.1565341204404831,0.09232652187347412,-0.09314283728599548,-0.07139769196510315,0.17532135546207428,-0.0713028609752655,-0.13631568849086761,0.2546541392803192,-0.004008620977401733,-0.22692421078681946,0.06686630845069885,0.037292227149009705,0.0020566433668136597,0.0053978413343429565,-0.11893276870250702,0.06787298619747162,0.09752316772937775,0.05798272788524628,0.26135334372520447,0.13916301727294922,-0.24967695772647858,-0.16372421383857727,0.26846420764923096,9.483098983764648e-05,-0.3116370439529419,0.3259570002555847,0.13230706751346588,-0.48157835006713867,0.07087492942810059,0.26421642303466797,-0.06480966508388519,-0.03189438581466675,-0.12098941206932068,0.06247514486312866,0.21645593643188477,0.029650181531906128,0.5376191139221191,0.43279993534088135,0.3748171925544739,0.5604807138442993,0.566705584526062,0.6103447675704956,0.6258650422096252,0.4660639762878418,0.5461463928222656,0.6409345865249634,0.4883394241333008,0.6522139310836792,0.5891642570495605,0.45924821496009827,0.4929383397102356,0.5876187682151794,0.6769013404846191,0.6472511291503906,0.5316681861877441,-0.10481917858123779,-0.16280192136764526,0.12768077850341797,0.19188839197158813,0.04986405372619629,0.05915945768356323,-0.1442807912826538,-0.07971864938735962,0.17487061023712158,-0.057806968688964844,0.01127934455871582,0.10082483291625977,-0.19296571612358093,-0.09622591733932495,0.12837055325508118,0.18396300077438354,0.05963236093521118,-0.145233154296875,-0.11558294296264648,-0.05798274278640747,0.23249995708465576,0.3546903133392334,-0.07781672477722168,-0.1327289342880249,-0.1941448450088501,-0.13887810707092285,0.3191514015197754,0.021911680698394775,-0.16359126567840576,0.1586318016052246,-0.20424506068229675,-0.19705075025558472,0.3213362693786621,0.2801889181137085,-0.06873819231987,-0.32919615507125854,-0.17521530389785767,0.029650211334228516,0.3226575255393982,0.23479093611240387,0.23500442504882812,0.33280453085899353,0.3018098771572113,0.30220967531204224,0.31296440958976746,0.3092783987522125,0.24631011486053467,0.32761475443840027,0.31400349736213684,0.32360613346099854,0.2896743416786194,0.2830604910850525,0.2539072632789612,0.32770347595214844,0.31023290753364563,0.31617772579193115,0.3545258641242981,-0.08786658942699432,-0.08765310049057007,0.09801359474658966,0.06680545210838318,-0.030594855546951294,0.011154532432556152,0.007068723440170288,-0.06665429472923279,0.018336355686187744,0.06769338250160217,-0.004008620977401733,-0.024329155683517456,-0.040545642375946045,-0.0357670783996582,0.04464298486709595,0.05632564425468445,-0.011525750160217285,0.044292956590652466,0.03834813833236694,0.00021348893642425537,0.18588018417358398,0.15445855259895325,-0.12860845029354095,-0.055650919675827026,0.03766357898712158,-0.07780882716178894,0.011267632246017456,0.13434767723083496,-0.022344976663589478,-0.09202253818511963,-0.03653702139854431,-0.011437922716140747,0.08518862724304199,0.09209272265434265,-0.05616873502731323,-0.012032687664031982,0.04987388849258423,-0.0059448182582855225,0.024930384010076523,0.062232088297605515,0.06856174021959305,0.06728250533342361,0.08156650513410568,0.14460395276546478,0.015873270109295845,0.020914332941174507,0.04597477987408638,0.14741289615631104,0.04694408178329468,0.35201841592788696,0.013794677332043648,0.097083680331707,0.20241153240203857,0.15339511632919312,0.1590053141117096,0.007671052124351263,0.10486657172441483,0.03730170428752899,0.043631356209516525,0.0050504170358181,0.013004764914512634,0.07732144743204117,-0.06569323688745499,-0.12368962168693542,0.030101509764790535,0.12649856507778168,0.0009693019092082977,0.20460551977157593,-0.03314940631389618,-0.25493472814559937,0.18861685693264008,0.056311435997486115,-0.04340621829032898,-0.14572405815124512,-0.05413874238729477,0.09719552099704742,0.006329651921987534,-0.03225128725171089,-0.03062659129500389,0.07227103412151337,-0.07869800180196762,-0.201011061668396,0.09579474478960037,0.2501881718635559,-0.029132207855582237,0.07810695469379425,-0.03411870822310448,-0.4595402479171753,0.22176626324653625,0.3112461566925049,-0.23202307522296906,-0.20203548669815063,-0.01073252409696579,0.24291957914829254,0.1513342559337616,0.30649667978286743,0.1951604187488556,0.19445224106311798,0.4329845607280731,0.6401705145835876,0.4882400333881378,0.5145137310028076,0.5394840240478516,0.47546884417533875,0.5374696254730225,0.6637779474258423,0.5884283185005188,0.41777652502059937,0.4582127630710602,0.46143215894699097,0.5733703374862671,0.7138513922691345,0.46715155243873596,0.26412495970726013,-0.11133626103401184,-0.11204443871974945,0.23782414197921753,0.44571828842163086,0.0552554726600647,-0.12565678358078003,0.051243990659713745,-0.03904488682746887,-0.0020143985748291016,0.18830910325050354,0.05095869302749634,-0.24600142240524292,-0.13021555542945862,0.0436556339263916,0.11515757441520691,0.25241923332214355,-0.10621878504753113,-0.4497264325618744,-0.20302659273147583,-0.0007081776857376099,0.34916040301322937,0.5577627420425415,-0.18256866931915283,-0.5713750720024109,-0.004011482000350952,0.08661189675331116,-0.05325838923454285,0.2273539900779724,0.05297309160232544,-0.43431052565574646,-0.18117424845695496,0.2896570563316345,0.24537312984466553,0.20876359939575195,-0.22137635946273804,-0.7021456956863403,-0.0968078076839447,0.24669983983039856,-0.00017465771816205233,0.0003105588839389384,-0.00024271658912766725,0.0004984615952707827,-0.00023059370869304985,0.0003998552856501192,-0.00012072466779500246,0.00034874616540037096,3.1996978577808477e-06,-0.00011621982412179932,5.958905239822343e-05,-0.000600784202106297,-0.00036359779187478125,-0.0004119746736250818,1.6807560314191505e-05,-0.0002221194445155561,0.0006617002072744071,-5.8336358051747084e-05,0.00023080392566043884,0.00048521661665290594,-6.805887096561491e-05,0.00018790271133184433,1.21228804346174e-05,-9.860630962066352e-05,0.00010986904089804739,-5.110912024974823e-05,0.00012392437201924622,-0.0004649659967981279,5.6389355449937284e-05,-0.0004845643707085401,-0.00042318683699704707,0.00018880952848121524,0.00038040534127503633,0.00018985522910952568,0.0006448926287703216,0.000163783086463809,-0.00043089629616588354,0.0002891402691602707,-0.0005532754585146904,-0.0002973139053210616,8.018175140023232e-05,-0.00028650902095250785,9.774616046342999e-05,4.7497189370915294e-05,1.4055331121198833e-05,-0.00041385687654837966,-6.753501656930894e-05,-1.9598373910412192e-05,-0.0004795761778950691,0.0006733739282935858,0.0008035921491682529,1.045700628310442e-06,0.00026448728749528527,-2.6072142645716667e-05,-0.0010757888667285442,0.00012535718269646168,0.0007200365653261542,-1914272.75,-1164961.25,-1160333.75,-2935150.25,-4614431.5,-3321707.5,-3612624.0,-4029720.5,-3396718.5,-3792414.0,-5167235.5,-4229945.0,-2890870.25,-3170904.5,-3028119.25,-4188941.0,-5389275.0,-3199856.25,-1629762.875,749311.5,753939.0,-1770189.0,-3454097.75,-386557.25,1001807.5,-708013.0,215905.5,237306.5,-1770517.0,-437531.0,2276365.25,1059040.5,-137249.0,-1018036.5,-2361155.75,989084.75,3759512.0,1570093.375,4627.5,-2519500.5,-4208037.0,1383631.75,4455905.0,-321455.75,-785902.0,945319.5,-1986422.5,-674837.5,4046882.25,1496571.5,-2413614.25,-2077077.0,-2223906.75,2007121.25,6120668.0,581008.625,-2189418.5,2.3540149413747713e-05,4.7631947381887585e-06,3.6784113035537302e-06,5.7763620134210214e-05,8.509651524946094e-05,4.701069701695815e-05,5.6382436014246196e-05,5.1747549150604755e-05,3.3877240639412776e-05,7.596489012939855e-05,0.0001281352451769635,8.918697130866349e-05,3.573521098587662e-05,4.041597276227549e-05,2.9608843760797754e-05,9.673894237494096e-05,0.00015218884800560772,6.645624671364203e-05,2.217413748439867e-05,-1.8776954675558954e-05,-1.9861738110193983e-05,5.3000425396021456e-05,8.14181039459072e-05,-1.0752923117252067e-05,-2.871407923521474e-05,4.736852133646607e-06,-2.250519537483342e-05,2.42173409787938e-05,9.425800817552954e-05,1.3222081179264933e-05,-9.240003419108689e-05,-4.8770998546388e-05,-6.126367225078866e-06,5.6322969612665474e-05,0.00012258000788278878,-3.028269566129893e-05,-0.00013001471234019846,-4.4282111048232764e-05,-1.0847834346350282e-06,7.177738007158041e-05,0.00010127984569408,-6.375335215125233e-05,-0.00011013218318112195,1.5489775250898674e-05,6.20888386038132e-06,1.9480488845147192e-05,0.00011676319991238415,-1.0995259799528867e-05,-0.00018665804236661643,-6.199307972565293e-05,8.627366332802922e-05,0.00010509396815905347,0.00012870637874584645,-8.66056652739644e-05,-0.000252594705671072,-1.3999415386933833e-05,8.57326012919657e-05,0.008210178464651108,0.00982524175196886,0.013302452862262726,0.024196818470954895,0.033093370497226715,-0.010510989464819431,0.01472233235836029,0.053999029099941254,-0.007752632722258568,-0.007689228281378746,0.05198008194565773,0.013669326901435852,-0.008148200809955597,0.030793961137533188,0.016195077449083328,0.012428490445017815,0.026334449648857117,-0.0007485097157768905,0.009473891928792,0.0016150632873177528,0.005092274397611618,0.014371576718986034,0.01979091763496399,-0.03470780700445175,-0.018371038138866425,0.06451001763343811,-0.02247496508061886,-0.06168825924396515,0.05973271280527115,0.021358555182814598,-0.06012828275561333,0.017124634236097336,0.024343278259038925,-0.018365470692515373,0.010139372199773788,-0.013176999986171722,-0.016860557720065117,0.010222401469945908,0.003477211110293865,0.012756513431668282,0.014698643237352371,-0.04907938465476036,-0.038161955773830414,0.09921782463788986,-0.004103926941752434,-0.12619827687740326,0.08220767974853516,0.0830468162894249,-0.11986099183559418,-0.004233920946717262,0.08447156101465225,-0.03549010306596756,-0.014203906059265137,0.005188470706343651,-0.026999929919838905,0.02339940145611763,0.027082959190011024,0.10654842108488083,0.08380399644374847,0.08163292706012726,0.11880194395780563,0.14109231531620026,0.13442210853099823,0.13655400276184082,0.09433497488498688,0.13338972628116608,0.14196529984474182,0.12014858424663544,0.14679597318172455,0.12484870105981827,0.1165248453617096,0.12826944887638092,0.1453399658203125,0.15602892637252808,0.1330946683883667,0.09830456972122192,-0.022744424641132355,-0.02491549402475357,0.03499794751405716,0.059459388256073,0.015620164573192596,-0.004538312554359436,-0.04008713364601135,-0.0031642764806747437,0.047630324959754944,-0.01324114203453064,0.004830673336982727,0.004700116813182831,-0.030271127820014954,0.0034207478165626526,0.028815120458602905,0.027759477496147156,-0.0122452974319458,-0.05772435665130615,-0.034790098667144775,-0.002171069383621216,0.057742372155189514,0.08437488228082657,-0.019377782940864563,-0.06399770081043243,-0.05570729821920395,0.0013740360736846924,0.0877174586057663,-0.010076865553855896,-0.04279965162277222,0.01794125884771347,-0.03510180115699768,-0.0012793689966201782,0.05908624827861786,0.024338729679584503,-0.041060417890548706,-0.08548383414745331,-0.022544801235198975,0.022934257984161377,0.011352566070854664,0.0070231095887720585,0.006663934327661991,0.014113902114331722,0.019907042384147644,0.018069302663207054,0.01864699460566044,0.008899088017642498,0.017792819067835808,0.02015414834022522,0.014435682445764542,0.021549059078097343,0.015587197616696358,0.013578039593994617,0.016453050076961517,0.021123705431818962,0.024345023557543755,0.017714189365506172,0.009663788601756096,-0.004329456482082605,-0.004688631743192673,0.007090792525559664,0.013243108056485653,0.003955400548875332,-0.0012600477784872055,-0.009170214645564556,-0.0008541755378246307,0.011255060322582722,-0.003357136622071266,0.0013949107378721237,0.001151515170931816,-0.007971019484102726,0.0008658524602651596,0.007545665837824345,0.007891973480582237,-0.00340951606631279,-0.014681234955787659,-0.008050400763750076,-0.00035917526111006737,0.01142024900764227,0.0179317407310009,-0.003135391976684332,-0.014503155834972858,-0.013125615194439888,0.00040587224066257477,0.020425274968147278,-0.0025029610842466354,-0.009860149584710598,0.004508651793003082,-0.00936593022197485,-0.0002856627106666565,0.01551668532192707,0.007026121020317078,-0.010955181904137135,-0.022573208436369896,-0.004640884697437286,0.006630834192037582,0.2800002098083496,-0.2118939906358719,0.01723749190568924,0.2199488878250122,-0.18956564366817474,0.5622503757476807,-0.054995376616716385,-0.1635536253452301,0.2167106717824936,0.5584852695465088,0.05719887837767601,0.05910491198301315,0.3209843635559082,0.13075463473796844,-0.12017029523849487,0.26020124554634094,-0.05979473143815994,0.1995977908372879,0.021176354959607124,-0.4918941855430603,-0.26276272535324097,0.4318428635597229,-0.20680314302444458,0.34230148792266846,0.13457027077674866,-0.7258039712905884,0.2717060446739197,0.7220388650894165,-0.15951178967952728,-0.49938035011291504,0.2637854814529419,0.07164972275495529,-0.4411546587944031,0.1294466108083725,0.06037556380033493,-0.06060345470905304,0.08097108453512192,-0.17842143774032593,0.22913146018981934,0.9237370491027832,0.05595958232879639,-0.08954137563705444,0.34137341380119324,-1.0681054592132568,0.13713577389717102,1.4478428363800049,-0.43121784925460815,-1.2214192152023315,0.42329728603363037,0.5710300803184509,-0.704940140247345,0.057796888053417206,0.5015302300453186,-0.19005006551742554,0.020595520734786987,-0.11781798303127289,-0.25939252972602844,3.035532236099243,3.0424208641052246,2.577036142349243,2.729447841644287,2.1460840702056885,2.6706125736236572,2.3519203662872314,2.5633163452148438,2.19138503074646,2.776563882827759,2.230825662612915,2.289626359939575,2.6739065647125244,1.970508098602295,2.116330146789551,2.368042469024658,2.4374637603759766,2.9363179206848145,3.6042745113372803,0.006888628005981445,-0.45849609375,-0.3129730224609375,-0.4309520721435547,-0.05883526802062988,0.20583629608154297,-0.10729622840881348,-0.16053533554077148,0.21324753761291504,0.03944063186645508,-0.4869375228881836,0.4430809020996094,-0.3191182613372803,-0.5575764179229736,0.3975343704223633,0.3211336135864258,0.5682754516601562,1.1668107509613037,0.6679565906524658,-0.46538472175598145,-0.31986165046691895,0.027544021606445312,0.2541377544403076,0.6367883682250977,-0.048460960388183594,-0.36637163162231445,0.3205437660217285,0.19997596740722656,-0.7001850605010986,0.4036402702331543,0.16781926155090332,-1.000657320022583,0.7166526317596436,0.8787100315093994,0.17074108123779297,0.8456771373748779,0.09968113899230957,-0.4988541603088379,8.256643295288086,9.75266170501709,13.367644309997559,24.08589744567871,33.155452728271484,-10.600314140319824,14.753870010375977,53.92082214355469,-7.751439094543457,-7.587963104248047,51.9664192199707,13.88525676727295,-8.033679008483887,30.91164779663086,16.222314834594727,12.496172904968262,26.18954849243164,-0.7330844402313232,9.42145824432373,1.496018409729004,5.111001014709473,14.333235740661621,19.78780746459961,-34.68621063232422,-18.401582717895508,64.52113342285156,-22.50531005859375,-61.508785247802734,59.717857360839844,21.473220825195312,-60.000099182128906,17.026390075683594,24.255992889404297,-18.41547393798828,9.967233657836914,-13.229257583618164,-16.768089294433594,10.154542922973633,3.6149826049804688,12.837217330932617,14.676806449890137,-49.019447326660156,-38.18939208984375,99.20734405517578,-4.103727340698242,-126.02992248535156,82.2231674194336,82.98200988769531,-119.71795654296875,-4.446830749511719,84.25608825683594,-35.441864013671875,-14.288759231567383,5.186216354370117,-26.735322952270508,23.383800506591797,26.922632217407227,0.003791311988607049,0.01749148778617382,0.019861605018377304,0.03673478215932846,0.07001475989818573,-0.050598032772541046,0.022754216566681862,0.11162135004997253,-0.03219310939311981,-0.039297666400671005,0.10636162757873535,0.02021659165620804,-0.03617973253130913,0.047286584973335266,0.033512186259031296,0.022671595215797424,0.04729875922203064,0.00025950762210413814,0.02947334572672844,0.013700176030397415,0.0160702932626009,0.01924329437315464,0.050153154879808426,-0.0873328149318695,-0.04726054519414902,0.16221937537193298,-0.054947324097156525,-0.15091902017593384,0.13855473697185516,0.059514258056879044,-0.14254136383533478,0.027069993317127228,0.06969191879034042,-0.024614989757537842,0.013786572962999344,-0.02241208776831627,-0.0178254134953022,0.029213838279247284,0.0023701172322034836,0.005543118342757225,0.03408285975456238,-0.106576107442379,-0.09741370379924774,0.2495521903038025,-0.007686778903007507,-0.3131383955478668,0.19350206851959229,0.21043327450752258,-0.28109610080718994,-0.032444264739751816,0.2122332751750946,-0.05168498307466507,-0.05590534582734108,0.002202901989221573,-0.031611986458301544,0.05162592604756355,0.047039251774549484
-0.02840309962630272,0.02021857351064682,-0.009098122827708721,-0.008123445324599743,-0.005443911533802748,-0.027854057028889656,0.003731829347088933,0.0009001014404930174,-0.0354248508810997,-0.0029326414223760366,0.009785638190805912,-0.011598775163292885,-0.0014323564246296883,0.004370586946606636,-0.0291124377399683,-0.004389046225696802,0.016067083925008774,-0.028766654431819916,-0.011607893742620945,0.04862167313694954,0.019304975867271423,-0.028342019766569138,0.0036542112939059734,-0.019730612635612488,0.009175741113722324,0.028754157945513725,-0.039156679064035416,-0.003832742804661393,0.04521048814058304,-0.008666133508086205,-0.0112179946154356,0.01596936210989952,-0.027680080384016037,-0.008759632706642151,0.04517952352762222,-0.0243776086717844,-0.027674976736307144,0.017158761620521545,-0.029316697269678116,-0.07696369290351868,-0.015650764107704163,0.00861140713095665,0.005521529819816351,0.04848477244377136,-0.048332419246435165,-0.032586902379989624,0.08436717092990875,-0.004833390936255455,-0.05642848461866379,0.024635495617985725,-0.016462085768580437,-0.024728994816541672,0.07285960018634796,-0.01561797596514225,-0.07285450398921967,0.0415363684296608,0.04483373835682869,0.08522345870733261,0.07090874016284943,0.07657850533723831,0.07216791808605194,0.07789920270442963,0.0860452950000763,0.08156931400299072,0.08738457411527634,0.08029486238956451,0.06701230257749557,0.07123100757598877,0.08464877307415009,0.08934733271598816,0.08722350001335144,0.08158132433891296,0.09448140859603882,0.0886901393532753,0.07615263015031815,0.0808100551366806,-0.014314718544483185,-0.0086449533700943,0.0012591779232025146,0.0013206973671913147,0.013877376914024353,0.003670111298561096,0.0013392791152000427,-0.0012744516134262085,-0.02037227153778076,-0.009063854813575745,0.01763647049665451,0.01811632513999939,0.002574726939201355,-0.007766008377075195,0.007257908582687378,0.007108815014362335,-0.018328778445720673,-0.007880084216594696,0.004657424986362457,0.0056697651743888855,0.0155738964676857,0.009965650737285614,0.012618198990821838,0.0023494139313697815,-0.01253809779882431,-0.004944562911987305,-0.021711550652980804,-0.007789403200149536,0.03800874203443527,0.027180179953575134,-0.015061743557453156,-0.025882333517074585,0.004683181643486023,0.01487482339143753,-0.02558668702840805,-0.014988899230957031,0.02298620343208313,0.012537509202957153,0.27594807744026184,0.27594807744026184,0.19392648339271545,0.19392648339271545,0.18325093388557434,0.18325093388557434,0.20713232457637787,0.2649204432964325,0.2649204432964325,0.17142021656036377,0.22098876535892487,0.2595314681529999,0.2595314681529999,0.2592158615589142,0.15999725461006165,0.2529381215572357,0.25494080781936646,0.25494080781936646,0.3003239631652832,0.0,-0.08202159404754639,-0.08202159404754639,-0.010675549507141113,-0.010675549507141113,0.023881390690803528,0.08166950941085815,0.057788118720054626,-0.09350022673606873,-0.04393167793750763,0.08811125159263611,0.03854270279407501,-0.00031560659408569336,-0.09953421354293823,-0.006277740001678467,0.09494355320930481,0.0020026862621307373,0.04538315534591675,0.04538315534591675,-0.08202159404754639,-0.08202159404754639,0.07134604454040527,0.07134604454040527,0.03455694019794464,0.09234505891799927,0.0339067280292511,-0.17516973614692688,-0.10171979665756226,0.18161147832870483,0.08247438073158264,-0.0884268581867218,-0.13807691633701324,-0.0059621334075927734,0.19447776675224304,0.008280426263809204,-0.04956039786338806,0.04338046908378601,0.0,0.30407312512397766,0.27594807744026184,0.28882142901420593,0.28882142901420593,0.22570227086544037,0.22570227086544037,0.20713232457637787,0.2649204432964325,0.2649204432964325,0.20821547508239746,0.22098876535892487,0.2595314681529999,0.2595314681529999,0.35098278522491455,0.35098278522491455,0.2529381215572357,0.25494080781936646,0.25494080781936646,0.3003239631652832,-0.02812504768371582,-0.015251696109771729,0.012873351573944092,-0.06311915814876556,-0.06311915814876556,-0.0185699462890625,0.039218172430992126,0.057788118720054626,-0.056704968214035034,-0.04393167793750763,0.05131599307060242,0.03854270279407501,0.09145131707191467,0.09145131707191467,-0.09804466366767883,-0.0960419774055481,0.0020026862621307373,0.04538315534591675,0.04538315534591675,0.012873351573944092,0.04099839925765991,-0.047867462038993835,-0.07599250972270966,0.044549211859703064,0.10233733057975769,0.07635806500911713,-0.09592314064502716,-0.10171979665756226,0.10802096128463745,0.08247438073158264,0.040135324001312256,0.05290861427783966,-0.1894959807395935,-0.18749329447746277,0.10004734992980957,0.14142513275146484,0.04338046908378601,0.0,-0.30407312512397766,-0.1438950002193451,-0.28882142901420593,-0.28882142901420593,-0.22570227086544037,-0.22570227086544037,-0.17904040217399597,-0.22622546553611755,-0.22622546553611755,-0.20821547508239746,-0.15943191945552826,-0.22936587035655975,-0.22936587035655975,-0.35098278522491455,-0.35098278522491455,-0.20548835396766663,-0.1952708214521408,-0.24432773888111115,-0.24432773888111115,0.16017812490463257,0.015251696109771729,-0.14492642879486084,0.06311915814876556,0.06311915814876556,0.0466618686914444,-0.0005231946706771851,-0.04718506336212158,0.018009990453720093,0.0667935460805893,-0.021150395274162292,-0.0699339509010315,-0.1216169148683548,-0.1216169148683548,0.14549443125724792,0.15571196377277374,-0.03883938491344452,-0.04905691742897034,0.0,-0.14492642879486084,-0.3051045536994934,0.047867462038993835,0.2080455869436264,-0.016457289457321167,-0.06364235281944275,-0.09384693205356598,0.018533185124397278,0.11397860944271088,-0.039160385727882385,-0.1367274969816208,-0.1004665195941925,-0.0516829639673233,0.2671113610267639,0.27732887864112854,-0.18433381617069244,-0.20476888120174408,0.03883938491344452,0.04905691742897034,0.00012856149987783283,0.00033653099671937525,0.00033653099671937525,8.465454448014498e-05,8.465454448014498e-05,0.0001405557559337467,0.00020158174447715282,0.00010026205563917756,0.00010026205563917756,0.0005898831877857447,0.0005522174760699272,0.00014654436381533742,6.320769898593426e-07,6.320769898593426e-07,0.00033579173032194376,0.0005643153563141823,0.00044344968046061695,0.0003400360874366015,0.0,0.00020796949684154242,0.00020796949684154242,-0.0002518764522392303,-0.0002518764522392303,5.590121145360172e-05,0.00011692719999700785,-4.0293700294569135e-05,-0.00010131968883797526,0.0004896211321465671,0.00045195542043074965,-0.00044333882397040725,-0.0005515853990800679,-0.00014591228682547808,0.0003351596533320844,0.0005636832793243229,0.00010765795013867319,-0.00022427926887758076,-0.00044344968046061695,-0.0003400360874366015,0.0,-0.00045984593452885747,-0.00045984593452885747,0.000307777663692832,0.0003688036522362381,-9.619491174817085e-05,-0.0002182468888349831,0.0005299148615449667,0.0005532751092687249,-0.0009329599561169744,-0.0010035408195108175,0.00029742653714492917,0.0008867450524121523,0.000709595566149801,-0.00022750170319341123,-0.0007879625773057342,-0.0005511076305992901,-0.00011575681855902076,0.00010341359302401543,-0.02812504768371582,0.13205307722091675,-0.09489494562149048,-0.09489494562149048,-0.04245133697986603,-0.04245133697986603,0.028091922402381897,0.03869497776031494,0.03869497776031494,-0.03679525852203369,0.061556845903396606,0.030165597796440125,0.030165597796440125,-0.09176692366600037,-0.1909855306148529,0.04744976758956909,0.05966998636722565,0.01061306893825531,0.05599622428417206,0.16017812490463257,-0.06676989793777466,-0.22694802284240723,0.05244360864162445,0.05244360864162445,0.07054325938224792,0.08114631474018097,0.010603055357933044,-0.07549023628234863,0.022861868143081665,0.06696085631847382,-0.03139124810695648,-0.12193252146244049,-0.22115112841129303,0.13921669125556946,0.25065553188323975,-0.03683669865131378,-0.003673762083053589,0.04538315534591675,-0.22694802284240723,-0.3871261477470398,0.11921350657939911,0.27939164638519287,0.018099650740623474,0.02870270609855652,-0.05994020402431488,-0.1566365510225296,0.01225881278514862,0.14245109260082245,-0.05425311625003815,-0.1888933777809143,-0.18975988030433655,0.26114922761917114,0.4718066453933716,-0.17605338990688324,-0.25432929396629333,0.08221985399723053,0.04905691742897034,0.5800212025642395,0.41984307765960693,0.4827479124069214,0.4827479124069214,0.4089531898498535,0.4089531898498535,0.38617271184921265,0.49114590883255005,0.49114590883255005,0.37963569164276123,0.3804206848144531,0.48889732360839844,0.48889732360839844,0.6101986169815063,0.5109800100326538,0.45842647552490234,0.45021164417266846,0.4992685317993164,0.5446516871452332,-0.16017812490463257,-0.09727329015731812,0.06290483474731445,-0.07379472255706787,-0.07379472255706787,-0.02278047800064087,0.08219271898269653,0.1049731969833374,-0.11151021718978882,-0.11072522401809692,0.10926163196563721,0.10847663879394531,0.12130129337310791,0.02208268642425537,-0.151772141456604,-0.06076836585998535,0.04084205627441406,0.0944400429725647,0.04538315534591675,0.06290483474731445,0.22308295965194702,0.023478567600250244,-0.13669955730438232,0.051014244556427,0.1559874415397644,0.12775367498397827,-0.19370293617248535,-0.21569842100143433,0.22077184915542603,0.21920186281204224,0.012039661407470703,-0.08639395236968994,-0.2730734348297119,-0.08285105228424072,0.19261419773101807,0.15520840883255005,0.0045410990715026855,-0.04905688762664795,0.29955795407295227,0.33293089270591736,0.22756244242191315,0.23016318678855896,0.2105700969696045,0.20289939641952515,0.23663127422332764,0.2896461486816406,0.29988744854927063,0.21467658877372742,0.2676849961280823,0.28725776076316833,0.27908119559288025,0.2762449085712433,0.17548644542694092,0.2673467695713043,0.2749428153038025,0.29185861349105835,0.32688382267951965,0.03337293863296509,-0.07199551165103912,-0.1027677059173584,-0.016992345452308655,-0.027263790369033813,0.026061177253723145,0.08674675226211548,0.063256174325943,-0.07496955990791321,-0.032202452421188354,0.07258117198944092,0.011396199464797974,-0.011012852191925049,-0.10359475016593933,-0.008898138999938965,0.09945636987686157,0.02451184391975403,0.05194100737571716,0.035025209188461304,-0.10536845028400421,-0.1361406445503235,0.05500316619873047,0.07550391554832458,0.0430535227060318,0.11401054263114929,0.03719499707221985,-0.1617163121700287,-0.09545862674713135,0.14755073189735413,0.04359865188598633,-0.08359402418136597,-0.1149909496307373,0.002114713191986084,0.2030511200428009,0.03340998291969299,-0.04751536250114441,0.010513365268707275,-0.01691579818725586,0.019654378294944763,0.04218575730919838,0.04433143883943558,0.006540142931044102,0.01281619444489479,0.015096436254680157,0.17305056750774384,0.03564208373427391,0.1314917504787445,0.05321425199508667,0.01001762691885233,0.05702977254986763,0.056832849979400635,0.11880079656839371,0.030459871515631676,0.1331716626882553,0.03058099001646042,0.25494080781936646,0.04736294969916344,0.022531379014253616,0.024677060544490814,-0.03564561530947685,-0.03151524439454079,0.008556293323636055,0.16023437678813934,0.02054564654827118,-0.04155881702899933,0.01757216826081276,-0.12147412449121475,0.00381552055478096,0.04681522399187088,0.06177102401852608,-0.02637297846376896,0.014370866119861603,0.00012111850082874298,0.12176914513111115,0.016781959682703018,-0.20757785439491272,0.002145681530237198,-0.05817699432373047,-0.0561923049390316,0.04420191049575806,0.19174961745738983,0.011989353224635124,-0.20179319381713867,-0.00297347828745842,-0.07991530746221542,-0.0137566477060318,0.16828934848308563,0.05795550346374512,-0.07318820059299469,-0.047400157898664474,0.026494096964597702,0.10739827901124954,0.016660841181874275,-0.32934701442718506,-0.22435981035232544,0.2972734868526459,0.19483333826065063,0.21772901713848114,0.2080535888671875,0.23679260909557343,0.2746830880641937,0.242366760969162,0.2889089286327362,0.25141945481300354,0.1678338646888733,0.19175855815410614,0.2750699818134308,0.308750718832016,0.32006582617759705,0.285263329744339,0.33077120780944824,0.3051813840866089,0.24034632742404938,0.2941415309906006,-0.10244014859199524,-0.07954446971416473,0.013220250606536865,0.019063591957092285,0.06662949919700623,0.005574151873588562,0.01422584056854248,0.009052693843841553,-0.12107506394386292,-0.0596608966588974,0.1072361171245575,0.11699216067790985,0.04499584436416626,-0.023487389087677002,0.010705381631851196,0.019918054342269897,-0.09042488038539886,-0.0110398530960083,0.05379520356655121,0.022895678877830505,0.1156603991985321,0.09860806167125702,0.05340924859046936,-0.013489440083503723,-0.052403658628463745,0.0034785419702529907,-0.1353009045124054,-0.06871359050273895,0.2283111810684204,0.17665305733680725,-0.062240272760391235,-0.14047954976558685,-0.034290462732315063,0.0434054434299469,-0.10113026201725006,-0.030957907438278198,0.14422008395195007,0.06483505666255951,-3.969216049881652e-05,8.825107215670869e-05,-0.0001285628241021186,2.698734897421673e-05,0.00036245028604753315,-6.680441583739594e-05,0.0006894021644257009,-0.00015136980800889432,0.00034806824987754226,2.8075182854081504e-06,7.723778981016949e-05,0.0003818636469077319,6.170307460706681e-05,0.0005385943804867566,-1.4358904991240706e-05,-7.580493547720835e-05,0.00018105425988323987,-0.00026468985015526414,9.881713049253449e-05,0.0001279432326555252,-8.887066360330209e-05,-6.126372318249196e-05,0.0004910131101496518,-9.379176481161267e-05,0.00032695187837816775,-8.456539217149839e-05,-0.00034133391454815865,0.00015417732356581837,-0.0002708304673433304,0.0003790561167988926,-1.5534715203102678e-05,0.00015673073357902467,-7.606198050780222e-05,-0.0006143993232399225,0.00019541315850801766,-0.00018888490740209818,-8.223712939070538e-05,0.00036350698792375624,-0.0002168139035347849,-0.00018920695583801717,0.000579883751925081,-3.252804162912071e-05,-0.00016406123177148402,9.226372640114278e-06,-0.0006682857638224959,0.00023874270846135914,7.050344720482826e-05,0.00022487879323307425,0.0002552957448642701,-0.00022232538321986794,-6.052726530469954e-05,-0.0007711300859227777,0.0002714751462917775,0.00042551441583782434,-0.0002776502806227654,0.000552391866222024,0.000445744110038504,-1880379.625,-1124504.0,-1264815.25,-1212866.75,-1382147.5,-1703853.875,-1550091.25,-1833439.375,-1508644.25,-947790.6875,-1161666.125,-1708358.875,-1900758.0,-1980095.125,-1755822.625,-2092524.875,-1946647.875,-1445093.25,-1885605.625,755875.625,615564.375,-88362.75,-117332.25,-490987.125,-167943.75,-129585.5,41447.0,885648.6875,346978.125,-760568.1875,-739091.875,-271736.25,144935.375,-112429.75,-190825.25,647431.625,61042.25,-440512.375,-140311.25,-844238.375,-732896.625,-402624.375,-50611.5,361401.625,209390.75,1015234.1875,305531.125,-1646216.875,-1086070.0,488831.9375,884027.25,159306.5,-335760.625,759861.375,251867.5,-1087944.0,-501554.625,2.0989686163375154e-05,7.031614131847164e-06,8.592963240516838e-06,8.79787330632098e-06,5.443681402539369e-06,6.397314336936688e-06,4.17813544117962e-06,1.0003680472436827e-05,9.032884918269701e-06,2.199512891820632e-06,3.3437299862271175e-06,1.0682579159038141e-05,1.484141012042528e-05,3.814362935372628e-05,3.35017939505633e-05,1.1342332982167136e-05,1.1822286978713237e-05,8.027705007407349e-06,1.7930740796145983e-05,-1.395807157678064e-05,-1.2396722922858316e-05,1.7662591744738165e-06,-3.149281837977469e-06,-2.400558969384292e-06,-1.2655459613597486e-06,3.6063661355001386e-06,4.854749477090081e-06,-7.804167580616195e-06,-5.689154932042584e-06,8.48306626721751e-06,1.1497680134198163e-05,2.746105019468814e-05,1.8660382920643315e-05,-2.6801295462064445e-05,-2.167950697185006e-05,-3.3146279747597873e-06,6.108453817432746e-06,9.903035788738634e-06,1.5613486539223231e-06,1.5724330296507105e-05,9.247441084880847e-06,-4.166818143858109e-06,1.8837358766177204e-06,6.006925104884431e-06,6.12029543844983e-06,-1.1410533261368982e-05,-1.0543904863880016e-05,1.6287234757328406e-05,1.7186834156746045e-05,1.8977983927470632e-05,7.162702786445152e-06,-5.4262345656752586e-05,-4.033988807350397e-05,2.3486667487304658e-05,2.7787960789282806e-05,1.3217663763498422e-05,3.794581971305888e-06,-0.014269390143454075,0.010170984081923962,-0.004600763786584139,-0.004071416798979044,-0.0026558591052889824,-0.014000946655869484,0.002023381879553199,0.00041227630572393537,-0.01770487055182457,-0.0014741134364157915,0.004930640570819378,-0.005735278129577637,-0.0007056230679154396,0.002314666286110878,-0.014618746936321259,-0.0022631913889199495,0.008109076879918575,-0.014541259035468102,-0.005803491920232773,0.024440374225378036,0.009668625891208649,-0.014242401346564293,0.0019449046812951565,-0.009929530322551727,0.004679241217672825,0.014413222670555115,-0.019728252664208412,-0.001886389683932066,0.022635512053966522,-0.004261164925992489,-0.0056362636387348175,0.008049944415688515,-0.013913123868405819,-0.004577857442200184,0.02272782474756241,-0.012278067879378796,-0.013912568800151348,0.008737767115235329,-0.014771748334169388,-0.03868277370929718,-0.007723721209913492,0.004312871024012566,0.0027343365363776684,0.024342752993106842,-0.02440749481320381,-0.016299612820148468,0.042363762855529785,-0.002374775242060423,-0.02827177569270134,0.012311109341681004,-0.008276860229671001,-0.012627801857888699,0.0366409495472908,-0.007700210437178612,-0.03664039447903633,0.02101583406329155,0.022650334984064102,0.1023009642958641,0.08354209363460541,0.09041156619787216,0.08845414966344833,0.09460687637329102,0.0981820747256279,0.09579983353614807,0.10467001795768738,0.0909804180264473,0.0797266885638237,0.08471324294805527,0.1014741063117981,0.10819917172193527,0.11008666455745697,0.09984555840492249,0.11191479861736298,0.10637234151363373,0.09102615714073181,0.10497649759054184,-0.018758870661258698,-0.011889398097991943,0.004912056028842926,0.004195310175418854,0.009727925062179565,0.0011929571628570557,0.006487943232059479,-0.004819415509700775,-0.024943329393863678,-0.006267175078392029,0.021747417747974396,0.023485928773880005,0.008612558245658875,-0.008353613317012787,0.0018281340599060059,0.006526783108711243,-0.020888641476631165,-0.0013958439230918884,0.013950340449810028,0.006869472563266754,0.023670926690101624,0.016084708273410797,0.004815869033336639,-0.003002353012561798,-0.0032399818301200867,-0.006012372672557831,-0.03143127262592316,-0.0014477595686912537,0.046690747141838074,0.029753103852272034,-0.013134859502315521,-0.03183954209089279,-0.006784424185752869,0.01488039642572403,-0.02271677553653717,-0.007922627031803131,0.03483898192644119,0.015346184372901917,0.010465487837791443,0.006979281548410654,0.008174250833690166,0.007824135944247246,0.008950461633503437,0.009639720432460308,0.009177608415484428,0.010955813340842724,0.008277436718344688,0.006356345023959875,0.007176333572715521,0.01029699482023716,0.011707060970366001,0.01211907435208559,0.009969135746359825,0.01252492144703865,0.011315074749290943,0.008285761810839176,0.011020064353942871,-0.003486206289380789,-0.0022912370041012764,0.0008448543958365917,0.0007762107998132706,0.0018155844882130623,0.00022714678198099136,0.0013160929083824158,-0.00090017169713974,-0.004599468316882849,-0.0011011031456291676,0.003940649796277285,0.00453072739765048,0.0018220795318484306,-0.001737925224006176,0.00040584709495306015,0.001345939002931118,-0.004239159636199474,-0.00029501039534807205,0.002734302543103695,0.0011949692852795124,0.0043310606852173805,0.003067447803914547,0.0009707300923764706,-0.0005490640178322792,-0.0004994915798306465,-0.0011273184791207314,-0.0059155612252652645,-0.00020093144848942757,0.008540118113160133,0.005631830543279648,-0.002118570264428854,-0.006268652621656656,-0.0014162324368953705,0.003083864226937294,-0.0046450067311525345,-0.00164094939827919,0.006973462179303169,0.003029312938451767,0.22030210494995117,0.20903529226779938,-0.34329357743263245,-0.24182547628879547,-0.149496927857399,0.049526143819093704,-0.14397184550762177,0.022466834634542465,0.471819669008255,-0.12347815930843353,0.05255364999175072,0.36709344387054443,0.3967653214931488,-0.48644939064979553,-0.5840679407119751,0.23938243091106415,0.08866781741380692,0.11931471526622772,0.2299765795469284,-0.011266812682151794,-0.5635956525802612,-0.45086076855659485,0.19379664957523346,0.2913516163825989,0.005525082349777222,-0.02705930918455124,0.6157914996147156,-0.1459449976682663,-0.419266015291214,0.49057161808013916,0.3442116677761078,-0.8535428047180176,-0.9808332920074463,0.7258318066596985,0.6727357506752014,-0.12006771564483643,0.1413087546825409,0.11066186428070068,-0.5523288249969482,-0.43959397077560425,0.7573922872543335,0.7422124147415161,-0.18827156722545624,-0.3184109330177307,0.6102664470672607,-0.11888568848371506,-1.035057544708252,0.6365166306495667,0.7634776830673218,-1.3441144227981567,-1.3250449895858765,1.5793745517730713,1.653568983078003,-0.8458995223045349,-0.5314270257949829,0.2307295799255371,-0.03064689040184021,3.335325002670288,2.8968663215637207,2.668153762817383,3.0285558700561523,2.3041574954986572,1.9933115243911743,2.071378469467163,2.3089237213134766,3.2906951904296875,2.3829658031463623,2.3641088008880615,2.683746576309204,2.5601601600646973,3.646751880645752,3.3020474910736084,2.1340246200561523,2.3020167350769043,2.8463029861450195,3.0991921424865723,-0.4384586811065674,-0.6671712398529053,0.13168954849243164,-0.3639962673187256,-1.035244345664978,-0.23277902603149414,0.31561219692230225,1.2193167209625244,0.07404208183288574,-0.926586389541626,0.3007807731628418,0.19605135917663574,0.9630053043365479,0.7418873310089111,-1.5127272605895996,-1.000030755996704,0.7122783660888672,0.797175407409668,0.25288915634155273,-0.2287125587463379,0.570148229598999,0.3031749725341797,-1.1669338941574097,0.13121724128723145,1.3508565425872803,1.4520957469940186,-0.2415701150894165,-2.1459031105041504,0.22673869132995605,1.1226377487182617,0.662224531173706,0.5458359718322754,-2.4757325649261475,-1.7419180870056152,2.225005626678467,1.797206163406372,-0.45938920974731445,-0.5442862510681152,-14.258356094360352,10.149724006652832,-4.567257881164551,-4.077969551086426,-2.7328436374664307,-13.982736587524414,1.8733782768249512,0.45185092091560364,-17.783275604248047,-1.4721859693527222,4.912390232086182,-5.822585105895996,-0.7190428972244263,2.1940345764160156,-14.6144437789917,-2.203301191329956,8.065675735473633,-14.440860748291016,-5.827162742614746,24.4080810546875,9.6910982131958,-14.227693557739258,1.8344142436981201,-9.904767036437988,4.606222152709961,14.434587478637695,-19.656654357910156,-1.9240368604660034,22.69566535949707,-4.350399017333984,-5.631433010101318,8.016619682312012,-13.895401000976562,-4.397336006164551,22.680118560791016,-12.23755931854248,-13.892838478088379,8.61369800567627,-14.7169828414917,-38.635772705078125,-7.856683731079102,4.3229265213012695,2.771807909011841,24.33935546875,-24.262876510620117,-16.358623504638672,42.352317810058594,-2.4263620376586914,-28.327098846435547,12.367018699645996,-8.263967514038086,-12.413955688476562,36.57551956176758,-7.84022331237793,-36.57295608520508,20.85125732421875,22.50653648376465,-0.03861706703901291,0.031403809785842896,0.0007289733621291816,-0.005040734075009823,-0.005959961097687483,-0.025715742260217667,0.012603305280208588,0.011199954897165298,-0.03946211189031601,-0.004842264577746391,0.014981058426201344,-0.01966950297355652,-0.017473580315709114,0.02268027886748314,-0.018831368535757065,-0.01151411421597004,0.015267599374055862,-0.027101922780275345,-0.006641226354986429,0.0700208768248558,0.03934603929519653,-0.03644454479217529,-0.006688934285193682,-0.02067500725388527,0.018563266843557358,0.036915697157382965,-0.0520654171705246,-0.01604221947491169,0.05444316938519478,-0.014827238395810127,-0.03245463967323303,0.04234978184103966,-0.0013577882200479507,-0.03419439494609833,0.03409896790981293,-0.015587808564305305,-0.021908825263381004,0.020460696890950203,-0.03067483752965927,-0.1064654216170311,-0.04603497311472893,0.015769537538290024,0.025252200663089752,0.057590704411268234,-0.07062868773937225,-0.052957914769649506,0.10650858283042908,0.0012149810791015625,-0.08689780533313751,0.057177022099494934,0.03109685145318508,-0.07654418051242828,0.03545675426721573,0.018606586381793022,-0.05600779503583908,0.03604850545525551,0.04236952215433121
